日期,股票代码,名称,收盘价,最高价,最低价,开盘价,前收盘,涨跌额,涨跌幅,换手率,成交量,成交金额,总市值,流通市值
2019-04-10,'000605,渤海股份,11.07,11.21,10.91,11.01,11.12,-0.05,-0.4496,1.447,3950009,43679117.06,3903930702.0,3021971536.44
2019-04-09,'000605,渤海股份,11.12,11.21,10.98,11.05,11.0,0.12,1.0909,1.4768,4031497,44825454.44,3921563632.0,3035620911.04
2019-04-08,'000605,渤海股份,11.0,11.45,10.81,11.43,11.3,-0.3,-2.6549,2.3284,6356152,70370199.0,3879244600.0,3002862412.0
2019-04-04,'000605,渤海股份,11.3,11.6,11.26,11.55,11.51,-0.21,-1.8245,2.3606,6444227,73229584.25,3985042180.0,3084758659.6
2019-04-03,'000605,渤海股份,11.51,11.55,11.12,11.27,11.33,0.18,1.5887,2.86,7807521,88577148.38,4059100486.0,3142086032.92
2019-04-02,'000605,渤海股份,11.33,11.58,11.28,11.57,11.64,-0.31,-2.6632,4.0724,11117171,126725615.51,3995621938.0,3092948284.36
2019-04-01,'000605,渤海股份,11.64,11.76,11.31,11.5,11.62,0.02,0.1721,5.874,16035416,185112224.23,4104946104.0,3177574406.88
2019-03-29,'000605,渤海股份,11.62,11.76,10.8,10.88,10.97,0.65,5.9253,6.0968,16643400,188712553.93,4097892932.0,3172114657.04
2019-03-28,'000605,渤海股份,10.97,11.18,10.5,10.7,10.74,0.23,2.1415,3.3487,9141617,100192913.32,3868664842.0,2994672787.24
2019-03-27,'000605,渤海股份,10.74,10.74,10.33,10.63,10.57,0.17,1.6083,1.9384,5291511,56081400.18,3787553364.0,2931885664.08
2019-03-26,'000605,渤海股份,10.57,11.13,10.42,11.0,10.96,-0.39,-3.5584,2.792,7621906,81635423.14,3727601402.0,2885477790.44
2019-03-25,'000605,渤海股份,10.96,11.35,10.9,11.2,11.57,-0.61,-5.2723,3.7131,10136280,113020062.25,3865138256.0,2991942912.32
2019-03-22,'000605,渤海股份,11.57,11.8,10.76,11.19,11.25,0.32,2.8444,6.0001,16379545,185871729.14,4080260002.0,3158465282.44
2019-03-21,'000605,渤海股份,11.25,11.35,10.79,10.95,10.81,0.44,4.0703,6.1739,16854048,187314115.0,3967409250.0,3071109285.0
2019-03-20,'000605,渤海股份,10.81,10.83,10.28,10.57,10.62,0.19,1.7891,2.8452,7766981,81733255.6,3812239466.0,2950994788.52
2019-03-19,'000605,渤海股份,10.62,10.85,10.54,10.79,10.79,-0.17,-1.5755,2.7578,7528447,80207956.97,3745234332.0,2899127165.04
2019-03-18,'000605,渤海股份,10.79,10.96,10.51,10.6,10.61,0.18,1.6965,3.5951,9814267,105365392.78,3805186294.0,2945535038.68
2019-03-15,'000605,渤海股份,10.61,10.63,10.11,10.19,10.09,0.52,5.1536,3.5268,9627650,100669139.97,3741707746.0,2896397290.12
2019-03-14,'000605,渤海股份,10.09,10.67,9.89,10.27,10.51,-0.42,-3.9962,2.9965,8180108,83787118.6,3558325274.0,2754443794.28
2019-03-13,'000605,渤海股份,10.51,10.99,10.44,10.61,10.42,0.09,0.8637,4.9902,13622682,146179883.18,3706441886.0,2869098540.92
2019-03-12,'000605,渤海股份,10.42,10.74,10.22,10.47,10.3,0.12,1.165,3.1642,8637981,90608557.75,3674702612.0,2844529666.64
2019-03-11,'000605,渤海股份,10.3,10.34,9.77,9.77,9.77,0.53,5.4248,2.8329,7733392,78293090.65,3632383580.0,2811771167.6
2019-03-08,'000605,渤海股份,9.77,10.51,9.71,10.5,10.73,-0.96,-8.9469,3.7239,10165892,103536997.67,3445474522.0,2667087796.84
2019-03-07,'000605,渤海股份,10.73,10.89,10.56,10.6,10.81,-0.08,-0.7401,3.8152,10414960,111723063.27,3784026778.0,2929155789.16
2019-03-06,'000605,渤海股份,10.81,10.84,10.4,10.68,10.69,0.12,1.1225,4.2675,11649852,123988906.67,3812239466.0,2950994788.52
2019-03-05,'000605,渤海股份,10.69,10.69,10.41,10.48,10.52,0.17,1.616,3.0941,8446613,89425766.46,3769920434.0,2918236289.48
2019-03-04,'000605,渤海股份,10.52,10.7,10.38,10.54,10.35,0.17,1.6425,3.319,9060535,95546243.09,3709968472.0,2871828415.84
2019-03-01,'000605,渤海股份,10.35,10.49,10.22,10.48,10.35,0.0,0.0,1.6903,4614358,47705093.42,3650016510.0,2825420542.2
2019-02-28,'000605,渤海股份,10.35,10.52,10.23,10.4,10.48,-0.13,-1.2405,2.1951,5992228,62317331.48,3650016510.0,2825420542.2
2019-02-27,'000605,渤海股份,10.48,10.67,10.17,10.38,10.3,0.18,1.7476,3.464,9456324,98677075.07,3695862128.0,2860908916.16
2019-02-26,'000605,渤海股份,10.3,10.79,10.12,10.4,10.47,-0.17,-1.6237,5.0941,13906138,144761191.27,3632383580.0,2811771167.6
2019-02-25,'000605,渤海股份,10.47,10.78,9.84,9.91,9.86,0.61,6.1866,4.7276,12905657,131974026.92,3692335542.0,2858179041.24
2019-02-22,'000605,渤海股份,9.86,9.86,9.54,9.63,9.68,0.18,1.8595,2.1217,5791921,56250657.14,3477213796.0,2691656671.12
2019-02-21,'000605,渤海股份,9.68,9.87,9.56,9.62,9.61,0.07,0.7284,2.3712,6473172,63005315.03,3413735248.0,2642518922.56
2019-02-20,'000605,渤海股份,9.61,9.74,9.51,9.74,9.69,-0.08,-0.8256,1.331,3633520,34858029.4,3389049146.0,2623409798.12
2019-02-19,'000605,渤海股份,9.69,9.86,9.52,9.86,9.78,-0.09,-0.9202,2.2155,6048040,58618248.6,3417261834.0,2645248797.48
2019-02-18,'000605,渤海股份,9.78,9.8,9.49,9.58,9.49,0.29,3.0558,2.3212,6336476,61238569.98,3449001108.0,2669817671.76
2019-02-15,'000605,渤海股份,9.49,9.59,9.41,9.5,9.55,-0.06,-0.6283,1.3748,3753084,35645938.6,3346730114.0,2590651299.08
2019-02-14,'000605,渤海股份,9.55,9.66,9.36,9.5,9.52,0.03,0.3151,1.4543,3970124,37768647.21,3367889630.0,2607030548.6
2019-02-13,'000605,渤海股份,9.52,9.61,9.26,9.3,9.26,0.26,2.8078,1.9163,5231289,49278582.71,3357309872.0,2598840923.84
2019-02-12,'000605,渤海股份,9.26,9.36,9.15,9.26,9.24,0.02,0.2165,1.1679,3188291,29470861.98,3265618636.0,2527864175.92
2019-02-11,'000605,渤海股份,9.24,9.28,9.02,9.09,8.98,0.26,2.8953,1.1338,3095124,28464486.92,3258565464.0,2522404426.08
2019-02-01,'000605,渤海股份,8.98,9.0,8.75,8.77,8.68,0.3,3.4562,0.9578,2614564,23300190.36,3166874228.0,2451427678.16
2019-01-31,'000605,渤海股份,8.68,8.96,8.54,8.8,8.8,-0.12,-1.3636,1.6332,4458326,38949281.16,3061076648.0,2369531430.56
2019-01-30,'000605,渤海股份,8.8,9.34,8.8,9.18,9.26,-0.46,-4.9676,1.6132,4403764,39970300.68,3103395680.0,2402289929.6
2019-01-29,'000605,渤海股份,9.26,9.36,8.8,9.21,9.14,0.12,1.3129,1.7847,4872100,44511246.6,3265618636.0,2527864175.92
2019-01-28,'000605,渤海股份,9.14,9.71,9.12,9.61,9.69,-0.55,-5.676,2.2654,6184238,57999486.92,3223299604.0,2495105676.88
2019-01-25,'000605,渤海股份,9.69,10.26,9.68,10.08,9.88,-0.19,-1.9231,3.0877,8428990,84494872.82,3417261834.0,2645248797.48
2019-01-24,'000605,渤海股份,9.88,9.96,9.73,9.8,9.83,0.05,0.5086,1.7149,4681586,46231382.92,3484266968.0,2697116420.96
2019-01-23,'000605,渤海股份,9.83,9.95,9.62,9.81,9.89,-0.06,-0.6067,1.5291,4174334,40973773.82,3466634038.0,2683467046.36
2019-01-22,'000605,渤海股份,9.89,10.01,9.73,9.83,9.83,0.06,0.6104,2.1161,5776611,56979375.19,3487793554.0,2699846295.88
2019-01-21,'000605,渤海股份,9.83,9.98,9.68,9.95,9.86,-0.03,-0.3043,2.4515,6692191,65783242.53,3466634038.0,2683467046.36
2019-01-18,'000605,渤海股份,9.86,10.34,9.76,10.3,10.19,-0.33,-3.2385,3.7683,10286894,102518160.56,3477213796.0,2691656671.12
2019-01-17,'000605,渤海股份,10.19,10.54,10.05,10.35,10.75,-0.56,-5.2093,5.1298,14003839,143125501.33,3593591134.0,2781742543.48
2019-01-16,'000605,渤海股份,10.75,11.38,10.55,10.7,11.08,-0.33,-2.9783,8.884,24252199,265379068.61,3791079950.0,2934615539.0
2019-01-15,'000605,渤海股份,11.08,11.08,9.81,9.93,10.07,1.01,10.0298,9.6458,26331834,282777678.84,3907457288.0,3024701411.36
2019-01-14,'000605,渤海股份,10.07,10.3,9.52,9.73,9.94,0.13,1.3078,5.7431,15678064,155001610.4,3551272102.0,2748984044.44
2019-01-11,'000605,渤海股份,9.94,10.41,9.29,9.45,9.56,0.38,3.9749,6.8581,18721832,180083206.78,3505426484.0,2713495670.48
2019-01-10,'000605,渤海股份,9.56,9.56,8.6,8.69,8.69,0.87,10.0115,5.7893,15804168,149430936.66,3371416216.0,2609760423.52
2019-01-09,'000605,渤海股份,8.69,8.88,8.65,8.82,8.81,-0.12,-1.3621,1.5111,4125120,36235601.2,3064603234.0,2372261305.48
2019-01-08,'000605,渤海股份,8.81,8.81,8.51,8.79,8.8,0.01,0.1136,1.238,3379640,29361506.4,3106922266.0,2405019804.52
2019-01-07,'000605,渤海股份,8.8,8.87,8.73,8.8,8.75,0.05,0.5714,1.2707,3468961,30487888.77,3103395680.0,2402289929.6
2019-01-04,'000605,渤海股份,8.75,8.82,8.41,8.51,8.62,0.13,1.5081,1.6349,4462959,38684529.0,3085762750.0,2388640555.0
2019-01-03,'000605,渤海股份,8.62,9.0,8.61,8.99,9.08,-0.46,-5.0661,2.0129,5495012,48271439.44,3039917132.0,2353152181.04
2019-01-02,'000605,渤海股份,9.08,9.63,8.98,9.5,9.49,-0.41,-4.3203,3.145,8585394,80057545.02,3202140088.0,2478726427.36
2018-12-28,'000605,渤海股份,9.49,9.6,9.03,9.4,9.4,0.09,0.9574,2.916,7960246,74572102.54,3346730114.0,2590651299.08
2018-12-27,'000605,渤海股份,9.4,9.58,9.11,9.39,9.2,0.2,2.1739,3.5104,9582952,90257302.27,3314990840.0,2566082424.8
2018-12-26,'000605,渤海股份,9.2,9.59,8.65,8.65,8.73,0.47,5.3837,2.7709,7564171,69556047.38,3244459120.0,2511484926.4
2018-12-25,'000605,渤海股份,8.73,8.98,8.33,8.98,8.98,-0.25,-2.784,1.6364,4467054,38369118.86,3078709578.0,2383180805.16
2018-12-24,'000605,渤海股份,8.98,9.03,8.83,8.92,8.85,0.13,1.4689,0.8393,2291160,20494226.6,3166874228.0,2451427678.16
2018-12-21,'000605,渤海股份,8.85,9.07,8.75,8.99,9.05,-0.2,-2.2099,1.0081,2751861,24470570.82,3121028610.0,2415939304.2
2018-12-20,'000605,渤海股份,9.05,9.17,8.76,8.76,8.88,0.17,1.9144,1.298,3543511,31913417.57,3191560330.0,2470536802.6
2018-12-19,'000605,渤海股份,8.88,9.23,8.83,9.23,9.14,-0.26,-2.8446,1.5406,4205542,37869811.12,3131608368.0,2424128928.96
2018-12-18,'000605,渤海股份,9.14,9.53,9.07,9.5,9.67,-0.53,-5.4809,2.7109,7400498,68480634.38,3223299604.0,2495105676.88
2018-12-17,'000605,渤海股份,9.67,9.85,9.14,9.47,9.47,0.2,2.1119,2.6897,7342506,69725050.84,3410208662.0,2639789047.64
2018-12-14,'000605,渤海股份,9.47,10.13,9.31,9.69,9.6,-0.13,-1.3542,3.3427,9125170,88971834.35,3339676942.0,2585191549.24
2018-12-13,'000605,渤海股份,9.6,9.98,9.46,9.8,9.75,-0.15,-1.5385,3.1268,8535862,82491095.34,3385522560.0,2620679923.2
2018-12-12,'000605,渤海股份,9.75,10.45,9.75,9.9,9.78,-0.03,-0.3067,4.6742,12759984,128212405.22,3438421350.0,2661628047.0
2018-12-11,'000605,渤海股份,9.78,10.0,9.41,9.48,9.74,0.04,0.4107,3.4504,9419260,91063340.83,3449001108.0,2669817671.76
2018-12-10,'000605,渤海股份,9.74,9.98,9.53,9.96,10.13,-0.39,-3.85,4.612,12590197,122635885.22,3434894764.0,2658898172.08
2018-12-07,'000605,渤海股份,10.13,10.13,9.04,9.19,9.21,0.92,9.9891,5.6242,15353272,147714216.22,3572431618.0,2765363293.96
2018-12-06,'000605,渤海股份,9.21,9.45,8.96,9.06,9.17,0.04,0.4362,2.9243,7982895,73485940.86,3247985706.0,2514214801.32
2018-12-05,'000605,渤海股份,9.17,9.42,8.54,8.55,8.9,0.27,3.0337,3.1449,8585078,77352000.5,3233879362.0,2503295301.64
2018-12-04,'000605,渤海股份,8.9,9.05,8.44,8.54,8.54,0.36,4.2155,2.3109,6308598,55569832.86,3138661540.0,2429588678.8
2018-12-03,'000605,渤海股份,8.54,8.68,8.48,8.51,8.34,0.2,2.3981,1.3909,3797020,32484923.2,3011704444.0,2331313181.68
2018-11-30,'000605,渤海股份,8.34,8.47,8.05,8.41,8.39,-0.05,-0.5959,1.6162,4412020,36534731.2,2941172724.0,2276715683.28
2018-11-29,'000605,渤海股份,8.39,8.98,8.32,8.9,8.9,-0.51,-5.7303,2.2663,6186660,53224045.0,2958805654.0,2290365057.88
2018-11-28,'000605,渤海股份,8.9,9.17,8.61,9.17,9.21,-0.31,-3.3659,2.1965,5996118,53126090.06,3138661540.0,2429588678.8
2018-11-27,'000605,渤海股份,9.21,9.59,9.16,9.45,9.57,-0.36,-3.7618,3.2621,8904998,83135706.23,3247985706.0,2514214801.32
2018-11-26,'000605,渤海股份,9.57,9.65,8.72,9.0,9.05,0.52,5.7459,5.172,14118862,132825347.99,3374942802.0,2612490298.44
2018-11-23,'000605,渤海股份,9.05,9.39,8.63,8.64,8.71,0.34,3.9036,4.2299,11546967,104195934.5,3191560330.0,2470536802.6
2018-11-22,'000605,渤海股份,8.71,8.84,8.53,8.68,8.77,-0.06,-0.6842,1.702,4646326,40416623.89,3071656406.0,2377721055.32
2018-11-21,'000605,渤海股份,8.77,9.16,8.3,8.6,9.0,-0.23,-2.5556,2.9983,8184991,70716726.85,3092815922.0,2394100304.84
2018-11-20,'000605,渤海股份,9.0,9.8,9.0,9.23,9.05,-0.05,-0.5525,6.0355,16476059,153619973.91,3173927400.0,2456887428.0
2018-11-19,'000605,渤海股份,9.05,9.05,8.17,8.3,8.23,0.82,9.9635,4.3058,11754373,101152559.62,3191560330.0,2470536802.6
2018-11-16,'000605,渤海股份,8.23,8.4,8.07,8.18,8.15,0.08,0.9816,2.2177,6054024,49697424.4,2902380278.0,2246687059.16
2018-11-15,'000605,渤海股份,8.15,8.18,8.01,8.09,8.05,0.1,1.2422,1.826,4984619,40559954.33,2874167590.0,2224848059.8
2018-11-14,'000605,渤海股份,8.05,8.18,8.03,8.1,8.21,-0.16,-1.9488,2.0417,5573500,45098165.6,2838901730.0,2197549310.6
2018-11-13,'000605,渤海股份,8.21,8.29,8.01,8.02,8.32,-0.11,-1.3221,3.8895,10617718,86643352.02,2895327106.0,2241227309.32
2018-11-12,'000605,渤海股份,8.32,8.36,7.8,7.87,8.07,0.25,3.0979,5.3652,14646250,118428628.87,2934119552.0,2271255933.44
2018-11-09,'000605,渤海股份,8.07,8.07,7.61,7.61,7.34,0.73,9.9455,5.3197,14522053,115009562.04,2845954902.0,2203009060.44
2018-11-08,'000605,渤海股份,7.34,7.46,7.25,7.38,7.38,-0.04,-0.542,0.5512,1504620,11096238.6,2588514124.0,2003728191.28
2018-11-07,'000605,渤海股份,7.38,7.48,7.32,7.47,7.43,-0.05,-0.6729,0.7993,2181895,16156303.32,2602620468.0,2014647690.96
2018-11-06,'000605,渤海股份,7.43,7.43,7.18,7.36,7.37,0.06,0.8141,1.0962,2992366,21830803.4,2620253398.0,2028297065.56
2018-11-05,'000605,渤海股份,7.37,7.43,7.23,7.34,7.33,0.04,0.5457,1.1562,3156286,23100705.42,2599093882.0,2011917816.04
2018-11-02,'000605,渤海股份,7.33,7.33,7.15,7.2,7.13,0.2,2.805,1.1359,3100900,22438914.8,2584987538.0,2000998316.36
2018-11-01,'000605,渤海股份,7.13,7.23,7.07,7.11,7.06,0.07,0.9915,0.7978,2177900,15567604.0,2514455818.0,1946400817.96
2018-10-31,'000605,渤海股份,7.06,7.13,6.95,7.02,7.08,-0.02,-0.2825,0.6313,1723306,12175032.24,2489769716.0,1927291693.52
2018-10-30,'000605,渤海股份,7.08,7.1,6.83,7.04,7.04,0.04,0.5682,0.5291,1444283,10108841.37,2496822888.0,1932751443.36
2018-10-29,'000605,渤海股份,7.04,7.13,6.95,7.09,7.1,-0.06,-0.8451,0.3381,923003,6506711.37,2482716544.0,1921831943.68
2018-10-26,'000605,渤海股份,7.1,7.19,7.04,7.11,7.05,0.05,0.7092,0.4588,1252520,8904430.31,2503876060.0,1938211193.2
2018-10-25,'000605,渤海股份,7.05,7.09,6.82,6.96,7.21,-0.16,-2.2191,0.5294,1445089,10068319.84,2486243130.0,1924561818.6
2018-10-24,'000605,渤海股份,7.21,7.21,7.02,7.09,7.08,0.13,1.8362,0.6218,1697520,12088542.0,2542668506.0,1968239817.32
2018-10-23,'000605,渤海股份,7.08,7.37,7.02,7.25,7.26,-0.18,-2.4793,0.7625,2081662,14995815.32,2496822888.0,1932751443.36
2018-10-22,'000605,渤海股份,7.26,7.35,7.02,7.11,6.97,0.29,4.1607,0.8511,2323425,16716681.3,2560301436.0,1981889191.92
2018-10-19,'000605,渤海股份,6.97,6.97,6.71,6.85,6.85,0.12,1.7518,0.4112,1122600,7699990.0,2458030442.0,1902722819.24
2018-10-18,'000605,渤海股份,6.85,7.01,6.82,7.01,6.98,-0.13,-1.8625,0.4225,1153394,7937985.77,2415711410.0,1869964320.2
2018-10-17,'000605,渤海股份,6.98,7.07,6.85,7.07,6.96,0.02,0.2874,0.68,1856183,12923650.47,2461557028.0,1905452694.16
2018-10-16,'000605,渤海股份,6.96,7.04,6.91,7.0,6.97,-0.01,-0.1435,0.6591,1799318,12545138.8,2454503856.0,1899992944.32
2018-10-15,'000605,渤海股份,6.97,7.04,6.86,6.99,6.96,0.01,0.1437,0.6304,1720890,12006326.85,2458030442.0,1902722819.24
2018-10-12,'000605,渤海股份,6.96,7.37,6.66,7.22,7.37,-0.41,-5.5631,1.4205,3877673,26850884.05,2454503856.0,1899992944.32
2018-10-11,'000605,渤海股份,7.37,7.8,7.26,7.8,8.07,-0.7,-8.6741,0.9698,2647308,19923865.95,2599093882.0,2011917816.04
2018-10-10,'000605,渤海股份,8.07,8.13,7.92,8.02,7.99,0.08,1.0013,0.2848,777446,6256355.32,2845954902.0,2203009060.44
2018-10-09,'000605,渤海股份,7.99,8.12,7.94,8.11,8.0,-0.01,-0.125,0.3048,832089,6681473.41,2817742214.0,2181170061.08
2018-10-08,'000605,渤海股份,8.0,8.22,8.0,8.21,8.29,-0.29,-3.4982,0.418,1141215,9263339.8,2821268800.0,2183899936.0
2018-09-28,'000605,渤海股份,8.29,8.3,8.15,8.18,8.13,0.16,1.968,0.3672,1002312,8263103.85,2923539794.0,2263066308.68
2018-09-27,'000605,渤海股份,8.13,8.5,8.12,8.45,8.45,-0.32,-3.787,0.524,1430540,11837060.46,2867114418.0,2219388309.96
2018-09-26,'000605,渤海股份,8.45,8.54,8.42,8.47,8.5,-0.05,-0.5882,0.4624,1262321,10697167.03,2979965170.0,2306744307.4
2018-09-25,'000605,渤海股份,8.5,8.5,8.34,8.46,8.45,0.05,0.5917,0.4191,1144120,9659035.6,2997598100.0,2320393682.0
2018-09-21,'000605,渤海股份,8.45,8.55,8.36,8.39,8.35,0.1,1.1976,0.523,1427640,12036967.4,2979965170.0,2306744307.4
2018-09-20,'000605,渤海股份,8.35,8.47,8.35,8.41,8.43,-0.08,-0.949,0.3915,1068740,8976792.6,2944699310.0,2279445558.2
2018-09-19,'000605,渤海股份,8.43,8.53,8.26,8.32,8.33,0.1,1.2005,0.5097,1391415,11725308.85,2972911998.0,2301284557.56
2018-09-18,'000605,渤海股份,8.33,8.36,8.04,8.04,8.16,0.17,2.0833,0.5042,1376397,11382061.15,2937646138.0,2273985808.36
2018-09-17,'000605,渤海股份,8.16,8.4,8.14,8.4,8.49,-0.33,-3.8869,0.55,1501394,12313046.97,2877694176.0,2227577934.72
2018-09-14,'000605,渤海股份,8.49,8.74,8.49,8.53,8.52,-0.03,-0.3521,0.5543,1513093,12995765.77,2994071514.0,2317663807.08
2018-09-13,'000605,渤海股份,8.52,8.55,8.44,8.49,8.42,0.1,1.1876,0.3743,1021687,8675702.04,3004651272.0,2325853431.84
2018-09-12,'000605,渤海股份,8.42,8.48,8.34,8.38,8.37,0.05,0.5974,0.2966,809756,6807713.8,2969385412.0,2298554682.64
2018-09-11,'000605,渤海股份,8.37,8.53,8.35,8.5,8.46,-0.09,-1.0638,0.3799,1037037,8722376.01,2951752482.0,2284905308.04
2018-09-10,'000605,渤海股份,8.46,8.81,8.41,8.76,8.79,-0.33,-3.7543,0.4652,1269908,10934861.8,2983491756.0,2309474182.32
2018-09-07,'000605,渤海股份,8.79,8.9,8.73,8.82,8.82,-0.03,-0.3401,0.4397,1200340,10572128.4,3099869094.0,2399560054.68
2018-09-06,'000605,渤海股份,8.82,9.02,8.7,8.93,8.91,-0.09,-1.0101,0.5562,1518363,13441519.37,3110448852.0,2407749679.44
2018-09-05,'000605,渤海股份,8.91,9.2,8.78,9.13,9.13,-0.22,-2.4096,0.3804,1038383,9367249.32,3142188126.0,2432318553.72
2018-09-04,'000605,渤海股份,9.13,9.17,8.95,9.05,9.09,0.04,0.44,0.3955,1079623,9817368.28,3219773018.0,2492375801.96
2018-09-03,'000605,渤海股份,9.09,9.48,8.7,8.96,8.96,0.13,1.4509,0.7015,1915137,17247403.44,3205666674.0,2481456302.28
2018-08-31,'000605,渤海股份,8.96,9.12,8.95,9.04,9.05,-0.09,-0.9945,0.396,1081100,9761570.4,3159821056.0,2445967928.32
2018-08-30,'000605,渤海股份,9.05,9.35,9.03,9.35,9.36,-0.31,-3.312,0.6228,1700201,15562569.53,3191560330.0,2470536802.6
2018-08-29,'000605,渤海股份,9.36,9.57,9.24,9.4,9.37,-0.01,-0.1067,0.869,2372240,22323926.2,3300884496.0,2555162925.12
2018-08-28,'000605,渤海股份,9.37,9.53,9.31,9.36,9.36,0.01,0.1068,0.5164,1409760,13249369.6,3304411082.0,2557892800.04
2018-08-27,'000605,渤海股份,9.36,9.4,9.21,9.25,9.24,0.12,1.2987,0.4858,1326081,12376159.83,3300884496.0,2555162925.12
2018-08-24,'000605,渤海股份,9.24,9.35,9.17,9.24,9.25,-0.01,-0.1081,0.6142,1676700,15536410.2,3258565464.0,2522404426.08
2018-08-23,'000605,渤海股份,9.25,9.25,8.97,9.0,9.06,0.19,2.0971,0.6354,1734631,15875631.49,3262092050.0,2525134301.0
2018-08-22,'000605,渤海股份,9.06,9.24,9.06,9.2,9.26,-0.2,-2.1598,0.47,1283000,11718893.2,3195086916.0,2473266677.52
2018-08-21,'000605,渤海股份,9.26,9.33,9.14,9.25,9.3,-0.04,-0.4301,0.6328,1727580,15979658.2,3265618636.0,2527864175.92
2018-08-20,'000605,渤海股份,9.3,9.36,8.95,9.1,9.34,-0.04,-0.4283,0.922,2517000,22939958.2,3279724980.0,2538783675.6
2018-08-17,'000605,渤海股份,9.34,9.62,9.23,9.62,9.62,-0.28,-2.9106,1.0074,2750140,25933496.8,3293831324.0,2549703175.28
2018-08-16,'000605,渤海股份,9.62,9.88,9.31,9.57,9.59,0.03,0.3128,1.1316,3089162,29626866.66,3392575732.0,2626139673.04
2018-08-15,'000605,渤海股份,9.59,9.93,9.36,9.42,9.41,0.18,1.9129,1.9236,5251320,50879199.8,3381995974.0,2617950048.28
2018-08-14,'000605,渤海股份,9.41,9.46,9.31,9.39,9.39,0.02,0.213,0.5232,1428340,13432967.0,3318517426.0,2568812299.72
2018-08-13,'000605,渤海股份,9.39,9.42,9.18,9.35,9.46,-0.07,-0.74,0.5736,1565804,14579360.36,3311464254.0,2563352549.88
2018-08-10,'000605,渤海股份,9.46,9.52,9.36,9.36,9.39,0.07,0.7455,0.5171,1411680,13301535.8,3336150356.0,2582461674.32
2018-08-09,'000605,渤海股份,9.39,9.48,9.02,9.21,9.26,0.13,1.4039,0.7455,2035160,19051495.8,3311464254.0,2563352549.88
2018-08-08,'000605,渤海股份,9.26,9.6,9.25,9.3,9.34,-0.08,-0.8565,0.8302,2266320,21303379.2,3265618636.0,2527864175.92
2018-08-07,'000605,渤海股份,9.34,9.35,8.98,9.17,9.17,0.17,1.8539,0.6719,1834260,16913666.8,3293831324.0,2549703175.28
2018-08-06,'000605,渤海股份,9.17,9.61,9.01,9.61,9.6,-0.43,-4.4792,0.833,2274033,20925558.43,3233879362.0,2503295301.64
2018-08-03,'000605,渤海股份,9.6,9.81,9.58,9.61,9.72,-0.12,-1.2346,0.5588,1525440,14754913.0,3385522560.0,2620679923.2
2018-08-02,'000605,渤海股份,9.72,10.18,9.5,10.17,10.19,-0.47,-4.6124,1.1303,3085553,30244153.18,3427841592.0,2653438422.24
2018-08-01,'000605,渤海股份,10.19,10.55,10.18,10.5,10.44,-0.25,-2.3946,0.6839,1867060,19379328.19,3593591134.0,2781742543.48
2018-07-31,'000605,渤海股份,10.44,10.47,10.18,10.18,10.29,0.15,1.4577,0.7264,1983021,20499187.54,3681755784.0,2849989416.48
2018-07-30,'000605,渤海股份,10.29,10.58,10.16,10.54,10.47,-0.18,-1.7192,0.8505,2321867,24000260.3,3628856994.0,2809041292.68
2018-07-27,'000605,渤海股份,10.47,10.65,10.46,10.65,10.59,-0.12,-1.1331,0.8643,2359361,24857460.47,3692335542.0,2858179041.24
2018-07-26,'000605,渤海股份,10.59,10.79,10.33,10.51,10.48,0.11,1.0496,1.4311,3906666,41336484.23,3734654574.0,2890937540.28
2018-07-25,'000605,渤海股份,10.48,10.8,10.45,10.5,10.47,0.01,0.0955,1.3348,3643820,38588376.91,3695862128.0,2860908916.16
2018-07-24,'000605,渤海股份,10.47,10.55,10.21,10.36,10.37,0.1,0.9643,1.2767,3485248,36526145.74,3692335542.0,2858179041.24
2018-07-23,'000605,渤海股份,10.37,10.39,10.12,10.19,10.2,0.17,1.6667,0.7718,2107021,21716790.7,3657069682.0,2830880292.04
2018-07-20,'000605,渤海股份,10.2,10.36,10.03,10.05,10.12,0.08,0.7905,0.6522,1780513,18176545.76,3597117720.0,2784472418.4
2018-07-19,'000605,渤海股份,10.12,10.32,10.02,10.32,10.31,-0.19,-1.8429,0.6545,1786580,18116336.8,3568905032.0,2762633419.04
2018-07-18,'000605,渤海股份,10.31,10.53,10.26,10.26,10.26,0.05,0.4873,0.915,2497920,25992941.6,3635910166.0,2814501042.52
2018-07-17,'000605,渤海股份,10.26,10.4,10.16,10.25,10.3,-0.04,-0.3883,0.5252,1433660,14716476.4,3618277236.0,2800851667.92
2018-07-16,'000605,渤海股份,10.3,10.44,10.25,10.37,10.38,-0.08,-0.7707,0.5374,1467040,15126916.8,3632383580.0,2811771167.6
2018-07-13,'000605,渤海股份,10.38,10.52,10.31,10.31,10.52,-0.14,-1.3308,0.8243,2250200,23420395.4,3660596268.0,2833610166.96
2018-07-12,'000605,渤海股份,10.52,10.88,10.01,10.09,10.04,0.48,4.7809,1.5213,4152960,43194855.0,3709968472.0,2871828415.84
2018-07-11,'000605,渤海股份,10.04,10.48,9.81,10.48,10.61,-0.57,-5.3723,1.3331,3639241,36730903.23,3540692344.0,2740794419.68
2018-07-10,'000605,渤海股份,14.9,14.97,14.59,14.59,14.78,0.12,0.8119,0.9849,1920500,28362127.0,3753295100.0,2905366883.4
2018-07-09,'000605,渤海股份,14.78,14.79,14.52,14.64,14.52,0.26,1.7906,1.0991,2143105,31419134.29,3723067220.0,2881967955.48
2018-07-06,'000605,渤海股份,14.52,14.54,13.55,13.85,13.86,0.66,4.7619,1.3683,2668121,37939503.86,3657573480.0,2831270278.32
2018-07-05,'000605,渤海股份,13.86,14.58,13.85,14.44,14.44,-0.58,-4.0166,0.7212,1406300,19930505.57,3491320140.0,2702576174.76
2018-07-04,'000605,渤海股份,14.44,14.83,14.36,14.83,14.55,-0.11,-0.756,0.8786,1713160,24895872.31,3637421560.0,2815670993.04
2018-07-03,'000605,渤海股份,14.55,14.75,14.26,14.26,14.31,0.24,1.6771,1.2542,2445545,35596123.82,3665130450.0,2837120010.3
2018-07-02,'000605,渤海股份,14.31,14.67,14.18,14.51,14.51,-0.2,-1.3784,1.0922,2129601,30711989.2,3604674690.0,2790322154.46
2018-06-29,'000605,渤海股份,14.51,14.54,14.01,14.01,14.11,0.4,2.8349,1.3029,2540621,36439881.33,3655054490.0,2829320367.66
2018-06-28,'000605,渤海股份,14.11,14.53,13.93,14.0,13.98,0.13,0.9299,1.1365,2216072,31625262.29,3554294890.0,2751323941.26
2018-06-27,'000605,渤海股份,13.98,14.23,13.94,14.18,14.14,-0.16,-1.1315,0.749,1460467,20563697.65,3521548020.0,2725975102.68
2018-06-26,'000605,渤海股份,14.14,14.22,13.51,13.68,13.91,0.23,1.6535,1.022,1992900,27815649.99,3561851860.0,2757173673.24
2018-06-25,'000605,渤海股份,13.91,14.27,13.89,14.2,14.0,-0.09,-0.6429,0.9068,1768177,24822734.82,3503915090.0,2712325728.06
2018-06-22,'000605,渤海股份,14.0,14.04,13.31,13.71,13.71,0.29,2.1152,1.0557,2058584,28492100.09,3526586000.0,2729874924.0
2018-06-21,'000605,渤海股份,13.71,14.26,13.56,13.8,13.85,-0.14,-1.0108,1.3441,2620778,36498412.12,3453535290.0,2673327514.86
2018-06-20,'000605,渤海股份,13.85,13.98,13.42,13.42,13.42,0.43,3.2042,1.3684,2668303,36709205.94,3488801150.0,2700626264.1
2018-06-19,'000605,渤海股份,13.42,14.6,13.42,14.6,14.91,-1.49,-9.9933,1.7772,3465400,48105464.99,3380484580.0,2616780105.72
2018-06-15,'000605,渤海股份,14.91,15.1,14.5,14.84,14.7,0.21,1.4286,1.375,2681186,39728888.7,3755814090.0,2907316794.06
2018-06-14,'000605,渤海股份,14.7,15.48,14.66,15.17,15.25,-0.55,-3.6066,1.5068,2938093,44082730.24,3702915300.0,2866368670.2
2018-06-13,'000605,渤海股份,15.25,15.87,15.23,15.87,15.93,-0.68,-4.2687,1.0481,2043610,31763334.6,3841459750.0,2973613756.5
2018-06-12,'000605,渤海股份,15.93,15.93,15.61,15.61,15.67,0.26,1.6592,0.9598,1871527,29586183.52,4012751070.0,3106207681.38
2018-06-11,'000605,渤海股份,15.67,16.12,15.6,16.12,16.07,-0.4,-2.4891,1.0382,2024441,31991236.72,3947257330.0,3055510004.22
2018-06-08,'000605,渤海股份,16.07,16.43,15.91,16.23,16.23,-0.16,-0.9858,1.0716,2089500,33706488.0,4048016930.0,3133506430.62
2018-06-07,'000605,渤海股份,16.23,17.07,16.18,16.99,16.92,-0.69,-4.078,1.9216,3747037,61839874.63,4088320770.0,3164705001.18
2018-06-06,'000605,渤海股份,16.92,17.23,16.9,17.23,17.03,-0.11,-0.6459,1.0802,2106283,35998257.88,4262131080.0,3299248836.72
2018-06-05,'000605,渤海股份,17.03,17.11,16.78,16.78,16.78,0.25,1.4899,0.8344,1626924,27641798.11,4289839970.0,3320697853.98
2018-06-04,'000605,渤海股份,16.78,17.09,16.7,16.9,17.09,-0.31,-1.8139,1.0206,1990014,33626491.81,4226865220.0,3271950087.48
2018-06-01,'000605,渤海股份,17.09,17.29,16.8,16.94,17.14,-0.05,-0.2917,1.3074,2549345,43470827.19,4304953910.0,3332397317.94
2018-05-31,'000605,渤海股份,17.14,17.26,16.86,17.0,16.78,0.36,2.1454,1.3803,2691500,45989045.44,4317548860.0,3342146871.24
2018-05-30,'000605,渤海股份,16.78,17.94,16.56,17.94,18.33,-1.55,-8.4561,3.0395,5926785,101548783.77,4226865220.0,3271950087.48
2018-05-29,'000605,渤海股份,18.33,19.0,18.26,19.0,19.26,-0.93,-4.8287,3.3062,6446798,120249603.37,4617308670.0,3574186239.78
2018-05-28,'000605,渤海股份,19.26,19.6,18.4,18.7,18.34,0.92,5.0164,4.9032,9560748,181533951.89,4851574740.0,3755527931.16
2018-05-25,'000605,渤海股份,18.34,18.96,18.31,18.62,18.49,-0.15,-0.8112,2.2099,4309157,80060191.61,4619827660.0,3576136150.44
2018-05-24,'000605,渤海股份,18.49,18.8,18.01,18.01,18.11,0.38,2.0983,2.1495,4191356,76937022.1,4657612510.0,3605384810.34
2018-05-23,'000605,渤海股份,18.11,18.78,18.11,18.51,18.77,-0.66,-3.5162,2.2866,4458704,81864200.76,4561890890.0,3531288205.26
2018-05-22,'000605,渤海股份,18.77,19.4,18.03,18.33,18.37,0.4,2.1775,3.7326,7278252,135798022.69,4728144230.0,3659982308.82
2018-05-21,'000605,渤海股份,18.37,18.96,18.28,18.42,18.28,0.09,0.4923,3.8502,7507612,139453351.46,4627384630.0,3581985882.42
2018-05-18,'000605,渤海股份,18.28,18.29,17.69,17.9,18.1,0.18,0.9945,2.5728,5016702,90548442.18,4604713720.0,3564436686.48
2018-05-17,'000605,渤海股份,18.1,18.47,17.85,17.85,17.69,0.41,2.3177,3.668,7152240,129934168.98,4559371900.0,3529338294.6
2018-05-16,'000605,渤海股份,17.69,18.5,17.04,17.17,17.19,0.5,2.9087,3.125,6093527,108760887.75,4456093310.0,3449391957.54
2018-05-15,'000605,渤海股份,17.19,17.19,16.85,16.89,16.87,0.32,1.8969,1.0452,2038099,34704423.99,4330143810.0,3351896424.54
2018-05-14,'000605,渤海股份,16.87,17.6,16.84,17.55,17.55,-0.68,-3.8746,1.7706,3452494,59610444.57,4249536130.0,3289499283.42
2018-05-11,'000605,渤海股份,17.55,17.92,17.52,17.87,17.75,-0.2,-1.1268,1.1865,2313664,40919845.52,4420827450.0,3422093208.3
2018-05-10,'000605,渤海股份,17.75,17.97,17.7,17.9,17.85,-0.1,-0.5602,1.6477,3212847,57210059.02,4471207250.0,3461091421.5
2018-05-09,'000605,渤海股份,17.85,17.94,17.32,17.68,17.67,0.18,1.0187,2.3777,4636389,81893506.13,4496397150.0,3480590528.1
2018-05-08,'000605,渤海股份,17.67,17.7,17.04,17.1,16.99,0.68,4.0024,2.5865,5043347,88027001.44,4451055330.0,3445492136.22
2018-05-07,'000605,渤海股份,16.99,17.08,16.86,16.86,16.85,0.14,0.8309,1.3734,2678100,45567963.99,4279764010.0,3312898211.34
2018-05-04,'000605,渤海股份,16.85,17.4,16.84,17.38,17.36,-0.51,-2.9378,2.0592,4015351,68158342.02,4244498150.0,3285599462.1
2018-05-03,'000605,渤海股份,17.36,17.58,16.7,17.5,17.35,0.01,0.0576,2.0188,3936556,67289154.95,4372966640.0,3385044905.76
2018-05-02,'000605,渤海股份,17.35,18.13,17.25,17.64,17.69,-0.34,-1.922,2.102,4098625,72159823.15,4370447650.0,3383094995.1
2018-04-27,'000605,渤海股份,17.69,18.2,16.79,17.0,16.76,0.93,5.5489,3.4682,6762608,118073890.79,4456093310.0,3449391957.54
2018-04-26,'000605,渤海股份,16.76,18.13,16.68,18.0,17.94,-1.18,-6.5775,3.2719,6379954,110720204.77,4221827240.0,3268050266.16
2018-04-25,'000605,渤海股份,17.94,18.29,17.64,17.64,17.83,0.11,0.6169,2.6682,5202690,93567160.33,4519068060.0,3498139724.04
2018-04-24,'000605,渤海股份,17.83,18.04,17.31,17.31,17.85,-0.02,-0.112,3.1926,6225246,110579890.47,4491359170.0,3476690706.78
2018-04-23,'000605,渤海股份,17.85,19.77,17.85,19.7,19.83,-1.98,-9.9849,4.795,9349824,174847295.08,4496397150.0,3480590528.1
2018-04-20,'000605,渤海股份,19.83,20.3,19.61,19.77,20.09,-0.26,-1.2942,5.4456,10618432,212523347.12,4995157170.0,3866672838.78
2018-04-19,'000605,渤海股份,20.09,20.3,18.58,18.68,18.7,1.39,7.4332,8.5823,16734676,328512416.91,5060650910.0,3917370515.94
2018-04-18,'000605,渤海股份,18.7,18.72,17.04,17.51,17.48,1.22,6.9794,5.5165,10756662,192143721.5,4710511300.0,3646332934.2
2018-04-17,'000605,渤海股份,17.48,18.96,17.4,18.95,19.01,-1.53,-8.0484,4.0289,7856036,143997353.6,4403194520.0,3408443833.68
2018-04-16,'000605,渤海股份,19.01,19.11,18.62,18.77,18.86,0.15,0.7953,2.5941,5058277,95509601.46,4788599990.0,3706780164.66
2018-04-13,'000605,渤海股份,18.86,19.25,18.73,19.05,19.03,-0.17,-0.8933,3.0379,5923729,112562553.85,4750815140.0,3677531504.76
2018-04-12,'000605,渤海股份,19.03,19.87,19.01,19.86,19.72,-0.69,-3.499,3.9232,7649986,148294614.4,4793637970.0,3710679985.98
2018-04-11,'000605,渤海股份,19.72,19.9,19.36,19.63,19.65,0.07,0.3562,4.3261,8435578,165895910.9,4967448280.0,3845223821.52
2018-04-10,'000605,渤海股份,19.65,20.06,19.21,19.86,19.94,-0.29,-1.4544,4.6108,8990623,176154135.49,4949815350.0,3831574446.9
2018-04-09,'000605,渤海股份,19.94,20.26,19.11,19.69,20.28,-0.34,-1.6765,5.482,10689485,210452225.74,5022866060.0,3888121856.04
2018-04-04,'000605,渤海股份,20.28,20.89,20.09,20.3,20.35,-0.07,-0.344,7.1976,14034631,287516553.84,5108511720.0,3954418818.48
2018-04-03,'000605,渤海股份,20.35,21.4,20.26,20.98,21.52,-1.17,-5.4368,9.6519,18820362,389826983.19,5126144650.0,3968068193.1
2018-04-02,'000605,渤海股份,21.52,23.0,20.5,21.0,21.02,0.5,2.3787,15.7053,30623939,662607610.61,5420866480.0,4196207740.32
2018-03-30,'000605,渤海股份,21.02,21.02,20.11,20.39,19.11,1.91,9.9948,4.7058,9175882,190026523.01,5294916980.0,4098712207.32
2018-03-29,'000605,渤海股份,19.11,19.11,17.32,18.0,17.37,1.74,10.0173,6.6909,13046675,236144679.64,4813789890.0,3726279271.26
2018-03-28,'000605,渤海股份,17.37,17.37,15.51,15.51,15.79,1.58,10.0063,3.126,6095332,102133586.62,4375485630.0,3386994816.42
2018-03-27,'000605,渤海股份,15.79,16.04,15.65,15.9,15.55,0.24,1.5434,1.4873,2900159,45951446.67,3977485210.0,3078908932.14
2018-03-26,'000605,渤海股份,15.55,15.85,13.8,14.9,15.23,0.32,2.1011,1.8613,3629341,54501196.39,3917029450.0,3032111076.3
2018-03-23,'000605,渤海股份,15.23,16.33,15.23,16.01,16.92,-1.69,-9.9882,2.6355,5139049,80729462.57,3836421770.0,2969713935.18
2018-03-22,'000605,渤海股份,16.92,17.22,16.84,16.88,17.04,-0.12,-0.7042,1.3875,2705557,45840639.57,4262131080.0,3299248836.72
2018-03-21,'000605,渤海股份,17.04,17.58,17.0,17.23,17.32,-0.28,-1.6166,1.7926,3495381,60515677.87,4292358960.0,3322647764.64
2018-03-20,'000605,渤海股份,17.32,17.63,16.82,16.9,17.13,0.19,1.1092,1.9242,3752064,64569198.94,4362890680.0,3377245263.12
2018-03-19,'000605,渤海股份,17.13,17.29,16.82,17.12,17.15,-0.02,-0.1166,1.4147,2758506,47217138.27,4315029870.0,3340196960.58
2018-03-16,'000605,渤海股份,17.15,17.46,16.94,17.3,17.47,-0.32,-1.8317,1.9038,3712189,63803340.3,4320067850.0,3344096781.9
2018-03-15,'000605,渤海股份,17.47,17.85,17.0,17.14,17.12,0.35,2.0444,3.0641,5974721,104523987.34,4400675530.0,3406493923.02
2018-03-14,'000605,渤海股份,17.12,17.27,16.92,16.99,16.99,0.13,0.7652,1.5399,3002612,51348451.52,4312510880.0,3338247049.92
2018-03-13,'000605,渤海股份,16.99,17.5,16.99,17.49,17.63,-0.64,-3.6302,2.7038,5272228,90848416.49,4279764010.0,3312898211.34
2018-03-12,'000605,渤海股份,17.63,17.82,17.21,17.35,17.65,-0.02,-0.1133,3.5124,6848849,119488469.9,4440979370.0,3437692493.58
2018-03-09,'000605,渤海股份,17.65,18.55,17.65,18.16,17.75,-0.1,-0.5634,7.0665,13779062,249577802.28,4446017350.0,3441592314.9
2018-03-08,'000605,渤海股份,17.75,17.75,16.05,16.1,16.14,1.61,9.9752,5.3975,10524572,179952207.31,4471207250.0,3461091421.5
2018-03-07,'000605,渤海股份,16.14,16.55,16.1,16.33,16.47,-0.33,-2.0036,1.4932,2911610,47538477.76,4065649860.0,3147155805.24
2018-03-06,'000605,渤海股份,16.47,16.74,16.19,16.5,16.37,0.1,0.6109,2.2954,4475773,73716727.0,4148776530.0,3211502857.02
2018-03-05,'000605,渤海股份,16.37,16.56,16.2,16.4,16.46,-0.09,-0.5468,1.5055,2935585,47945023.43,4123586630.0,3192003750.42
2018-03-02,'000605,渤海股份,16.46,16.6,16.08,16.17,16.24,0.22,1.3547,2.4248,4728238,77406461.1,4146257540.0,3209552946.36
2018-03-01,'000605,渤海股份,16.24,16.3,15.95,16.06,16.21,0.03,0.1851,1.4983,2921590,47299986.75,4090839760.0,3166654911.84
2018-02-28,'000605,渤海股份,16.21,16.6,15.8,16.0,16.25,-0.04,-0.2462,2.2478,4383000,71210472.66,4083282790.0,3160805179.86
2018-02-27,'000605,渤海股份,16.25,16.48,16.13,16.24,16.55,-0.3,-1.8127,3.0274,5903153,96039400.49,4093358750.0,3168604822.5
2018-02-26,'000605,渤海股份,16.55,16.79,15.71,16.33,16.26,0.29,1.7835,5.049,9845183,159175540.4,4168928450.0,3227102142.3
2018-02-23,'000605,渤海股份,16.26,17.08,16.16,17.08,15.53,0.73,4.7006,5.3892,10508530,175458310.29,4095877740.0,3170554733.16
2018-02-22,'000605,渤海股份,15.53,15.53,14.19,14.19,14.12,1.41,9.9858,1.4087,2746867,41286298.42,3911991470.0,3028211254.98
2018-02-14,'000605,渤海股份,14.12,14.19,13.98,14.1,13.99,0.13,0.9292,0.6091,1187696,16745979.7,3556813880.0,2753273851.92
2018-02-13,'000605,渤海股份,13.99,14.3,13.95,14.04,13.9,0.09,0.6475,0.8512,1659852,23411547.08,3524067010.0,2727925013.34
2018-02-12,'000605,渤海股份,13.9,14.09,13.64,13.82,13.55,0.35,2.583,1.0211,1991057,27734908.37,3501396100.0,2710375817.4
2018-02-09,'000605,渤海股份,13.55,13.93,13.11,13.65,14.12,-0.57,-4.0368,1.3174,2568740,34998030.88,3413231450.0,2642128944.3
2018-02-08,'000605,渤海股份,14.12,14.18,13.73,13.73,13.78,0.34,2.4673,0.8844,1724584,24281154.45,3556813880.0,2753273851.92
2018-02-07,'000605,渤海股份,13.78,14.29,13.37,14.2,13.73,0.05,0.3642,1.1894,2319170,32202473.99,3471168220.0,2686976889.48
2018-02-06,'000605,渤海股份,13.73,15.15,13.73,15.15,15.25,-1.52,-9.9672,1.4962,2917379,41976293.98,3458573270.0,2677227336.18
2018-02-05,'000605,渤海股份,15.25,15.56,15.16,15.18,15.62,-0.37,-2.3688,1.0433,2034247,31267526.84,3841459750.0,2973613756.5
2018-02-02,'000605,渤海股份,15.62,16.23,15.3,16.23,16.27,-0.65,-3.9951,1.4455,2818613,44296251.51,3934662380.0,3045760450.92
2018-02-01,'000605,渤海股份,16.27,17.24,16.0,17.0,17.11,-0.84,-4.9094,1.6211,3160985,52241108.77,4098396730.0,3172504643.82
2018-01-31,'000605,渤海股份,17.11,18.13,16.5,18.08,18.04,-0.93,-5.1552,1.4898,2904985,50803062.76,4309991890.0,3336297139.26
2018-01-30,'000605,渤海股份,18.04,18.47,17.7,17.75,17.74,0.3,1.6911,1.0608,2068504,37273374.98,4544257960.0,3517638830.64
2018-01-29,'000605,渤海股份,17.74,18.18,17.68,18.07,18.11,-0.37,-2.0431,0.9789,1908787,34163054.14,4468688260.0,3459141510.84
2018-01-26,'000605,渤海股份,18.11,18.4,18.11,18.28,18.38,-0.27,-1.469,0.9611,1874036,34192584.89,4561890890.0,3531288205.26
2018-01-25,'000605,渤海股份,18.38,18.51,18.15,18.33,18.38,0.0,0.0,1.2623,2461364,45155129.35,4629903620.0,3583935793.08
2018-01-24,'000605,渤海股份,18.38,18.62,18.03,18.29,18.3,0.08,0.4372,1.5945,3109167,57075835.05,4629903620.0,3583935793.08
2018-01-23,'000605,渤海股份,18.3,18.43,18.0,18.13,18.11,0.19,1.0491,1.3614,2654560,48400893.87,4609751700.0,3568336507.8
2018-01-22,'000605,渤海股份,18.11,18.27,17.7,17.94,17.96,0.15,0.8352,1.0976,2140250,38512156.21,4561890890.0,3531288205.26
2018-01-19,'000605,渤海股份,17.96,18.13,17.77,17.92,17.94,0.02,0.1115,1.0113,1972004,35383192.66,4524106040.0,3502039545.36
2018-01-18,'000605,渤海股份,17.94,18.19,17.78,18.03,18.06,-0.12,-0.6645,1.1621,2265900,40699730.72,4519068060.0,3498139724.04
2018-01-17,'000605,渤海股份,18.06,18.27,17.82,18.27,18.34,-0.28,-1.5267,1.5311,2985416,53686118.21,4549295940.0,3521538651.96
2018-01-16,'000605,渤海股份,18.34,18.39,18.03,18.17,18.18,0.16,0.8801,0.9902,1930851,35189943.51,4619827660.0,3576136150.44
2018-01-15,'000605,渤海股份,18.18,18.77,18.13,18.75,18.7,-0.52,-2.7807,1.1971,2334149,42902485.94,4579523820.0,3544937579.88
2018-01-12,'000605,渤海股份,18.7,19.15,18.62,18.93,18.97,-0.27,-1.4233,1.3314,2596166,48987193.34,4710511300.0,3646332934.2
2018-01-11,'000605,渤海股份,18.97,18.97,18.47,18.71,18.75,0.22,1.1733,1.3334,2599977,48577176.28,4778524030.0,3698980522.02
2018-01-10,'000605,渤海股份,18.75,19.2,18.61,19.15,19.11,-0.36,-1.8838,1.4745,2875157,54076804.77,4723106250.0,3656082487.5
2018-01-09,'000605,渤海股份,19.11,19.36,19.01,19.06,19.13,-0.02,-0.1045,1.1778,2296555,43933146.93,4813789890.0,3726279271.26
2018-01-08,'000605,渤海股份,19.13,19.24,18.85,19.01,19.15,-0.02,-0.1044,1.5437,3010134,57451059.86,4818827870.0,3730179092.58
2018-01-05,'000605,渤海股份,19.15,19.56,18.91,19.15,19.4,-0.25,-1.2887,2.897,5648985,108367858.28,4823865850.0,3734078913.9
2018-01-04,'000605,渤海股份,19.4,20.28,19.3,19.85,19.8,-0.4,-2.0202,5.9024,11509154,227593144.54,4886840600.0,3782826680.4
2018-01-03,'000605,渤海股份,19.8,19.8,18.16,18.19,18.0,1.8,10.0,5.0364,9820624,189206969.64,4987600200.0,3860823106.8
2018-01-02,'000605,渤海股份,18.0,18.08,17.68,17.9,17.82,0.18,1.0101,1.0483,2044080,36680467.9,4534182000.0,3509839188.0
2017-12-29,'000605,渤海股份,17.82,17.88,17.69,17.74,17.74,0.08,0.451,0.728,1419596,25247158.35,4488840180.0,3474740796.12
2017-12-28,'000605,渤海股份,17.74,18.06,17.7,17.8,17.96,-0.22,-1.2249,1.1962,2332477,41517342.88,4468688260.0,3459141510.84
2017-12-27,'000605,渤海股份,17.96,18.36,17.61,17.86,17.73,0.23,1.2972,1.7197,3353200,60528159.16,4524106040.0,3502039545.36
2017-12-26,'000605,渤海股份,17.73,17.8,17.48,17.5,17.51,0.22,1.2564,0.7651,1491948,26376080.62,4466169270.0,3457191600.18
2017-12-25,'000605,渤海股份,17.51,18.04,17.5,17.98,18.01,-0.5,-2.7762,1.0815,2108733,37229015.4,4410751490.0,3414293565.66
2017-12-22,'000605,渤海股份,18.01,18.2,17.86,18.08,18.04,-0.03,-0.1663,0.9062,1767083,31848291.19,4536700990.0,3511789098.66
2017-12-21,'000605,渤海股份,18.04,18.26,17.63,18.08,18.02,0.02,0.111,1.03,2008500,36113456.0,4544257960.0,3517638830.64
2017-12-20,'000605,渤海股份,18.02,18.43,17.99,18.43,18.36,-0.34,-1.8519,1.0994,2143660,38940782.2,4539219980.0,3513739009.32
2017-12-19,'000605,渤海股份,18.36,18.54,18.29,18.29,18.42,-0.06,-0.3257,1.0108,1970878,36248972.78,4624865640.0,3580035971.76
2017-12-18,'000605,渤海股份,18.42,19.0,18.12,19.0,19.1,-0.68,-3.5602,1.7661,3443789,63657996.59,4639979580.0,3591735435.72
2017-12-15,'000605,渤海股份,19.1,19.18,18.4,18.4,18.54,0.56,3.0205,2.3168,4517608,85356039.46,4811270900.0,3724329360.6
2017-12-14,'000605,渤海股份,18.54,18.75,18.32,18.49,18.4,0.14,0.7609,0.8005,1561000,28925670.12,4670207460.0,3615134363.64
2017-12-13,'000605,渤海股份,18.4,18.99,17.98,18.0,18.07,0.33,1.8262,1.5275,2978468,55056937.41,4634941600.0,3587835614.4
2017-12-12,'000605,渤海股份,18.07,18.8,18.02,18.56,18.75,-0.68,-3.6267,1.0566,2060200,37909210.87,4551814930.0,3523488562.62
2017-12-11,'000605,渤海股份,18.75,18.96,18.65,18.69,18.69,0.06,0.321,0.7465,1455587,27303101.98,4723106250.0,3656082487.5
2017-12-08,'000605,渤海股份,18.69,18.95,18.36,18.49,18.36,0.33,1.7974,1.1425,2227799,41658898.83,4707992310.0,3644383023.54
2017-12-07,'000605,渤海股份,18.36,18.57,18.12,18.4,18.29,0.07,0.3827,0.7971,1554345,28633704.44,4624865640.0,3580035971.76
2017-12-06,'000605,渤海股份,18.29,18.67,17.64,17.8,17.8,0.49,2.7528,1.3852,2700950,49101521.97,4607232710.0,3566386597.14
2017-12-05,'000605,渤海股份,17.8,19.12,17.63,18.82,18.82,-1.02,-5.4198,1.4196,2768100,50708932.0,4483802200.0,3470840974.8
2017-12-04,'000605,渤海股份,18.82,19.52,18.72,19.52,19.52,-0.7,-3.5861,1.1767,2294386,43828397.45,4740739180.0,3669731862.12
2017-12-01,'000605,渤海股份,19.52,19.59,19.39,19.56,19.48,0.04,0.2053,0.6056,1180954,23036036.0,4917068480.0,3806225608.32
2017-11-30,'000605,渤海股份,19.48,19.93,19.45,19.87,19.68,-0.2,-1.0163,1.0064,1962349,38563396.69,4906992520.0,3798425965.68
2017-11-29,'000605,渤海股份,19.68,19.73,19.35,19.55,19.51,0.17,0.8713,1.0999,2144612,41986182.37,4957372320.0,3837424178.88
2017-11-28,'000605,渤海股份,19.51,19.7,19.32,19.54,19.43,0.08,0.4117,0.8726,1701560,33099951.55,4914549490.0,3804275697.66
2017-11-27,'000605,渤海股份,19.43,19.85,19.11,19.24,19.09,0.34,1.781,1.5646,3050890,59542565.82,4894397570.0,3788676412.38
2017-11-24,'000605,渤海股份,19.09,19.3,18.7,18.8,19.1,-0.01,-0.0524,0.947,1846601,35224077.89,4808751910.0,3722379449.94
2017-11-23,'000605,渤海股份,19.1,20.2,19.1,19.53,19.68,-0.58,-2.9472,1.5901,3100607,61030879.69,4811270900.0,3724329360.6
2017-11-22,'000605,渤海股份,19.68,19.9,19.37,19.48,19.47,0.21,1.0786,1.2488,2435032,47730197.28,4957372320.0,3837424178.88
2017-11-21,'000605,渤海股份,19.47,19.86,19.3,19.67,19.67,-0.2,-1.0168,1.0759,2097941,41067633.13,4904473530.0,3796476055.02
2017-11-20,'000605,渤海股份,19.67,19.85,19.0,19.51,19.87,-0.2,-1.0065,1.4326,2793401,54109108.32,4954853330.0,3835474268.22
2017-11-17,'000605,渤海股份,19.87,21.15,19.8,21.15,21.11,-1.24,-5.874,2.1689,4229251,86078240.61,5005233130.0,3874472481.42
2017-11-16,'000605,渤海股份,21.11,21.6,21.1,21.6,21.53,-0.42,-1.9508,1.2491,2435649,51803886.27,5317587890.0,4116261403.26
2017-11-15,'000605,渤海股份,21.53,22.09,21.33,22.07,22.08,-0.55,-2.4909,1.8646,3635811,78634644.17,5423385470.0,4198157650.98
2017-11-14,'000605,渤海股份,22.08,22.48,22.04,22.04,22.53,-0.45,-1.9973,2.1103,4114876,91136849.86,5561929920.0,4305402737.28
2017-11-13,'000605,渤海股份,22.53,23.38,22.23,23.02,22.49,0.04,0.1779,5.4612,10648917,243260933.63,5675284470.0,4393148716.98
2017-11-10,'000605,渤海股份,22.49,22.49,22.0,22.37,22.37,0.12,0.5364,1.5754,3071799,68298483.6,5665208510.0,4385349074.34
2017-11-09,'000605,渤海股份,22.37,22.49,21.76,21.81,21.88,0.49,2.2395,2.155,4202125,93392332.29,5634980630.0,4361950146.42
2017-11-08,'000605,渤海股份,21.88,21.98,21.38,21.56,21.52,0.36,1.6729,1.8867,3678970,79963823.9,5511550120.0,4266404524.08
2017-11-07,'000605,渤海股份,21.52,21.87,21.11,21.3,21.38,0.14,0.6548,1.4691,2864599,61564218.45,5420866480.0,4196207740.32
2017-11-06,'000605,渤海股份,21.38,21.47,20.87,21.38,21.3,0.08,0.3756,1.8088,3527070,74727317.08,5385600620.0,4168908991.08
2017-11-03,'000605,渤海股份,21.3,22.08,21.21,21.9,21.96,-0.66,-3.0055,1.3491,2630654,56920709.48,5365448700.0,4153309705.8
2017-11-02,'000605,渤海股份,21.96,22.1,21.58,21.95,21.88,0.08,0.3656,1.7512,3414609,74652679.6,5531702040.0,4282003809.36
2017-11-01,'000605,渤海股份,21.88,22.08,21.77,21.96,21.88,0.0,0.0,0.9402,1833248,40127442.09,5511550120.0,4266404524.08
2017-10-31,'000605,渤海股份,21.88,22.02,21.6,21.86,21.85,0.03,0.1373,1.2568,2450557,53426234.63,5511550120.0,4266404524.08
2017-10-30,'000605,渤海股份,21.85,22.95,21.51,22.85,22.83,-0.98,-4.2926,1.7094,3333263,73350071.97,5503993150.0,4260554792.1
2017-10-27,'000605,渤海股份,22.83,23.12,22.6,22.91,22.91,-0.08,-0.3492,1.3182,2570333,58902326.44,5750854170.0,4451646036.78
2017-10-26,'000605,渤海股份,22.91,23.02,22.6,22.79,22.79,0.12,0.5265,1.4071,2743769,62788537.56,5771006090.0,4467245322.06
2017-10-25,'000605,渤海股份,22.79,23.12,22.59,22.59,22.52,0.27,1.1989,1.4056,2740826,62556804.85,5740778210.0,4443846394.14
2017-10-24,'000605,渤海股份,22.52,23.03,22.52,23.03,23.1,-0.58,-2.5108,1.4322,2792720,63508277.95,5672765480.0,4391198806.32
2017-10-23,'000605,渤海股份,23.1,23.45,22.53,22.64,22.69,0.41,1.807,2.1057,4106020,94722058.81,5818866900.0,4504293624.6
2017-10-20,'000605,渤海股份,22.69,22.77,22.25,22.25,22.25,0.44,1.9775,1.4936,2912446,65480594.52,5715588310.0,4424347287.54
2017-10-19,'000605,渤海股份,22.25,22.96,22.13,22.96,23.23,-0.98,-4.2187,2.9476,5747581,129164889.26,5604752750.0,4338551218.5
2017-10-18,'000605,渤海股份,23.23,23.68,23.03,23.32,23.18,0.05,0.2157,2.3567,4595407,107496693.39,5851613770.0,4529642463.18
2017-10-17,'000605,渤海股份,23.18,24.3,23.01,24.3,25.04,-1.86,-7.4281,4.8909,9536780,223414924.69,5839018820.0,4519892909.88
2017-10-16,'000605,渤海股份,25.04,26.19,24.8,26.1,26.27,-1.23,-4.6821,4.0311,7860297,199671873.11,6307550960.0,4882576292.64
2017-10-13,'000605,渤海股份,26.27,26.49,25.29,25.42,25.37,0.9,3.5475,4.6917,9148431,237922608.23,6617386730.0,5122415303.82
2017-10-12,'000605,渤海股份,25.37,25.67,25.14,25.37,25.49,-0.12,-0.4708,2.3791,4639100,117804422.0,6390677630.0,4946923344.42
2017-10-11,'000605,渤海股份,25.49,26.4,25.44,26.4,26.54,-1.05,-3.9563,4.4173,8613247,222404685.77,6420905510.0,4970322272.34
2017-10-10,'000605,渤海股份,26.54,26.81,26.36,26.5,26.75,-0.21,-0.785,3.0117,5872576,155729620.5,6685399460.0,5175062891.64
2017-10-09,'000605,渤海股份,26.75,27.32,26.66,27.32,27.18,-0.43,-1.582,3.7252,7263816,195388137.84,6738298250.0,5216011015.5
2017-09-29,'000605,渤海股份,27.18,27.18,26.47,26.69,26.56,0.62,2.3343,3.5696,6960489,186843029.93,6846614820.0,5299857173.88
2017-09-28,'000605,渤海股份,26.56,27.15,26.53,26.9,26.9,-0.34,-1.2639,3.0102,5869710,157395408.6,6690437440.0,5178962712.96
2017-09-27,'000605,渤海股份,26.9,27.17,26.8,27.1,27.31,-0.41,-1.5013,3.5321,6887290,185569341.2,6776083100.0,5245259675.4
2017-09-26,'000605,渤海股份,27.31,27.45,26.33,26.96,26.82,0.49,1.827,6.0546,11805922,319407531.91,6879361690.0,5325206012.46
2017-09-25,'000605,渤海股份,26.82,27.1,25.92,25.95,26.11,0.71,2.7193,4.9854,9720991,260472789.96,6755931180.0,5229660390.12
2017-09-22,'000605,渤海股份,26.11,26.6,26.03,26.35,26.47,-0.36,-1.36,2.0088,3916937,102967770.06,6577082890.0,5091216733.26
2017-09-21,'000605,渤海股份,26.47,27.29,26.42,26.57,26.7,-0.23,-0.8614,5.3332,10399188,278527556.1,6667766530.0,5161413517.02
2017-09-20,'000605,渤海股份,26.7,26.8,25.75,25.91,25.91,0.79,3.049,5.7708,11252510,297710030.17,6725703300.0,5206261462.2
2017-09-19,'000605,渤海股份,25.91,26.13,25.7,26.13,25.89,0.02,0.0772,1.6676,3251700,84180437.92,6526703090.0,5052218520.06
2017-09-18,'000605,渤海股份,25.89,26.22,25.7,25.7,25.85,0.04,0.1547,2.0648,4026100,104579336.47,6521665110.0,5048318698.74
2017-09-15,'000605,渤海股份,25.85,26.05,25.59,25.59,25.74,0.11,0.4274,2.0533,4003755,103273752.76,6511589150.0,5040519056.1
2017-09-14,'000605,渤海股份,25.74,26.17,25.7,26.15,26.21,-0.47,-1.7932,2.4241,4726810,122176447.49,6483880260.0,5019070038.84
2017-09-13,'000605,渤海股份,26.21,26.62,26.03,26.1,26.1,0.11,0.4215,2.531,4935301,129726194.04,6602272790.0,5110715839.86
2017-09-12,'000605,渤海股份,26.1,26.55,26.01,26.55,26.44,-0.34,-1.2859,3.8889,7583002,199664974.5,6574563900.0,5089266822.6
2017-09-11,'000605,渤海股份,26.44,26.45,25.48,25.7,25.68,0.76,2.9595,3.6986,7211995,188171116.88,6660209560.0,5155563785.04
2017-09-08,'000605,渤海股份,25.68,25.87,25.34,25.76,25.63,0.05,0.1951,2.514,4902015,125388851.7,6468766320.0,5007370574.88
2017-09-07,'000605,渤海股份,25.63,26.38,25.56,25.92,25.93,-0.3,-1.157,3.1721,6185381,160805689.94,6456171370.0,4997621021.58
2017-09-06,'000605,渤海股份,25.93,26.52,25.88,26.5,26.4,-0.47,-1.7803,3.0787,6003201,156546151.95,6531741070.0,5056118341.38
2017-09-05,'000605,渤海股份,26.4,26.98,26.4,26.98,27.0,-0.6,-2.2222,3.3318,6496751,173007588.8,6650133600.0,5147764142.4
2017-09-04,'000605,渤海股份,27.0,27.4,26.57,26.85,27.05,-0.05,-0.1848,4.2169,8222646,221617884.41,6801273000.0,5264758782.0
2017-09-01,'000605,渤海股份,27.05,27.6,26.74,26.96,26.88,0.17,0.6324,3.9269,7657164,208201319.95,6813867950.0,5274508335.3
2017-08-31,'000605,渤海股份,26.88,27.28,26.74,27.14,27.4,-0.52,-1.8978,3.8523,7511700,202281038.0,6771045120.0,5241359854.08
2017-08-30,'000605,渤海股份,27.4,27.51,26.9,27.01,26.95,0.45,1.6698,6.6457,12958595,353503525.72,6902032600.0,5342755208.4
2017-08-29,'000605,渤海股份,26.95,27.08,26.4,26.57,26.71,0.24,0.8985,4.2344,8256699,220954924.21,6788678050.0,5255009228.7
2017-08-28,'000605,渤海股份,26.71,26.98,26.13,26.3,26.33,0.38,1.4432,3.3882,6606600,175601096.0,6728222290.0,5208211372.86
2017-08-25,'000605,渤海股份,26.33,26.57,25.81,26.22,26.38,-0.05,-0.1895,3.1816,6203900,162610726.0,6632500670.0,5134114767.78
2017-08-24,'000605,渤海股份,26.38,26.76,26.2,26.29,26.38,0.0,0.0,2.898,5650899,149565638.27,6645095620.0,5143864321.08
2017-08-23,'000605,渤海股份,26.38,26.79,26.18,26.37,26.62,-0.24,-0.9016,2.9241,5701801,150603094.11,6645095620.0,5143864321.08
2017-08-22,'000605,渤海股份,26.62,27.21,26.36,27.05,27.05,-0.43,-1.5896,3.281,6397606,171142335.24,6705551380.0,5190662176.92
2017-08-21,'000605,渤海股份,27.05,27.09,26.75,27.04,27.23,-0.18,-0.661,3.7667,7344801,197710458.81,6813867950.0,5274508335.3
2017-08-18,'000605,渤海股份,27.23,28.18,27.21,27.45,27.6,-0.37,-1.3406,7.4973,14619151,404013996.54,6859209770.0,5309606727.18
2017-08-17,'000605,渤海股份,27.6,27.8,26.35,26.47,26.64,0.96,3.6036,8.7599,17080951,463005364.22,6952412400.0,5381753421.6
2017-08-16,'000605,渤海股份,26.64,27.26,26.3,26.52,26.69,-0.05,-0.1873,4.4089,8596900,229369007.0,6710589360.0,5194561998.24
2017-08-15,'000605,渤海股份,26.69,27.45,26.51,27.34,27.11,-0.42,-1.5492,6.4693,12614600,338163447.98,6723184310.0,5204311551.54
2017-08-14,'000605,渤海股份,27.11,27.17,25.7,25.91,25.65,1.46,5.692,10.1074,19708624,523669775.9,6828981890.0,5286207799.26
2017-08-11,'000605,渤海股份,25.65,26.06,24.5,24.8,25.05,0.6,2.3952,6.1378,11968075,304575993.05,6461209350.0,5001520842.9
2017-08-10,'000605,渤海股份,25.05,26.08,24.82,25.66,25.74,-0.69,-2.6807,4.5341,8841101,224852074.81,6310069950.0,4884526203.3
2017-08-09,'000605,渤海股份,25.74,26.12,25.4,25.51,25.55,0.19,0.7436,4.4391,8655783,223924624.76,6483880260.0,5019070038.84
2017-08-08,'000605,渤海股份,25.55,26.64,25.5,26.1,25.65,-0.1,-0.3899,4.1664,8124103,211164141.83,6436019450.0,4982021736.3
2017-08-07,'000605,渤海股份,25.65,26.12,25.2,25.25,25.26,0.39,1.5439,3.1844,6209303,159846198.16,6461209350.0,5001520842.9
2017-08-04,'000605,渤海股份,25.26,25.97,25.25,25.7,25.69,-0.43,-1.6738,3.7678,7346901,187603250.52,6362968740.0,4925474327.16
2017-08-03,'000605,渤海股份,25.69,26.88,25.58,25.65,25.92,-0.23,-0.8873,6.2365,12160653,318327696.52,6471285310.0,5009320485.54
2017-08-02,'000605,渤海股份,25.92,26.45,25.02,25.3,25.46,0.46,1.8068,7.8684,15342695,393965146.58,6529222080.0,5054168430.72
2017-08-01,'000605,渤海股份,25.46,25.78,24.36,24.52,24.36,1.1,4.5156,6.7432,13148557,331659891.17,6413348540.0,4964472540.36
2017-07-31,'000605,渤海股份,24.36,24.65,24.18,24.49,24.46,-0.1,-0.4088,2.5303,4933844,120460523.96,6136259640.0,4749982367.76
2017-07-28,'000605,渤海股份,24.46,24.94,24.41,24.88,24.79,-0.33,-1.3312,2.7032,5270942,129462678.79,6161449540.0,4769481474.36
2017-07-27,'000605,渤海股份,24.79,25.12,24.53,24.67,24.53,0.26,1.0599,3.0358,5919504,147101875.06,6244576210.0,4833828526.14
2017-07-26,'000605,渤海股份,24.53,25.05,24.33,24.33,24.81,-0.28,-1.1286,3.5879,6996000,172720786.98,6179082470.0,4783130848.98
2017-07-25,'000605,渤海股份,24.81,26.25,24.73,26.09,26.59,-1.78,-6.6942,12.0581,14859323,377132217.58,6249614190.0,3057350838.66
2017-07-24,'000605,渤海股份,26.59,27.45,25.57,25.95,25.95,0.64,2.4663,14.4181,17767511,469807234.7,6697994410.0,3276701281.74
2017-07-21,'000605,渤海股份,25.95,26.87,25.57,26.03,26.37,-0.42,-1.5927,10.4858,12921750,337972418.0,6536779050.0,3197833706.7
2017-07-20,'000605,渤海股份,26.37,26.77,25.19,25.29,25.38,0.99,3.9007,13.4226,16540754,430485661.86,6642576630.0,3249590552.82
2017-07-19,'000605,渤海股份,25.38,25.77,24.86,24.89,25.27,0.11,0.4353,7.0543,8693101,219802115.49,6393196620.0,3127592272.68
2017-07-18,'000605,渤海股份,25.27,25.98,23.98,24.3,24.82,0.45,1.8131,10.7964,13304410,333688069.75,6365487730.0,3114036908.22
2017-07-17,'000605,渤海股份,24.82,27.2,24.82,27.0,27.58,-2.76,-10.0073,8.9937,11083041,283050728.94,6252133180.0,3058583144.52
2017-07-14,'000605,渤海股份,27.58,28.19,26.8,27.43,27.4,0.18,0.6569,9.3146,11478437,316789672.66,6947374420.0,3398699561.88
2017-07-13,'000605,渤海股份,27.4,28.4,27.35,28.39,28.78,-1.38,-4.795,8.191,10093765,280828741.3,6902032600.0,3376518056.4
2017-07-12,'000605,渤海股份,28.78,29.37,26.51,28.6,28.74,0.04,0.1392,13.6291,16795159,472474054.16,7249653220.0,3546576265.08
2017-07-11,'000605,渤海股份,28.74,29.7,28.03,29.0,29.36,-0.62,-2.1117,8.9633,11045576,318093445.08,7239577260.0,3541647041.64
2017-07-10,'000605,渤海股份,29.36,30.35,28.2,28.68,29.29,0.07,0.239,15.9551,19661619,574503100.97,7395754640.0,3618050004.96
2017-07-07,'000605,渤海股份,29.29,30.09,28.69,29.83,30.1,-0.81,-2.691,11.6138,14311701,420537669.7,7378121710.0,3609423863.94
2017-07-06,'000605,渤海股份,30.1,30.85,29.87,30.45,30.53,-0.43,-1.4085,9.2543,11404141,344922753.86,7582159900.0,3709240638.6
2017-07-05,'000605,渤海股份,30.53,30.77,29.83,30.28,30.71,-0.18,-0.5861,11.8824,14642743,442883902.74,7690476470.0,3762229790.58
2017-07-04,'000605,渤海股份,30.71,30.97,29.12,29.43,29.45,1.26,4.2784,22.8597,28170114,854242221.42,7735818290.0,3784411296.06
2017-07-03,'000605,渤海股份,29.45,30.18,28.85,28.86,29.05,0.4,1.3769,13.2391,16314668,482084244.2,7418425550.0,3629140757.7
2017-06-30,'000605,渤海股份,29.05,29.45,28.48,29.25,29.61,-0.56,-1.8913,8.2315,10143679,293311336.23,7317665950.0,3579848523.3
2017-06-29,'000605,渤海股份,29.61,30.5,29.3,29.6,29.79,-0.18,-0.6042,15.0685,18569029,555989025.52,7458729390.0,3648857651.46
2017-06-28,'000605,渤海股份,29.79,30.48,28.12,29.0,29.3,0.49,1.6724,17.0578,21020379,619540027.21,7504071210.0,3671039156.94
2017-06-27,'000605,渤海股份,29.3,29.75,29.1,29.47,29.4,-0.1,-0.3401,6.3657,7844549,230826645.21,7380640700.0,3610656169.8
2017-06-26,'000605,渤海股份,29.4,29.8,28.5,29.0,29.38,0.02,0.0681,6.812,8394422,244290956.95,7405830600.0,3622979228.4
2017-06-23,'000605,渤海股份,29.38,30.49,28.2,29.98,30.2,-0.82,-2.7152,9.6844,11934121,349732732.44,7400792620.0,3620514616.68
2017-06-22,'000605,渤海股份,30.2,32.18,29.5,31.51,31.8,-1.6,-5.0314,12.2535,15100066,467821228.66,7607349800.0,3721563697.2
2017-06-21,'000605,渤海股份,31.8,32.8,31.15,31.9,32.15,-0.35,-1.0886,12.5682,15487808,492447128.58,8010388200.0,3918732634.8
2017-06-20,'000605,渤海股份,32.15,33.8,31.68,31.78,31.89,0.26,0.8153,24.4974,30188309,984221563.37,8098552850.0,3961863339.9
2017-06-19,'000605,渤海股份,31.89,32.3,31.1,31.9,32.24,-0.35,-1.0856,10.1387,12493977,395739937.27,8033059110.0,3929823387.54
2017-06-16,'000605,渤海股份,32.24,33.33,30.41,30.48,31.01,1.23,3.9665,27.0567,33342099,1070039789.56,8121223760.0,3972954092.64
2017-06-15,'000605,渤海股份,31.01,31.78,29.63,30.35,30.91,0.1,0.3235,17.903,22061981,672935115.58,7811387990.0,3821380471.86
2017-06-14,'000605,渤海股份,30.91,32.15,30.48,30.88,31.38,-0.47,-1.4978,16.6662,20537916,640556360.76,7786198090.0,3809057413.26
2017-06-13,'000605,渤海股份,31.38,32.98,31.2,31.66,30.41,0.97,3.1897,25.4959,31418797,1002095263.8,7904590620.0,3866975788.68
2017-06-12,'000605,渤海股份,30.41,30.9,29.58,30.6,31.61,-1.2,-3.7963,20.5495,25323327,767127596.88,7660248590.0,3747442120.26
2017-06-09,'000605,渤海股份,31.61,32.22,28.88,28.89,29.29,2.32,7.9208,36.1962,44604748,1384370339.17,7962527390.0,3895318823.46
2017-06-08,'000605,渤海股份,29.29,31.0,28.51,28.97,28.97,0.32,1.1046,26.929,33184824,983817591.88,7378121710.0,3609423863.94
2017-06-07,'000605,渤海股份,28.97,28.97,26.37,26.5,26.34,2.63,9.9848,21.7336,26782470,741907115.77,7297514030.0,3569990076.42
2017-06-06,'000605,渤海股份,26.34,27.17,25.81,27.09,27.38,-1.04,-3.7984,11.2149,13820246,365730981.35,6635019660.0,3245893635.24
2017-06-05,'000605,渤海股份,27.38,28.18,27.35,27.35,27.2,0.18,0.6618,9.2909,11449203,317845875.58,6896994620.0,3374053444.68
2017-06-02,'000605,渤海股份,27.2,27.98,26.27,27.0,26.74,0.46,1.7203,12.2981,15155039,411398695.7,6851652800.0,3351871939.2
2017-06-01,'000605,渤海股份,26.74,29.47,26.74,29.2,29.71,-2.97,-9.9966,14.7205,18140100,506923560.94,6735779260.0,3295185869.64
2017-05-31,'000605,渤海股份,29.71,30.5,29.03,29.9,30.12,-0.41,-1.3612,11.8332,14582165,437414772.13,7483919290.0,3661180710.06
2017-05-26,'000605,渤海股份,30.12,31.46,29.89,30.33,30.65,-0.53,-1.7292,13.0107,16033213,493476641.66,7587197880.0,3711705250.32
2017-05-25,'000605,渤海股份,30.65,31.3,28.13,30.0,30.34,0.31,1.0218,18.2412,22478694,672264355.71,7720704350.0,3777017460.9
2017-05-24,'000605,渤海股份,30.34,30.72,29.02,29.29,29.29,1.05,3.5848,11.6461,14351544,431429977.63,7642615660.0,3738815979.24
2017-05-23,'000605,渤海股份,29.29,31.49,28.73,30.94,31.0,-1.71,-5.5161,15.919,19617099,592007784.09,7378121710.0,3609423863.94
2017-05-22,'000605,渤海股份,31.0,32.88,31.0,32.4,32.99,-1.99,-6.0321,14.0669,17334698,556821436.18,7808869000.0,3820148166.0
2017-05-19,'000605,渤海股份,32.99,33.39,30.8,32.39,33.21,-0.22,-0.6625,23.8151,29347428,949286720.34,8310148010.0,4065377032.14
2017-05-18,'000605,渤海股份,33.21,37.6,33.21,36.9,36.9,-3.69,-10.0,30.7149,37850209,1326723747.01,8365565790.0,4092487761.06
2017-05-17,'000605,渤海股份,36.9,38.51,36.12,38.51,35.01,1.89,5.3985,40.2206,49564076,1862878080.22,9295073100.0,4547208623.4
2017-05-16,'000605,渤海股份,35.01,35.01,31.83,31.85,31.83,3.18,9.9906,11.9151,14683086,503266817.86,8818983990.0,4314302815.86
2017-05-15,'000605,渤海股份,31.83,33.5,31.2,31.71,32.45,-0.62,-1.9106,24.0983,29696518,966354896.42,8017945170.0,3922429552.38
2017-05-12,'000605,渤海股份,32.45,33.9,31.01,31.5,31.99,0.46,1.4379,30.7778,37927718,1231545592.52,8174122550.0,3998832515.7
2017-05-11,'000605,渤海股份,31.99,32.48,29.91,30.1,30.75,1.24,4.0325,25.8391,31841694,995112074.44,8058249010.0,3942146446.14
2017-05-10,'000605,渤海股份,30.75,31.6,28.88,31.32,31.69,-0.94,-2.9662,24.5534,30257288,916421050.88,7745894250.0,3789340519.5
2017-05-09,'000605,渤海股份,31.69,31.79,29.71,31.2,32.47,-0.78,-2.4022,24.3499,30006493,929403102.64,7982679310.0,3905177270.34
2017-05-08,'000605,渤海股份,32.47,36.81,32.47,36.51,36.08,-3.61,-10.0055,25.9762,32010650,1081642766.16,8179160530.0,4001297127.42
2017-05-05,'000605,渤海股份,36.08,37.88,34.52,35.18,34.66,1.42,4.0969,35.5119,43761503,1587261870.91,9088515920.0,4446159542.88
2017-05-04,'000605,渤海股份,34.66,37.94,33.7,34.2,35.37,-0.71,-2.0074,33.5166,41302715,1480646978.43,8730819340.0,4271172110.76
2017-05-03,'000605,渤海股份,35.37,37.79,35.37,37.55,39.3,-3.93,-10.0,34.3413,42318924,1524953669.88,8909667630.0,4358665826.82
2017-05-02,'000605,渤海股份,39.3,39.79,35.18,36.01,36.55,2.75,7.5239,39.5963,48794794,1792292015.81,9899630700.0,4842962029.8
2017-04-28,'000605,渤海股份,36.55,38.0,33.75,35.1,34.73,1.82,5.2404,41.7395,51435798,1830302958.99,9206908450.0,4504077918.3
2017-04-27,'000605,渤海股份,34.73,34.73,34.21,34.73,31.57,3.16,10.0095,22.0922,27224299,945424668.46,8748452270.0,4279798251.78
2017-04-26,'000605,渤海股份,31.57,31.57,28.01,28.48,28.7,2.87,10.0,28.7648,35447027,1090897908.89,7952451430.0,3890389600.02
2017-04-25,'000605,渤海股份,28.7,29.55,26.3,27.15,26.86,1.84,6.8503,24.7152,30456651,867759823.52,7229501300.0,3536717818.2
2017-04-24,'000605,渤海股份,26.86,28.3,26.58,27.0,26.4,0.46,1.7424,16.6204,20481385,559235930.33,6766007140.0,3309973539.96
2017-04-21,'000605,渤海股份,26.4,28.6,26.18,27.3,28.56,-2.16,-7.563,17.3535,21384831,584288850.76,6650133600.0,3253287470.4
2017-04-20,'000605,渤海股份,28.56,32.4,27.77,31.0,30.83,-2.27,-7.363,22.8844,28200605,857299878.3,7194235440.0,3519465536.16
2017-04-19,'000605,渤海股份,30.83,31.56,29.12,29.59,29.99,0.84,2.8009,20.5838,25365530,772716566.65,7766046170.0,3799198966.38
2017-04-18,'000605,渤海股份,29.99,32.68,29.8,31.51,32.49,-2.5,-7.6947,22.1246,27264232,846949414.64,7554451010.0,3695685274.14
2017-04-17,'000605,渤海股份,32.49,35.5,32.49,34.0,36.1,-3.61,-10.0,17.9219,22085212,727480850.0,8184198510.0,4003761739.14
2017-04-14,'000605,渤海股份,0.0,0.0,0.0,0.0,36.1,None,None,0.0,0,0.0,9093553900.0,4448624154.6
2017-04-13,'000605,渤海股份,0.0,0.0,0.0,0.0,36.1,None,None,0.0,0,0.0,9093553900.0,4448624154.6
2017-04-12,'000605,渤海股份,36.1,36.1,34.72,36.1,32.82,3.28,9.9939,18.8262,23199610,837046338.48,9093553900.0,4448624154.6
2017-04-11,'000605,渤海股份,32.82,32.82,32.82,32.82,29.84,2.98,9.9866,1.0993,1354726,44462107.32,8267325180.0,4044427832.52
2017-04-10,'000605,渤海股份,29.84,29.84,29.84,29.84,27.13,2.71,9.9889,1.3502,1663850,49649284.0,7516666160.0,3677200686.24
2017-04-07,'000605,渤海股份,27.13,27.13,25.26,26.8,24.66,2.47,10.0162,14.8225,18265903,481574891.48,6834019870.0,3343245798.18
2017-04-06,'000605,渤海股份,24.66,24.66,24.66,24.66,22.42,2.24,9.9911,2.6885,3313076,81700454.16,6211829340.0,3038866250.76
2017-04-05,'000605,渤海股份,22.42,22.42,21.4,22.42,20.38,2.04,10.0098,9.5096,11718745,260964381.96,5647575580.0,2762829738.12
2017-03-31,'000605,渤海股份,20.38,20.96,20.32,20.85,20.75,-0.37,-1.7831,4.5766,5639710,116974023.93,5133701620.0,2511439342.68
2017-03-30,'000605,渤海股份,20.75,20.85,20.25,20.85,20.85,-0.1,-0.4796,3.1475,3878736,79767879.73,5226904250.0,2557034659.5
2017-03-29,'000605,渤海股份,20.85,20.88,20.43,20.82,20.73,0.12,0.5789,2.2012,2712597,56268802.77,5252094150.0,2569357718.1
2017-03-28,'000605,渤海股份,20.73,20.93,20.63,20.93,20.93,-0.2,-0.9556,1.3492,1662671,34462841.43,5221866270.0,2554570047.78
2017-03-27,'000605,渤海股份,20.93,20.99,20.67,20.9,20.96,-0.03,-0.1431,1.6606,2046355,42615459.63,5272246070.0,2579216164.98
2017-03-24,'000605,渤海股份,20.96,20.99,20.61,20.7,20.72,0.24,1.1583,2.5772,3175905,66124927.72,5279803040.0,2582913082.56
2017-03-23,'000605,渤海股份,20.72,20.75,20.4,20.52,20.56,0.16,0.7782,2.5074,3089857,63563874.42,5219347280.0,2553337741.92
2017-03-22,'000605,渤海股份,20.56,20.56,19.9,20.19,20.24,0.32,1.581,2.5392,3129091,63218502.96,5179043440.0,2533620848.16
2017-03-21,'000605,渤海股份,20.24,20.47,20.19,20.4,20.38,-0.14,-0.6869,1.4606,1799860,36554924.83,5098435760.0,2494187060.64
2017-03-20,'000605,渤海股份,20.38,20.38,20.15,20.17,20.18,0.2,0.9911,1.2347,1521494,30848384.83,5133701620.0,2511439342.68
2017-03-17,'000605,渤海股份,20.18,20.5,20.1,20.39,20.39,-0.21,-1.0299,1.8455,2274160,46159198.54,5083321820.0,2486793225.48
2017-03-16,'000605,渤海股份,20.39,20.41,20.17,20.25,20.2,0.19,0.9406,1.2793,1576476,32024736.71,5136220610.0,2512671648.54
2017-03-15,'000605,渤海股份,20.2,20.25,19.92,20.0,20.13,0.07,0.3477,1.3056,1608959,32384706.12,5088359800.0,2489257837.2
2017-03-14,'000605,渤海股份,20.13,20.74,20.0,20.74,20.74,-0.61,-2.9412,3.188,3775721,76718788.86,5070726870.0,2384104903.95
2017-03-13,'000605,渤海股份,20.74,20.82,20.51,20.8,20.75,-0.01,-0.0482,1.3169,1559643,32210712.91,5224385260.0,2456350507.1
2017-03-10,'000605,渤海股份,20.75,20.75,20.53,20.58,20.71,0.04,0.1931,1.2361,1463975,30229230.05,5226904250.0,2457534861.25
2017-03-09,'000605,渤海股份,20.71,20.81,20.51,20.65,20.73,-0.02,-0.0965,1.3718,1624748,33599227.52,5216828290.0,2452797444.65
2017-03-08,'000605,渤海股份,20.73,20.98,20.6,20.83,20.83,-0.1,-0.4801,1.6698,1977583,41082430.53,5221866270.0,2455166152.95
2017-03-07,'000605,渤海股份,20.83,20.89,20.69,20.85,20.71,0.12,0.5794,1.3186,1561682,32457128.62,5247056170.0,2467009694.45
2017-03-06,'000605,渤海股份,20.71,20.78,20.42,20.47,20.44,0.27,1.3209,1.5149,1794226,37049470.47,5216828290.0,2452797444.65
2017-03-03,'000605,渤海股份,20.44,20.68,20.24,20.55,20.62,-0.18,-0.8729,1.7588,2083033,42500312.2,5148815560.0,2420819882.6
2017-03-02,'000605,渤海股份,20.62,21.08,20.6,21.02,21.02,-0.4,-1.9029,2.2268,2637347,54778634.48,5194157380.0,2442138257.3
2017-03-01,'000605,渤海股份,21.02,21.18,20.86,21.06,21.06,-0.04,-0.1899,2.0268,2400420,50420303.94,5294916980.0,2489512423.3
2017-02-28,'000605,渤海股份,21.06,21.12,20.78,20.93,21.0,0.06,0.2857,2.1003,2487557,52117340.68,5304992940.0,2494249839.9
2017-02-27,'000605,渤海股份,21.0,21.45,20.99,21.3,21.3,-0.3,-1.4085,2.0862,2470764,52368021.04,5289879000.0,2487143715.0
2017-02-24,'000605,渤海股份,21.3,21.57,21.01,21.49,21.58,-0.28,-1.2975,2.471,2926586,62078310.58,5365448700.0,2522674339.5
2017-02-23,'000605,渤海股份,21.58,21.75,21.27,21.28,21.11,0.47,2.2264,3.5831,4243684,91381817.99,5435980420.0,2555836255.7
2017-02-22,'000605,渤海股份,21.11,21.14,20.85,20.95,21.0,0.11,0.5238,2.1514,2548070,53606830.84,5317587890.0,2500171610.65
2017-02-21,'000605,渤海股份,21.0,21.2,20.9,20.92,20.92,0.08,0.3824,2.057,2436159,51237120.54,5289879000.0,2487143715.0
2017-02-20,'000605,渤海股份,20.92,21.31,20.66,21.11,21.4,-0.48,-2.243,3.7125,4396966,92075880.16,5269727080.0,2477668881.8
2017-02-17,'000605,渤海股份,21.4,21.95,21.39,21.71,21.85,-0.45,-2.0595,2.668,3159829,68320446.01,5390638600.0,2534517881.0
2017-02-16,'000605,渤海股份,21.85,21.88,21.41,21.59,21.55,0.3,1.3921,2.9677,3514826,75967286.35,5503993150.0,2587813817.75
2017-02-15,'000605,渤海股份,21.55,22.47,21.41,22.26,22.23,-0.68,-3.0589,4.4975,5326583,116853773.66,5428423450.0,2552283193.25
2017-02-14,'000605,渤海股份,22.23,22.26,21.91,22.1,22.26,-0.03,-0.1348,3.3019,3910672,86368455.11,5599714770.0,2632819275.45
2017-02-13,'000605,渤海股份,22.26,22.39,21.91,22.31,22.56,-0.3,-1.3298,4.3588,5162404,114448254.83,5607271740.0,2636372337.9
2017-02-10,'000605,渤海股份,22.56,22.98,22.51,22.88,23.02,-0.46,-1.9983,6.3911,7569270,171971441.9,5682841440.0,2671902962.4
2017-02-09,'000605,渤海股份,23.02,23.45,21.95,22.08,22.4,0.62,2.7679,10.4827,12415252,283108520.73,5798714980.0,2726383253.3
2017-02-08,'000605,渤海股份,22.4,22.6,21.59,22.19,22.56,-0.16,-0.7092,7.4912,8872243,196025904.5,5642537600.0,2652953296.0
2017-02-07,'000605,渤海股份,22.56,23.78,21.74,21.9,22.0,0.56,2.5455,11.1465,13201458,300084136.25,5682841440.0,2671902962.4
2017-02-06,'000605,渤海股份,22.0,22.08,21.22,21.7,21.7,0.3,1.3825,7.7276,9152242,198887048.3,4289803452.0,2605579130.0
2017-02-03,'000605,渤海股份,21.7,22.14,21.21,21.89,22.0,-0.3,-1.3636,5.5674,6593785,142410991.32,4231306132.2,2570048505.5
2017-01-26,'000605,渤海股份,22.0,22.86,21.38,21.59,22.12,-0.12,-0.5425,9.1755,10866983,239457291.96,4289803452.0,2605579130.0
2017-01-25,'000605,渤海股份,22.12,24.16,21.5,23.49,23.27,-1.15,-4.942,15.6287,18509913,425425206.14,4313202379.92,2619791379.8
2017-01-24,'000605,渤海股份,23.27,23.27,22.46,23.26,21.15,2.12,10.0236,9.956,11791396,273351913.41,4537442105.82,2755992107.05
2017-01-23,'000605,渤海股份,21.15,21.15,19.13,19.23,19.23,1.92,9.9844,3.6799,4358289,89770841.92,4124061045.9,2504909027.25
2017-01-20,'000605,渤海股份,19.23,19.29,18.71,18.88,18.91,0.32,1.6922,1.2091,1432048,27437721.2,3749678199.18,2277513030.45
2017-01-19,'000605,渤海股份,18.91,19.28,18.78,19.28,19.28,-0.37,-1.9191,0.907,1074207,20361961.22,3687281058.06,2239613697.65
2017-01-18,'000605,渤海股份,19.28,19.43,18.98,19.14,19.11,0.17,0.8896,1.1422,1352727,26010790.09,3759427752.48,2283434801.2
2017-01-17,'000605,渤海股份,19.11,19.2,18.41,18.83,18.7,0.41,2.1925,1.2575,1489308,28049429.16,3726279271.26,2263300780.65
2017-01-16,'000605,渤海股份,18.7,20.21,18.29,20.21,20.32,-1.62,-7.9724,2.6869,3182202,61186170.99,3646332934.2,2214742260.5
2017-01-13,'000605,渤海股份,20.32,20.9,20.03,20.68,20.72,-0.4,-1.9305,1.461,1730380,35297547.53,3962218461.12,2406607632.8
2017-01-12,'000605,渤海股份,20.72,21.51,20.6,21.36,21.36,-0.64,-2.9963,1.6157,1913616,40220099.03,4040214887.52,2453981798.8
2017-01-11,'000605,渤海股份,21.36,21.95,21.24,21.77,21.77,-0.41,-1.8833,1.7643,2089582,44990157.73,4165009169.76,2529780464.4
2017-01-10,'000605,渤海股份,21.77,21.98,21.46,21.65,21.68,0.09,0.4151,1.6827,1992966,43453320.69,4244955506.82,2578338984.55
2017-01-09,'000605,渤海股份,21.68,21.95,21.28,21.28,21.5,0.18,0.8372,2.2652,2682778,58242646.69,4227406310.88,2567679797.2
2017-01-06,'000605,渤海股份,21.5,21.6,21.28,21.37,21.36,0.14,0.6554,1.3815,1636190,35102513.36,4192307919.0,2546361422.5
2017-01-05,'000605,渤海股份,21.36,21.68,21.34,21.56,21.47,-0.11,-0.5123,1.4135,1674128,35976951.86,4165009169.76,2529780464.4
2017-01-04,'000605,渤海股份,21.47,21.59,21.26,21.3,21.36,0.11,0.515,1.5174,1797110,38521305.12,4186458187.02,2542808360.05
2017-01-03,'000605,渤海股份,21.36,21.48,21.08,21.35,21.03,0.33,1.5692,1.6422,1944907,41456723.86,4165009169.76,2529780464.4
2016-12-30,'000605,渤海股份,21.03,21.3,20.8,20.99,20.88,0.15,0.7184,1.5218,1802362,38073984.96,4100662117.98,2490696777.45
2016-12-29,'000605,渤海股份,20.88,21.18,20.72,21.18,21.04,-0.16,-0.7605,1.2506,1481136,31032568.25,4071413458.08,2472931465.2
2016-12-28,'000605,渤海股份,21.04,21.35,20.91,21.0,21.16,-0.12,-0.5671,1.2059,1428235,30158945.76,4102612028.64,2491881131.6
2016-12-27,'000605,渤海股份,21.16,21.76,20.95,21.15,20.91,0.25,1.1956,2.5116,2974591,63277685.56,4126010956.56,2506093381.4
2016-12-26,'000605,渤海股份,20.91,20.92,20.05,20.62,20.64,0.27,1.3081,1.4335,1697799,34751911.29,4077263190.06,2476484527.65
2016-12-23,'000605,渤海股份,20.64,21.25,20.6,20.97,21.02,-0.38,-1.8078,1.8269,2163701,45215188.69,4024615602.24,2444506965.6
2016-12-22,'000605,渤海股份,21.02,21.48,21.0,21.44,21.27,-0.25,-1.1754,1.4301,1693715,35741583.13,4098712207.32,2489512423.3
2016-12-21,'000605,渤海股份,21.27,21.48,20.81,20.81,20.89,0.38,1.8191,1.9389,2296319,48808556.68,4147459973.82,2519121277.05
2016-12-20,'000605,渤海股份,20.89,20.97,20.69,20.83,20.83,0.06,0.288,1.2057,1427925,29837430.98,4073363368.74,2474115819.35
2016-12-19,'000605,渤海股份,20.83,20.99,20.5,20.67,20.66,0.17,0.8228,1.3987,1656590,34428286.33,4061663904.78,2467009694.45
2016-12-16,'000605,渤海股份,20.66,20.76,20.2,20.63,20.43,0.23,1.1258,1.5568,1843760,37878509.21,4028515423.56,2446875673.9
2016-12-15,'000605,渤海股份,20.43,20.65,19.82,20.0,20.09,0.34,1.6924,1.855,2197017,44615993.46,3983667478.38,2419635528.45
2016-12-14,'000605,渤海股份,20.09,20.5,19.82,20.46,20.41,-0.32,-1.5679,1.9366,2293597,46286383.3,3917370515.94,2379367487.35
2016-12-13,'000605,渤海股份,20.41,20.68,19.71,20.2,20.2,0.21,1.0396,1.3883,1644221,33395065.66,3979767657.06,2417266820.15
2016-12-12,'000605,渤海股份,20.2,21.94,20.2,21.94,21.96,-1.76,-8.0146,2.5558,3027017,63698682.08,3938819533.2,2392395383.0
2016-12-09,'000605,渤海股份,21.96,22.0,21.7,21.95,21.95,0.01,0.0456,1.6415,1944103,42516868.77,4282003809.36,2600841713.4
2016-12-08,'000605,渤海股份,21.95,22.38,21.94,22.13,22.11,-0.16,-0.7237,1.7233,2041006,45284864.98,4280053898.7,2599657359.25
2016-12-07,'000605,渤海股份,22.11,22.12,21.78,22.0,21.9,0.21,0.9589,1.6269,1926875,42416971.86,4311252469.26,2618607025.65
2016-12-06,'000605,渤海股份,21.9,22.22,21.78,21.98,21.98,-0.08,-0.364,1.43,1693654,37220920.63,4270304345.4,2593735588.5
2016-12-05,'000605,渤海股份,21.98,22.09,21.2,21.56,21.56,0.42,1.9481,2.1975,2602574,56708602.1,4285903630.68,2603210421.7
2016-12-02,'000605,渤海股份,21.56,22.53,21.52,22.4,22.57,-1.01,-4.475,2.7092,3208675,70485492.5,4204007382.96,2553467547.4
2016-12-01,'000605,渤海股份,22.57,22.57,22.12,22.12,22.29,0.28,1.2562,2.3339,2764208,61829654.41,4400948359.62,2673087316.55
2016-11-30,'000605,渤海股份,22.29,23.24,22.22,23.2,23.08,-0.79,-3.4229,3.6796,4357924,98378552.71,4346350861.14,2639925400.35
2016-11-29,'000605,渤海股份,23.08,23.62,23.06,23.6,23.66,-0.58,-2.4514,2.6247,3108554,72191580.21,4500393803.28,2733489378.2
2016-11-28,'000605,渤海股份,23.66,23.86,23.4,23.58,23.58,0.08,0.3393,2.1486,2544666,59936502.59,4613488621.56,2802181918.9
2016-11-25,'000605,渤海股份,23.58,24.15,23.01,23.88,23.87,-0.29,-1.2149,2.618,3100583,72889374.88,4597889336.28,2792707085.7
2016-11-24,'000605,渤海股份,23.87,24.38,23.85,24.38,24.3,-0.43,-1.7695,3.0782,3645704,87734684.26,4654436745.42,2827053356.05
2016-11-23,'000605,渤海股份,24.3,24.96,24.2,24.92,24.88,-0.58,-2.3312,4.4997,5329263,130289686.4,4738282903.8,2877980584.5
2016-11-22,'000605,渤海股份,24.88,25.19,24.34,24.34,24.15,0.73,3.0228,7.4064,8771754,217747895.28,4851377722.08,2946673125.2
2016-11-21,'000605,渤海股份,24.15,24.31,24.01,24.11,24.14,0.01,0.0414,3.0418,3602568,86983231.3,4709034243.9,2860215272.25
2016-11-18,'000605,渤海股份,24.14,24.74,24.1,24.29,24.47,-0.33,-1.3486,4.5363,5372552,130721826.88,4707084333.24,2859030918.1
2016-11-17,'000605,渤海股份,24.47,24.94,24.38,24.94,25.51,-1.04,-4.0768,8.3208,9854796,242096067.84,4771431385.02,2898114605.05
2016-11-16,'000605,渤海股份,25.51,26.22,25.4,25.61,24.62,0.89,3.6149,20.0258,23717695,610112774.98,4974222093.66,3021287436.65
2016-11-15,'000605,渤海股份,24.62,24.72,24.1,24.3,24.2,0.42,1.7355,5.7509,6811125,166568210.0,4800680044.92,2915879917.3
2016-11-14,'000605,渤海股份,24.2,24.28,23.71,23.71,23.85,0.35,1.4675,3.8784,4593456,110300779.33,4718783797.2,2866137043.0
2016-11-11,'000605,渤海股份,23.85,23.95,23.61,23.92,23.95,-0.1,-0.4175,2.9474,3490730,82908567.01,4650536924.1,2824684647.75
2016-11-10,'000605,渤海股份,23.95,23.98,23.71,23.98,23.66,0.29,1.2257,3.052,3614662,86321456.1,4670036030.7,2836528189.25
2016-11-09,'000605,渤海股份,23.66,24.38,23.33,24.29,24.26,-0.6,-2.4732,4.7933,5676943,135026968.16,4613488621.56,2802181918.9
2016-11-08,'000605,渤海股份,24.26,25.15,24.25,24.35,24.32,-0.06,-0.2467,4.5433,5380905,132162194.22,4730483261.16,2873243167.9
2016-11-07,'000605,渤海股份,24.32,24.5,24.1,24.26,24.53,-0.21,-0.8561,4.0741,4825214,117162603.45,4742182725.12,2880349292.8
2016-11-04,'000605,渤海股份,24.53,24.97,23.36,23.75,23.53,1.0,4.2499,7.5483,8939859,216587418.16,4783130848.98,2905220729.95
2016-11-03,'000605,渤海股份,23.53,23.75,23.09,23.19,23.3,0.23,0.9871,3.974,4706567,110632449.04,4588139782.98,2786785314.95
2016-11-02,'000605,渤海股份,23.3,23.78,23.2,23.6,23.77,-0.47,-1.9773,3.2568,3857203,90304917.04,4543291837.8,2759545169.5
2016-11-01,'000605,渤海股份,23.77,23.86,23.39,23.5,23.57,0.2,0.8485,3.3641,3984291,94355617.65,4634937638.82,2815209814.55
2016-10-31,'000605,渤海股份,23.57,23.8,23.03,23.2,23.71,-0.14,-0.5905,3.0495,3611700,84489420.12,4595939425.62,2791522731.55
2016-10-28,'000605,渤海股份,23.71,24.19,23.45,23.99,24.25,-0.54,-2.2268,5.2396,6205540,147163712.79,4623238174.86,2808103689.65
2016-10-27,'000605,渤海股份,24.25,24.35,23.61,23.86,24.08,0.17,0.706,4.0865,4839840,116063940.63,4728533350.5,2872058813.75
2016-10-26,'000605,渤海股份,24.08,24.56,23.73,24.55,24.73,-0.65,-2.6284,6.5921,7807345,188203406.85,4695384869.28,2851924793.2
2016-10-25,'000605,渤海股份,24.73,24.87,23.71,23.85,23.84,0.89,3.7332,8.8125,10437130,254563508.99,4822129062.18,2928907812.95
2016-10-24,'000605,渤海股份,23.84,24.24,23.51,23.77,23.81,0.03,0.126,5.178,6132630,146777993.16,4648587013.44,2823500293.6
2016-10-21,'000605,渤海股份,23.81,24.95,23.55,24.74,24.75,-0.94,-3.798,7.7722,9205081,222121998.21,4642737281.46,2819947231.15
2016-10-20,'000605,渤海股份,24.75,25.0,24.42,24.86,25.16,-0.41,-1.6296,9.0221,10685312,263827056.42,4826028883.5,2931276521.25
2016-10-19,'000605,渤海股份,25.16,25.41,23.33,23.36,23.36,1.8,7.7055,12.1583,14399742,350887697.26,4905975220.56,2979835041.4
2016-10-18,'000605,渤海股份,23.36,23.36,22.77,22.96,22.95,0.41,1.7865,5.0313,5958847,137885337.58,4554991301.76,2766651294.4
2016-10-17,'000605,渤海股份,22.95,23.84,22.94,23.54,23.65,-0.7,-2.9598,4.3973,5207935,121998877.96,4475044964.7,2718092774.25
2016-10-14,'000605,渤海股份,23.65,24.27,23.58,24.24,24.31,-0.66,-2.7149,6.2358,7385420,176343183.64,4611538710.9,2800997564.75
2016-10-13,'000605,渤海股份,24.31,24.77,24.16,24.33,24.18,0.13,0.5376,6.7978,8051028,197026237.11,4740232814.46,2879164938.65
2016-10-12,'000605,渤海股份,24.18,24.55,24.11,24.51,24.8,-0.62,-2.5,6.4083,7589638,184112494.0,4714883975.88,2863768334.7
2016-10-11,'000605,渤海股份,24.8,25.23,24.24,24.6,24.74,0.06,0.2425,9.5087,11261639,277964028.94,4835778436.8,2937198292.0
2016-10-10,'000605,渤海股份,24.74,24.76,23.81,23.99,23.84,0.9,3.7752,9.4661,11211222,273967374.69,4824078972.84,2930092167.1
2016-09-30,'000605,渤海股份,23.84,23.85,23.38,23.49,23.58,0.26,1.1026,5.3124,6291759,148588903.49,4648587013.44,2823500293.6
2016-09-29,'000605,渤海股份,23.58,23.85,23.33,23.46,23.41,0.17,0.7262,5.671,6716487,158407427.62,4597889336.28,2792707085.7
2016-09-28,'000605,渤海股份,23.41,23.79,23.31,23.43,23.47,-0.06,-0.2556,5.6467,6687719,157302871.33,4564740855.06,2772573065.15
2016-09-27,'000605,渤海股份,23.47,23.78,22.94,23.7,23.6,-0.13,-0.5508,7.2896,8633522,201048057.29,4576440319.02,2779679190.05
2016-09-26,'000605,渤海股份,23.6,24.25,23.6,23.91,24.35,-0.75,-3.0801,7.7879,9223600,220233855.02,4601789157.6,2795075794.0
2016-09-23,'000605,渤海股份,24.35,25.18,24.3,24.71,24.7,-0.35,-1.417,9.3899,11120971,274865152.56,4748032457.1,2883902355.25
2016-09-22,'000605,渤海股份,24.7,24.92,24.4,24.58,24.57,0.13,0.5291,10.6668,12633222,311559966.69,4816279330.2,2925354750.5
2016-09-21,'000605,渤海股份,24.57,24.66,24.02,24.2,24.48,0.09,0.3676,9.8076,11615693,282929690.34,4790930491.62,2909958146.55
2016-09-20,'000605,渤海股份,24.48,25.78,24.3,25.45,25.2,-0.72,-2.8571,17.0398,20181105,507760724.27,4773381295.68,2899298959.2
2016-09-19,'000605,渤海股份,25.2,25.8,25.15,25.58,25.29,-0.09,-0.3559,10.1783,12054765,305749117.4,4913774863.2,2984572458.0
2016-09-14,'000605,渤海股份,25.29,26.15,25.03,25.48,25.69,-0.4,-1.557,11.9115,14107391,359852169.95,4931324059.14,2995231645.35
2016-09-13,'000605,渤海股份,25.69,27.38,25.38,27.18,26.66,-0.97,-3.6384,20.4492,24219153,635536639.33,5009320485.54,3042605811.35
2016-09-12,'000605,渤海股份,26.66,28.5,26.48,27.55,27.92,-1.26,-4.5129,23.7675,28149116,775284644.75,5198461819.56,3157488163.9
2016-09-09,'000605,渤海股份,27.92,27.92,24.5,24.85,25.38,2.54,10.0079,27.8882,33029552,870390780.45,5444150562.72,3306716786.8
2016-09-08,'000605,渤海股份,25.38,26.42,23.66,24.9,24.02,1.36,5.6619,30.356,35952271,892529637.07,4948873255.08,3005890832.7
2016-09-07,'000605,渤海股份,24.02,24.02,23.01,23.01,21.84,2.18,9.9817,11.8835,14074224,336691604.48,4683685405.32,2844818668.3
2016-09-06,'000605,渤海股份,21.84,22.22,19.78,20.16,20.2,1.64,8.1188,11.8909,14082980,297901707.2,4258604881.44,2586629463.6
2016-09-05,'000605,渤海股份,20.2,20.23,19.7,19.82,19.7,0.5,2.5381,5.1847,6140505,122813041.4,3938819533.2,2392395383.0
2016-09-02,'000605,渤海股份,19.7,20.15,19.66,20.08,20.03,-0.33,-1.6475,5.05,5980964,118742396.37,3841324000.2,2333177675.5
2016-09-01,'000605,渤海股份,20.03,20.55,20.03,20.45,20.4,-0.37,-1.8137,5.3827,6375028,128836075.94,3905671051.98,2372261362.45
2016-08-31,'000605,渤海股份,20.4,20.69,20.1,20.5,21.2,-0.8,-3.7736,9.749,11546274,235214593.77,3977817746.4,2416082466.0
2016-08-30,'000605,渤海股份,21.2,23.37,21.15,23.0,23.5,-2.3,-9.7872,19.3544,22922498,496629212.47,4133810599.2,2510830798.0
2016-08-29,'000605,渤海股份,23.5,23.87,22.34,22.63,22.72,0.78,3.4331,10.6793,12648071,296615412.12,4582290051.0,2783232252.5
2016-08-26,'000605,渤海股份,22.72,23.27,21.46,21.7,21.7,1.02,4.7005,5.7909,6858487,153224299.37,4430197019.52,2690852628.8
2016-08-25,'000605,渤海股份,21.7,22.0,21.03,21.29,21.32,0.38,1.7824,4.5484,5386959,116016642.04,4231306132.2,2570048505.5
2016-08-24,'000605,渤海股份,21.32,21.34,20.62,20.62,20.75,0.57,2.747,3.9035,4623120,97482713.32,4157209527.12,2525043047.8
2016-08-23,'000605,渤海股份,20.75,21.07,20.23,20.55,20.55,0.2,0.9732,2.9683,3515482,72260533.05,4046064619.5,2457534861.25
2016-08-22,'000605,渤海股份,20.55,21.25,20.55,20.97,21.08,-0.53,-2.5142,2.7833,3296416,69009033.72,4007066406.3,2433847778.25
2016-08-19,'000605,渤海股份,21.08,21.56,21.02,21.29,21.29,-0.21,-0.9864,1.8759,2221776,47245503.67,4110411671.28,2496618548.2
2016-08-18,'000605,渤海股份,21.29,21.71,21.15,21.58,21.62,-0.33,-1.5264,2.1429,2537976,54222156.09,4151359795.14,2521489985.35
2016-08-17,'000605,渤海股份,21.62,21.73,21.0,21.17,21.02,0.6,2.8544,3.267,3869290,82711465.81,4215706846.92,2560573672.3
2016-08-16,'000605,渤海股份,21.02,21.26,20.76,20.91,21.02,0.0,0.0,2.5503,3020476,63394812.1,4098712207.32,2489512423.3
2016-08-15,'000605,渤海股份,21.02,21.32,20.08,20.5,20.54,0.48,2.3369,5.7201,6774646,139952434.22,4098712207.32,2489512423.3
2016-08-12,'000605,渤海股份,20.54,20.74,20.34,20.7,20.85,-0.31,-1.4868,2.4268,2874183,58893919.15,4005116495.64,2432663424.1
2016-08-11,'000605,渤海股份,20.85,20.93,20.01,20.2,20.08,0.77,3.8347,5.0325,5960260,122148179.42,4065563726.1,2469378402.75
2016-08-10,'000605,渤海股份,20.08,20.38,20.03,20.07,20.07,0.01,0.0498,2.843,3367092,68065784.66,3915420605.28,2378183133.2
2016-08-09,'000605,渤海股份,20.07,20.61,19.97,20.2,20.0,0.07,0.35,3.2496,3848718,77894606.77,3913470694.62,2376998779.05
2016-08-08,'000605,渤海股份,20.0,20.49,19.25,19.29,19.31,0.69,3.5733,4.421,5236012,104210484.8,3899821320.0,2368708300.0
2016-08-05,'000605,渤海股份,19.31,19.46,18.65,18.7,18.72,0.59,3.1517,3.4883,4131414,79016267.66,3765277484.46,2286987863.65
2016-08-04,'000605,渤海股份,18.72,19.09,18.69,19.0,19.16,-0.44,-2.2965,2.6585,3148610,59341010.89,3650232755.52,2217110968.8
2016-08-03,'000605,渤海股份,19.16,19.95,18.14,18.24,18.14,1.02,5.6229,4.8178,5705924,108661466.1,3736028824.56,2269222551.4
2016-08-02,'000605,渤海股份,18.14,18.18,17.56,17.61,17.66,0.48,2.718,2.1738,2574561,45962184.89,3537137937.24,2148418428.1
2016-08-01,'000605,渤海股份,17.66,18.58,17.45,18.58,18.58,-0.92,-4.9516,2.3546,2788651,49714056.0,3443542225.56,2091569428.9
2016-07-29,'000605,渤海股份,18.58,18.68,18.44,18.55,18.45,0.13,0.7046,1.4581,1726851,32050401.94,3622934006.28,2200530010.7
2016-07-28,'000605,渤海股份,18.45,18.98,18.16,18.73,18.71,-0.26,-1.3896,2.5497,3019777,55909987.96,3597585167.7,2185133406.75
2016-07-27,'000605,渤海股份,18.71,20.65,18.61,20.54,20.55,-1.84,-8.9538,4.0168,4757335,92911017.65,3648282844.86,2215926614.65
2016-07-26,'000605,渤海股份,20.55,20.85,20.32,20.32,20.41,0.14,0.6859,1.708,2022927,41665036.28,4007066406.3,2433847778.25
2016-07-25,'000605,渤海股份,20.41,20.63,20.02,20.02,20.06,0.35,1.7448,2.8684,3397218,69348118.08,3979767657.06,2417266820.15
2016-07-22,'000605,渤海股份,20.06,20.31,19.95,20.3,20.3,-0.24,-1.1823,2.5218,2986762,60012438.08,3911520783.96,2375814424.9
2016-07-21,'000605,渤海股份,20.3,20.89,20.17,20.31,20.31,-0.01,-0.0492,3.9048,4624608,95127020.43,3958318639.8,2404238924.5
2016-07-20,'000605,渤海股份,20.31,20.5,20.11,20.5,20.47,-0.16,-0.7816,2.0649,2445592,49659170.06,3960268550.46,2405423278.65
2016-07-19,'000605,渤海股份,20.47,20.62,20.04,20.04,20.16,0.31,1.5377,3.2479,3846618,78497465.88,3991467121.02,2424372945.05
2016-07-18,'000605,渤海股份,20.16,20.44,20.01,20.18,20.47,-0.31,-1.5144,3.2294,3824807,77160900.87,3931019890.56,2387657966.4
2016-07-15,'000605,渤海股份,20.47,20.92,20.35,20.9,20.9,-0.43,-2.0574,4.7931,5676689,116697326.55,3991467121.02,2424372945.05
2016-07-14,'000605,渤海股份,20.9,22.15,20.65,21.98,21.52,-0.62,-2.881,11.9541,14157944,299293120.51,4075313279.4,2475300173.5
2016-07-13,'000605,渤海股份,21.52,21.52,19.58,19.77,19.56,1.96,10.0204,7.9877,9460260,195567947.64,4196207740.32,2548730130.8
2016-07-12,'000605,渤海股份,19.56,19.69,18.9,19.08,19.05,0.51,2.6772,4.5156,5348125,103665423.48,3814025250.96,2316596717.4
2016-07-11,'000605,渤海股份,19.05,19.5,18.63,18.77,18.8,0.25,1.3298,3.5488,4203032,80293964.03,3714579807.3,2256194655.75
2016-07-08,'000605,渤海股份,18.8,19.19,18.37,18.44,18.53,0.27,1.4571,3.4126,4041741,75876546.68,3665832040.8,2226585802.0
2016-07-07,'000605,渤海股份,18.53,18.7,18.28,18.6,18.72,-0.19,-1.015,2.0684,2449736,45274079.64,3613184452.98,2194608239.95
2016-07-06,'000605,渤海股份,18.72,18.87,18.26,18.39,18.45,0.27,1.4634,3.0047,3558600,65969945.31,3650232755.52,2217110968.8
2016-07-05,'000605,渤海股份,18.45,18.58,18.3,18.58,18.56,-0.11,-0.5927,2.0967,2483270,45781662.02,3597585167.7,2185133406.75
2016-07-04,'000605,渤海股份,18.56,18.6,17.93,18.06,18.16,0.4,2.2026,2.7626,3271934,60240473.55,3619034184.96,2198161302.4
2016-07-01,'000605,渤海股份,18.16,18.36,18.1,18.27,18.17,-0.01,-0.055,1.6773,1986549,36204479.22,3541037758.56,2150787136.4
2016-06-30,'000605,渤海股份,18.17,18.44,17.95,18.32,18.3,-0.13,-0.7104,1.9077,2259350,40997242.5,3542987669.22,2151971490.55
2016-06-29,'000605,渤海股份,18.3,18.98,18.23,18.46,18.61,-0.31,-1.6658,2.8075,3325120,61333918.4,3568336507.8,2167368094.5
2016-06-28,'000605,渤海股份,18.61,18.81,17.66,17.74,17.82,0.79,4.4332,4.2264,5005518,91292070.11,3628783738.26,2204083073.15
2016-06-27,'000605,渤海股份,17.82,17.9,17.02,17.4,17.47,0.35,2.0034,2.1221,2513322,44429176.23,3474740796.12,2110519095.3
2016-06-24,'000605,渤海股份,17.47,17.9,16.81,17.7,17.55,-0.08,-0.4558,1.7822,2110804,36657178.61,3406493923.02,2069066700.05
2016-06-23,'000605,渤海股份,17.55,17.9,17.46,17.6,17.6,-0.05,-0.2841,1.6917,2003571,35371526.28,3422093208.3,2078541533.25
2016-06-22,'000605,渤海股份,17.6,17.65,17.08,17.11,17.25,0.35,2.029,1.5398,1823629,31624205.02,3431842761.6,2084463304.0
2016-06-21,'000605,渤海股份,17.25,17.45,17.02,17.13,17.08,0.17,0.9953,1.6358,1937388,33457314.15,3363595888.5,2043010908.75
2016-06-20,'000605,渤海股份,17.08,17.27,16.6,17.26,17.25,-0.17,-0.9855,1.5158,1795211,30423116.08,3330447407.28,2022876888.2
2016-06-17,'000605,渤海股份,17.25,17.48,17.08,17.08,17.03,0.22,1.2918,1.8669,2211122,38345738.17,3363595888.5,2043010908.75
2016-06-16,'000605,渤海股份,17.03,17.25,16.97,17.03,17.17,-0.14,-0.8154,1.4739,1745650,29846628.0,3320697853.98,2016955117.45
2016-06-15,'000605,渤海股份,17.17,17.35,16.5,16.56,16.62,0.55,3.3093,1.4777,1750154,29831463.81,3347996603.22,2033536075.55
2016-06-14,'000605,渤海股份,16.62,16.9,16.4,16.65,16.68,-0.06,-0.3597,1.4627,1732316,28865220.78,3240751516.92,1968396597.3
2016-06-13,'000605,渤海股份,16.68,17.9,16.68,17.9,17.99,-1.31,-7.2818,2.2266,2637111,45896558.43,3252450980.88,1975502722.2
2016-06-08,'000605,渤海股份,17.99,18.19,17.79,18.03,18.18,-0.19,-1.0451,1.5585,1845771,33169756.13,3507889277.34,2130653115.85
2016-06-07,'000605,渤海股份,18.18,18.2,17.83,18.03,18.05,0.13,0.7202,2.1208,2511745,45446522.94,3544937579.88,2153155844.7
2016-06-06,'000605,渤海股份,18.05,18.18,17.8,18.18,17.96,0.09,0.5011,1.5778,1868728,33497525.07,3519588741.3,2137759240.75
2016-06-03,'000605,渤海股份,17.96,18.14,17.84,18.14,18.01,-0.05,-0.2776,2.1297,2522347,45359805.23,3502039545.36,2127100053.4
2016-06-02,'000605,渤海股份,18.01,18.27,17.85,18.05,17.89,0.12,0.6708,2.162,2560575,46183327.61,3511789098.66,2133021824.15
2016-06-01,'000605,渤海股份,17.89,18.14,17.85,18.1,18.13,-0.24,-1.3238,3.512,4159453,74799197.49,3488390170.74,2118809574.35
2016-05-31,'000605,渤海股份,18.13,18.16,17.51,17.68,17.67,0.46,2.6033,4.5478,5386195,96369702.16,3535188026.58,2147234073.95
2016-05-30,'000605,渤海股份,17.67,17.84,17.02,17.36,17.42,0.25,1.4351,3.696,4377392,76778449.98,3445492136.22,2092753783.05
2016-05-27,'000605,渤海股份,17.42,17.87,16.6,16.71,16.67,0.75,4.4991,4.0374,4781657,82461114.87,3396744369.72,2063144929.3
2016-05-26,'000605,渤海股份,16.67,16.71,16.25,16.56,16.65,0.02,0.1201,1.2448,1474289,24351954.09,3250501070.22,1974318368.05
2016-05-25,'000605,渤海股份,16.65,16.85,16.51,16.77,16.59,0.06,0.3617,1.2569,1488564,24858148.06,3246601248.9,1971949659.75
2016-05-24,'000605,渤海股份,16.59,16.92,16.24,16.77,16.85,-0.26,-1.543,1.6751,1983903,33069994.14,3234901784.94,1964843534.85
2016-05-23,'000605,渤海股份,16.85,16.93,16.53,16.7,16.56,0.29,1.7512,1.1928,1412652,23713094.63,3285599462.1,1995636742.75
2016-05-20,'000605,渤海股份,16.56,16.56,16.07,16.32,16.32,0.24,1.4706,1.237,1465075,24002215.46,3229052052.96,1961290472.4
2016-05-19,'000605,渤海股份,16.32,16.71,16.21,16.35,16.29,0.03,0.1842,1.4387,1703984,28139460.01,3182254197.12,1932865972.8
2016-05-18,'000605,渤海股份,16.29,16.94,16.0,16.78,17.0,-0.71,-4.1765,1.9176,2271068,37331352.3,3176404465.14,1929312910.35
2016-05-17,'000605,渤海股份,17.0,17.17,16.78,17.05,17.02,-0.02,-0.1175,1.3654,1617062,27447465.82,3314848122.0,2013402055.0
2016-05-16,'000605,渤海股份,17.02,17.04,16.52,16.65,16.7,0.32,1.9162,1.3503,1599211,26923424.64,3318747943.32,2015770763.3
2016-05-13,'000605,渤海股份,16.7,17.19,16.65,16.85,16.85,-0.15,-0.8902,1.646,1949474,32918729.31,3256350802.2,1977871430.5
2016-05-12,'000605,渤海股份,16.85,16.94,16.3,16.77,17.01,-0.16,-0.9406,1.5418,1826035,30503458.27,3285599462.1,1995636742.75
2016-05-11,'000605,渤海股份,17.01,17.27,16.86,17.06,17.0,0.01,0.0588,1.6046,1900391,32488616.99,3316798032.66,2014586409.15
2016-05-10,'000605,渤海股份,17.0,17.09,16.8,17.05,16.92,0.08,0.4728,1.6201,1918818,32610228.4,3314848122.0,2013402055.0
2016-05-09,'000605,渤海股份,16.92,17.85,16.8,17.85,18.17,-1.25,-6.8795,3.0057,3559852,61379209.76,3299248836.72,2003927221.8
2016-05-06,'000605,渤海股份,18.17,19.37,18.13,19.3,19.45,-1.28,-6.581,4.6649,5524933,103592391.08,3542987669.22,2151971490.55
2016-05-05,'000605,渤海股份,19.45,19.77,18.85,19.4,19.62,-0.17,-0.8665,5.8634,6944340,133192522.42,3792576233.7,2303568821.75
2016-05-04,'000605,渤海股份,19.62,20.0,19.45,19.67,19.64,-0.02,-0.1018,3.6671,4343192,85814644.03,3825724714.92,2323702842.3
2016-05-03,'000605,渤海股份,19.64,19.79,19.02,19.03,19.03,0.61,3.2055,2.9696,3517028,68759588.63,3829624536.24,2326071550.6
2016-04-29,'000605,渤海股份,19.03,19.23,18.64,18.66,18.86,0.17,0.9014,2.1065,2494901,47222239.48,3710679985.98,2253825947.45
2016-04-28,'000605,渤海股份,18.86,18.94,18.39,18.43,18.41,0.45,2.4443,3.5219,4171181,78030683.37,3677531504.76,2233691926.9
2016-04-27,'000605,渤海股份,18.41,18.76,18.39,18.39,18.27,0.14,0.7663,3.1182,3693005,68656384.98,3589785525.06,2180395990.15
2016-04-26,'000605,渤海股份,18.27,18.28,17.82,17.99,17.95,0.32,1.7827,2.0144,2385707,43140927.84,3562486775.82,2163815032.05
2016-04-25,'000605,渤海股份,17.95,18.35,17.51,18.35,18.38,-0.43,-2.3395,2.1119,2501235,44882261.45,3500089634.7,2125915699.25
2016-04-22,'000605,渤海股份,18.38,18.85,17.82,18.01,18.2,0.18,0.989,2.667,3158681,57599416.34,3583935793.08,2176842927.7
2016-04-21,'000605,渤海股份,18.2,18.67,18.1,18.4,18.55,-0.35,-1.8868,3.8532,4563537,83678786.87,3548837401.2,2155524553.0
2016-04-20,'000605,渤海股份,18.55,20.1,18.11,19.99,19.87,-1.32,-6.6432,5.4993,6513110,124078978.78,3617084274.3,2196976948.25
2016-04-19,'000605,渤海股份,19.87,20.16,19.64,20.03,19.87,0.0,0.0,2.4746,2930847,58201542.65,3874472481.42,2353311696.05
2016-04-18,'000605,渤海股份,19.87,20.64,19.79,20.5,20.64,-0.77,-3.7306,3.7425,4432457,88599649.04,3874472481.42,2353311696.05
2016-04-15,'000605,渤海股份,20.64,20.8,20.4,20.41,20.48,0.16,0.7813,3.5525,4207428,86631324.5,4024615602.24,2444506965.6
2016-04-14,'000605,渤海股份,20.48,20.95,20.21,20.3,20.4,0.08,0.3922,5.3481,6334031,130449119.11,3993417031.68,2425557299.2
2016-04-13,'000605,渤海股份,20.4,20.55,19.79,20.05,19.9,0.5,2.5126,8.0136,9490969,192051589.99,3977817746.4,2416082466.0
2016-04-12,'000605,渤海股份,19.9,19.94,19.2,19.5,19.7,0.2,1.0152,4.3782,5185331,101148324.8,3880322213.4,2356864758.5
2016-04-11,'000605,渤海股份,19.7,19.78,19.2,19.2,19.13,0.57,2.9796,3.7237,4410141,86513354.97,3841324000.2,2333177675.5
2016-04-08,'000605,渤海股份,19.13,19.28,18.7,19.13,19.13,0.0,0.0,2.9796,3528960,66965048.68,3730179092.58,2265669488.95
2016-04-07,'000605,渤海股份,19.13,20.15,19.09,19.91,19.9,-0.77,-3.8693,4.6349,5489376,107311778.33,3730179092.58,2265669488.95
2016-04-06,'000605,渤海股份,19.9,19.97,19.42,19.57,19.58,0.32,1.6343,5.2435,6210127,122228349.27,3880322213.4,2356864758.5
2016-04-05,'000605,渤海股份,19.58,19.79,18.8,18.8,18.9,0.68,3.5979,5.1444,6092807,117880723.77,3817925072.28,2318965425.7
2016-04-01,'000605,渤海股份,18.9,19.13,18.5,19.1,19.2,-0.3,-1.5625,3.3722,3993895,75214332.8,3685331147.4,2238429343.5
2016-03-31,'000605,渤海股份,19.2,19.55,19.15,19.51,19.34,-0.14,-0.7239,3.5966,4259655,82464752.76,3743828467.2,2273959968.0
2016-03-30,'000605,渤海股份,19.34,19.35,18.6,19.0,18.8,0.54,2.8723,4.5397,5376636,102485219.58,3771127216.44,2290540926.1
2016-03-29,'000605,渤海股份,18.8,19.59,18.5,19.5,19.75,-0.95,-4.8101,4.7264,5597784,106394807.43,3665832040.8,2226585802.0
2016-03-28,'000605,渤海股份,19.75,20.65,19.3,19.55,19.71,0.04,0.2029,6.5929,7808382,154878700.56,3851073553.5,2339099446.25
2016-03-25,'000605,渤海股份,19.71,19.85,18.71,19.21,19.44,0.27,1.3889,4.1182,4877446,93844988.13,3843273910.86,2334362029.65
2016-03-24,'000605,渤海股份,19.44,19.98,18.75,19.0,19.2,0.24,1.25,6.2302,7378777,145094271.91,3790626323.04,2302384467.6
2016-03-23,'000605,渤海股份,19.2,19.49,18.9,19.06,19.28,-0.08,-0.4149,3.6485,4321144,82547404.07,3743828467.2,2273959968.0
2016-03-22,'000605,渤海股份,19.28,19.85,19.11,19.12,19.09,0.19,0.9953,5.0541,5985881,116379355.95,3759427752.48,2283434801.2
2016-03-21,'000605,渤海股份,19.09,19.5,18.58,19.09,18.88,0.21,1.1123,5.4526,6457785,122698164.02,3722379449.94,2260932072.35
2016-03-18,'000605,渤海股份,18.88,18.88,17.5,17.53,17.47,1.41,8.071,5.8561,6935701,126347247.79,3681431326.08,2236060635.2
2016-03-17,'000605,渤海股份,17.47,17.66,16.94,16.95,16.93,0.54,3.1896,5.2154,6176869,106926205.2,3406493923.02,2069066700.05
2016-03-16,'000605,渤海股份,16.93,17.51,16.8,17.35,17.2,-0.27,-1.5698,2.6457,3133450,53620979.3,3301198747.38,2005111575.95
2016-03-15,'000605,渤海股份,17.2,17.55,17.03,17.2,17.28,-0.08,-0.463,3.1406,3719580,64256433.96,3353846335.2,2037089138.0
2016-03-14,'000605,渤海股份,17.28,17.4,16.6,16.7,16.44,0.84,5.1095,3.818,4521876,77437513.77,3369445620.48,2046563971.2
2016-03-11,'000605,渤海股份,16.44,16.62,16.17,16.42,16.58,-0.14,-0.8444,1.9088,2260642,37114537.14,3205653125.04,1947078222.6
2016-03-10,'000605,渤海股份,16.58,17.0,16.45,16.85,16.79,-0.21,-1.2507,2.3349,2765326,46275862.06,3232951874.28,1963659180.7
2016-03-09,'000605,渤海股份,16.79,17.27,16.67,17.13,17.5,-0.71,-4.0571,2.6578,3147820,53374442.81,3273899998.14,1988530617.85
2016-03-08,'000605,渤海股份,17.5,17.51,16.32,17.37,17.37,0.13,0.7484,3.7524,4444160,75413281.95,3412343655.0,2072619762.5
2016-03-07,'000605,渤海股份,17.37,17.49,16.84,16.84,16.76,0.61,3.6396,2.8528,3378720,58322911.97,3386994816.42,2057223158.55
2016-03-04,'000605,渤海股份,16.76,18.06,16.3,17.78,17.91,-1.15,-6.421,5.5299,6549376,112228693.31,3268050266.16,1984977555.4
2016-03-03,'000605,渤海股份,17.91,18.59,17.65,17.73,17.83,0.08,0.4487,6.367,7540795,137682970.19,3492289992.06,2121178282.65
2016-03-02,'000605,渤海股份,17.83,18.0,16.73,17.0,16.96,0.87,5.1297,5.9703,7070954,122920018.43,3476690706.78,2111703449.45
2016-03-01,'000605,渤海股份,16.96,17.06,16.17,16.26,16.18,0.78,4.8208,4.8793,5778870,95756074.82,3307048479.36,2008664638.4
2016-02-29,'000605,渤海股份,16.18,17.4,15.8,17.19,17.4,-1.22,-7.0115,5.21,6170492,100681800.09,3154955447.88,1916285014.7
2016-02-26,'000605,渤海股份,17.4,18.06,16.84,17.82,17.72,-0.32,-1.8059,5.9007,6988565,122063532.7,3392844548.4,2060776221.0
2016-02-25,'000605,渤海股份,17.72,19.99,17.72,19.9,19.69,-1.97,-10.0051,7.7099,9131288,171649376.82,3455241689.52,2098675553.8
2016-02-24,'000605,渤海股份,19.69,20.33,18.9,19.92,19.9,-0.21,-1.0553,6.7197,7958471,156170772.98,3839374089.54,2331993321.35
2016-02-23,'000605,渤海股份,19.9,21.12,19.75,21.11,20.98,-1.08,-5.1478,7.1997,8526939,172728951.55,3880322213.4,2356864758.5
2016-02-22,'000605,渤海股份,20.98,21.79,20.35,21.0,20.42,0.56,2.7424,12.2612,14521549,303586789.3,4090912564.68,2484775006.7
2016-02-19,'000605,渤海股份,20.42,20.42,18.38,18.55,18.56,1.86,10.0216,10.6434,12605608,247301686.36,3981717567.72,2418451174.3
2016-02-18,'000605,渤海股份,18.56,19.86,18.16,18.43,18.28,0.28,1.5317,7.0573,8358326,157910949.29,3619034184.96,2198161302.4
2016-02-17,'000605,渤海股份,18.28,18.38,17.37,17.5,17.55,0.73,4.1595,6.8486,8111187,145593029.77,3564436686.48,2164999386.2
2016-02-16,'000605,渤海股份,17.55,17.69,16.6,16.6,16.57,0.98,5.9143,4.622,5474062,94683810.39,3422093208.3,2078541533.25
2016-02-15,'000605,渤海股份,16.57,16.9,15.91,16.02,16.86,-0.29,-1.72,3.7648,4458843,73048269.1,3231001963.62,1962474826.55
2016-02-05,'000605,渤海股份,16.86,17.8,16.85,17.3,17.29,-0.43,-2.487,5.5002,6514145,112413792.63,3287549372.76,1996821096.9
2016-02-04,'000605,渤海股份,17.29,17.48,16.92,16.96,16.88,0.41,2.4289,5.3666,6355972,109208549.39,3371395531.14,2047748325.35
2016-02-03,'000605,渤海股份,16.88,17.09,16.15,16.55,16.96,-0.08,-0.4717,4.8098,5696511,94421997.52,3291449194.08,1999189805.2
2016-02-02,'000605,渤海股份,16.96,17.15,16.11,16.24,16.36,0.6,3.6675,6.2909,7450712,125374432.06,3307048479.36,2008664638.4
2016-02-01,'000605,渤海股份,16.36,16.39,15.77,16.28,16.18,0.18,1.1125,6.5087,7708611,124365128.59,3190053839.76,1937603389.4
2016-01-29,'000605,渤海股份,16.18,16.5,15.1,15.41,15.32,0.86,5.6136,6.6059,7823682,124056931.42,3154955447.88,1916285014.7
2016-01-28,'000605,渤海股份,15.32,16.4,15.08,16.05,16.39,-1.07,-6.5284,5.5275,6546505,103968984.84,2987263131.12,1814430557.8
2016-01-27,'000605,渤海股份,16.39,16.8,15.3,16.6,16.59,-0.2,-1.2055,7.2401,8574789,137872233.77,3195903571.74,1941156451.85
2016-01-26,'000605,渤海股份,16.59,18.33,16.59,18.33,18.43,-1.84,-9.9837,8.6692,10267390,179941517.82,3234901784.94,1964843534.85
2016-01-25,'000605,渤海股份,18.43,18.56,17.8,17.8,17.7,0.73,4.1243,9.755,11553388,210394037.91,3593685346.38,2182764698.45
2016-01-22,'000605,渤海股份,17.7,18.49,17.19,18.37,18.06,-0.36,-1.9934,11.6431,13789574,244532550.46,3451341868.2,2096306845.5
2016-01-21,'000605,渤海股份,18.06,20.08,18.06,19.31,20.07,-2.01,-10.0149,10.3971,12313815,235553606.0,3521538651.96,2138943594.9
2016-01-20,'000605,渤海股份,20.07,21.5,19.99,20.6,21.83,-1.76,-8.0623,12.3338,14607644,302739275.94,3913470694.62,2376998779.05
2016-01-19,'000605,渤海股份,21.83,24.0,19.65,19.65,21.83,0.0,0.0,20.4402,24208422,494768498.7,4256654970.78,2585445109.45
2016-01-18,'000605,渤海股份,21.83,21.83,21.83,21.83,24.25,-2.42,-9.9794,0.701,830200,18123266.0,4256654970.78,2585445109.45
2016-01-15,'000605,渤海股份,24.25,24.25,24.25,24.25,26.94,-2.69,-9.9852,0.2625,310900,7539325.0,4728533350.5,2872058813.75
2016-01-14,'000605,渤海股份,26.94,29.27,26.94,29.0,29.93,-2.99,-9.99,2.4523,2904400,79024049.0,5253059318.04,3190650080.1
2016-01-13,'000605,渤海股份,29.93,30.17,29.0,29.7,29.57,0.36,1.2175,3.0431,3604135,107072627.38,5836082605.38,3544771970.95
2016-01-12,'000605,渤海股份,29.57,29.6,28.11,28.91,29.6,-0.03,-0.1014,2.2943,2717288,78621991.65,5765885821.62,3502135221.55
2016-01-11,'000605,渤海股份,29.6,29.95,27.5,29.61,30.55,-0.95,-3.1097,3.9417,4668316,133461325.49,5771735553.6,3505688284.0
2016-01-08,'000605,渤海股份,30.55,30.91,29.01,30.79,29.61,0.94,3.1746,4.3581,5161500,155950592.58,5956977066.3,3618201928.25
2016-01-07,'000605,渤海股份,29.61,30.55,27.32,30.2,30.35,-0.74,-2.4382,1.3161,1558700,45565407.5,5773685464.26,3506872638.15
2016-01-06,'000605,渤海股份,30.35,30.98,30.0,30.47,30.47,-0.12,-0.3938,3.0269,3584882,108927741.99,5917978853.1,3594514845.25
2016-01-05,'000605,渤海股份,30.47,30.96,26.8,28.49,29.73,0.74,2.4891,4.1496,4914618,144734643.55,5941377781.02,3608727095.05
2016-01-04,'000605,渤海股份,29.73,32.59,29.69,32.0,32.99,-3.26,-9.8818,2.1242,2515835,77445909.66,5797084392.18,3521084887.95
2015-12-31,'000605,渤海股份,32.99,32.99,31.3,32.91,33.0,-0.01,-0.0303,4.3424,5142901,166080935.01,6432755267.34,3907184340.85
2015-12-30,'000605,渤海股份,33.0,34.89,32.6,34.89,35.0,-2.0,-5.7143,5.6875,6736064,225393403.42,6434705178.0,3908368695.0
2015-12-29,'000605,渤海股份,35.0,36.5,32.16,32.8,34.2,0.8,2.3392,6.2522,7404848,254344359.87,6824687310.0,4145239525.0
2015-12-28,'000605,渤海股份,34.2,34.2,30.2,31.7,31.67,2.53,7.9886,7.1079,8418328,270386914.91,6668694457.2,4050491193.0
2015-12-25,'000605,渤海股份,31.67,31.9,29.01,29.25,29.0,2.67,9.2069,4.6143,5464938,165548240.16,6175367060.22,3750849593.05
2015-12-24,'000605,渤海股份,29.0,29.4,28.5,28.99,29.44,-0.44,-1.4946,2.4773,2933955,84656789.89,5654740914.0,3434627035.0
2015-12-23,'000605,渤海股份,29.44,29.44,25.97,26.81,26.76,2.68,10.0149,6.9852,8272899,228989511.1,5740536983.04,3486738617.6
2015-12-22,'000605,渤海股份,26.76,27.33,26.5,27.0,26.89,-0.13,-0.4835,3.0384,3598488,96169383.2,5217960926.16,3169331705.4
2015-12-21,'000605,渤海股份,26.89,26.99,25.83,26.25,26.27,0.62,2.3601,2.1957,2600443,69012472.35,5243309764.74,3184728309.35
2015-12-18,'000605,渤海股份,26.27,26.49,25.61,25.8,25.8,0.47,1.8217,2.9317,3472160,90700573.6,5122415303.82,3111298352.05
2015-12-17,'000605,渤海股份,25.8,25.8,24.79,24.79,24.79,1.01,4.0742,5.4444,6448140,163218233.67,5030769502.8,3055633707.0
2015-12-16,'000605,渤海股份,24.79,25.17,24.5,24.99,24.77,0.02,0.0807,1.8586,2201259,54429006.45,4833828526.14,2936013937.85
2015-12-15,'000605,渤海股份,24.77,25.16,24.5,24.99,24.93,-0.16,-0.6418,2.0501,2428035,60096994.36,4829928704.82,2933645229.55
2015-12-14,'000605,渤海股份,24.93,25.69,24.25,25.15,24.9,0.03,0.1205,2.5943,3072611,76983928.05,4861127275.38,2952594895.95
2015-12-11,'000605,渤海股份,24.9,25.3,24.2,24.6,24.86,0.04,0.1609,2.3323,2762273,68732609.4,4855277543.4,2949041833.5
2015-12-10,'000605,渤海股份,24.86,25.52,24.19,24.99,25.1,-0.24,-0.9562,3.3668,3987428,99285815.33,4847477900.76,2944304416.9
2015-12-09,'000605,渤海股份,25.1,25.2,23.37,23.78,23.92,1.18,4.9331,3.6094,4274779,103457598.32,4894275756.6,2972728916.5
2015-12-08,'000605,渤海股份,23.92,24.45,23.12,23.48,23.48,0.44,1.8739,2.9235,3462509,82120293.76,4664186298.72,2832975126.8
2015-12-07,'000605,渤海股份,23.48,23.55,22.81,23.16,23.3,0.18,0.7725,1.6527,1957353,45602071.28,4578390229.68,2780863544.2
2015-12-04,'000605,渤海股份,23.3,23.85,23.13,23.76,23.69,-0.39,-1.6463,2.0336,2408487,56597641.62,4543291837.8,2759545169.5
2015-12-03,'000605,渤海股份,23.69,23.85,23.0,23.35,23.66,0.03,0.1268,1.6236,1922919,45316506.29,4619338353.54,2805734981.35
2015-12-02,'000605,渤海股份,23.66,24.2,22.56,23.88,24.3,-0.64,-2.6337,2.9906,3541873,82772481.61,4613488621.56,2802181918.9
2015-12-01,'000605,渤海股份,24.3,24.87,22.25,22.61,22.61,1.69,7.4746,4.4717,5296072,125449223.58,4738282903.8,2877980584.5
2015-11-30,'000605,渤海股份,22.61,22.8,21.19,21.96,22.2,0.41,1.8468,1.9497,2309085,50930933.49,4408748002.26,2677824733.15
2015-11-27,'000605,渤海股份,22.2,23.68,21.19,23.68,23.48,-1.28,-5.4514,2.3462,2778685,62753654.72,4328801665.2,2629266213.0
2015-11-26,'000605,渤海股份,23.48,23.9,23.28,23.7,23.53,-0.05,-0.2125,2.6127,3094357,72885182.77,4578390229.68,2780863544.2
2015-11-25,'000605,渤海股份,23.53,23.69,22.8,23.0,23.2,0.33,1.4224,2.4833,2941153,68475953.58,4588139782.98,2786785314.95
2015-11-24,'000605,渤海股份,23.2,23.23,22.4,22.9,22.93,0.27,1.1775,1.8247,2161132,49250865.57,4523792731.2,2747701628.0
2015-11-23,'000605,渤海股份,22.93,23.88,22.6,23.21,23.18,-0.25,-1.0785,2.1398,2534258,58972233.83,4471145143.38,2715724065.95
2015-11-20,'000605,渤海股份,23.18,23.41,22.88,23.37,23.15,0.03,0.1296,2.4517,2903634,67162153.68,4519892909.88,2745332919.7
2015-11-19,'000605,渤海股份,23.15,23.15,22.15,22.42,22.44,0.71,3.164,2.2943,2717286,61668818.39,4514043177.9,2741779857.25
2015-11-18,'000605,渤海股份,22.44,23.84,22.4,23.07,23.09,-0.65,-2.8151,2.9361,3477335,80859188.33,4375599521.04,2657690712.6
2015-11-17,'000605,渤海股份,23.09,23.95,22.75,23.89,23.46,-0.37,-1.5772,4.3174,5113369,119273316.95,4502343713.94,2734673732.35
2015-11-16,'000605,渤海股份,23.46,23.98,22.09,22.09,22.58,0.88,3.8973,3.9181,4640385,107493478.88,4574490408.36,2778494835.9
2015-11-13,'000605,渤海股份,22.58,22.99,21.68,22.0,22.3,0.28,1.2556,4.2328,5013174,112733290.9,4402898270.28,2674271670.7
2015-11-12,'000605,渤海股份,22.3,22.55,21.25,21.49,21.83,0.47,2.153,5.4504,6455202,140661608.68,4348300771.8,2641109754.5
2015-11-11,'000605,渤海股份,21.83,22.0,20.42,20.42,20.62,1.21,5.8681,6.3288,7495551,159990629.63,4256654970.78,2585445109.45
2015-11-10,'000605,渤海股份,20.62,20.99,19.76,20.18,20.39,0.23,1.128,4.362,5166123,104871105.04,4020715780.92,2442138257.3
2015-11-09,'000605,渤海股份,20.39,20.62,19.98,20.1,20.45,-0.06,-0.2934,3.2262,3820982,77625078.39,3975867835.74,2414898111.85
2015-11-06,'000605,渤海股份,20.45,20.58,19.68,19.68,19.84,0.61,3.0746,3.1861,3773479,75895211.54,3987567299.7,2422004236.75
2015-11-05,'000605,渤海股份,19.84,20.3,19.56,20.1,20.18,-0.34,-1.6848,3.6307,4299977,85536204.78,3868622749.44,2349758633.6
2015-11-04,'000605,渤海股份,20.18,20.2,19.14,19.14,18.95,1.23,6.4908,4.3299,5128162,100911178.72,3934919711.88,2390026674.7
2015-11-03,'000605,渤海股份,18.95,19.19,18.54,18.88,18.88,0.07,0.3708,2.0551,2433924,45823428.12,3695080700.7,2244351114.25
2015-11-02,'000605,渤海股份,18.88,19.49,18.25,18.5,18.77,0.11,0.586,2.6018,3081473,58558644.5,3681431326.08,2236060635.2
2015-10-30,'000605,渤海股份,18.77,19.2,18.39,18.8,18.89,-0.12,-0.6353,2.5959,3074423,58000219.6,3659982308.82,2223032739.55
2015-10-29,'000605,渤海股份,18.89,19.23,18.33,18.93,18.8,0.09,0.4787,2.2622,2679264,50281837.36,3683381236.74,2237244989.35
2015-10-28,'000605,渤海股份,18.8,19.85,18.56,18.88,19.01,-0.21,-1.1047,3.8151,4518403,87230212.54,3665832040.8,2226585802.0
2015-10-27,'000605,渤海股份,19.01,19.25,18.2,19.0,19.2,-0.19,-0.9896,2.9591,3504600,65552035.61,3706780164.66,2251457239.15
2015-10-26,'000605,渤海股份,19.2,19.27,18.1,18.4,18.07,1.13,6.2535,5.2104,6171001,116177822.5,3743828467.2,2273959968.0
2015-10-23,'000605,渤海股份,18.07,18.35,17.14,17.14,17.33,0.74,4.2701,3.5374,4189526,74370421.89,3523488562.62,2140127949.05
2015-10-22,'000605,渤海股份,17.33,17.55,16.5,16.6,16.63,0.7,4.2093,3.3815,4004927,67896990.89,3379195173.78,2052485741.95
2015-10-21,'000605,渤海股份,16.63,18.93,16.61,18.4,18.46,-1.83,-9.9133,4.879,5778521,103102255.49,3242701427.58,1969580951.45
2015-10-20,'000605,渤海股份,18.46,18.58,17.98,18.26,18.28,0.18,0.9847,2.2715,2690247,49277153.45,3599535078.36,2186317760.9
2015-10-19,'000605,渤海股份,18.28,18.96,18.04,18.67,18.66,-0.38,-2.0364,3.6944,4375441,81150654.59,3564436686.48,2164999386.2
2015-10-16,'000605,渤海股份,18.66,19.15,17.91,18.0,17.83,0.83,4.6551,4.8327,5723684,106199029.6,3638533291.56,2210004843.9
2015-10-15,'000605,渤海股份,17.83,17.85,17.1,17.1,17.3,0.53,3.0636,2.1595,2557600,45054567.42,3476690706.78,2111703449.45
2015-10-14,'000605,渤海股份,17.3,17.78,17.29,17.48,17.67,-0.37,-2.0939,2.2013,2607141,45621529.29,3373345441.8,2048932679.5
2015-10-13,'000605,渤海股份,17.67,18.17,17.23,17.4,17.66,0.01,0.0566,2.7764,3288300,58283251.65,3445492136.22,2092753783.05
2015-10-12,'000605,渤海股份,17.66,18.0,16.52,16.8,16.65,1.01,6.0661,3.7791,4475820,77700015.14,3443542225.56,2091569428.9
2015-10-09,'000605,渤海股份,16.65,16.99,16.05,16.2,16.2,0.45,2.7778,3.4228,4053761,66607649.43,3246601248.9,1971949659.75
2015-10-08,'000605,渤海股份,16.2,16.29,15.9,16.2,15.51,0.69,4.4487,2.2147,2623012,42316033.31,3158855269.2,1918653723.0
2015-09-30,'000605,渤海股份,15.51,15.66,15.27,15.3,15.3,0.21,1.3725,1.2434,1472683,22751084.79,3024311433.66,1836933286.65
2015-09-29,'000605,渤海股份,15.3,15.75,15.24,15.45,15.9,-0.6,-3.7736,1.8146,2149134,33157568.06,2983363309.8,1812061849.5
2015-09-28,'000605,渤海股份,15.9,15.97,15.27,15.6,15.07,0.83,5.5076,2.9229,3461770,54261760.16,3100357949.4,1883123098.5
2015-09-25,'000605,渤海股份,15.07,15.73,14.83,15.53,15.61,-0.54,-3.4593,2.3504,2783694,42516064.36,2938515364.62,1784821704.05
2015-09-24,'000605,渤海股份,15.61,15.83,15.42,15.5,15.23,0.38,2.4951,2.4185,2864310,44744826.3,3043810540.26,1848776828.15
2015-09-23,'000605,渤海股份,15.23,15.54,15.01,15.3,15.61,-0.38,-2.4343,2.2488,2663432,40689381.13,2969713935.18,1803771370.45
2015-09-22,'000605,渤海股份,15.61,15.89,15.2,15.42,15.6,0.01,0.0641,2.94,3482034,53978272.83,3043810540.26,1848776828.15
2015-09-21,'000605,渤海股份,15.6,15.62,14.03,14.5,14.63,0.97,6.6302,2.6083,3089162,46901871.93,3041860629.6,1847592474.0
2015-09-18,'000605,渤海股份,14.63,14.9,14.36,14.55,14.3,0.33,2.3077,1.9161,2269374,33093984.99,2852719295.58,1732710121.45
2015-09-17,'000605,渤海股份,14.3,15.18,14.17,14.5,14.55,-0.25,-1.7182,2.9185,3456553,51004684.52,2788372243.8,1693626434.5
2015-09-16,'000605,渤海股份,14.55,14.55,13.4,13.42,13.23,1.32,9.9773,2.7663,3276224,45605766.52,2837120010.3,1723235288.25
2015-09-15,'000605,渤海股份,13.23,14.25,13.2,13.5,14.63,-1.4,-9.5694,2.6671,3158849,43163397.76,2579731803.18,1566900540.45
2015-09-14,'000605,渤海股份,14.63,16.78,14.63,16.37,16.25,-1.62,-9.9692,3.3907,4015843,61877947.79,2852719295.58,1732710121.45
2015-09-11,'000605,渤海股份,16.25,16.5,15.72,16.02,16.01,0.24,1.4991,2.3224,2750554,44462485.99,3168604822.5,1924575493.75
2015-09-10,'000605,渤海股份,16.01,16.9,15.65,15.87,16.17,-0.16,-0.9895,3.4939,4138002,67712739.26,3121806966.66,1896150994.15
2015-09-09,'000605,渤海股份,16.17,16.4,15.15,15.38,15.2,0.97,6.3816,3.8564,4567400,72139237.23,3153005537.22,1915100660.55
2015-09-08,'000605,渤海股份,15.2,15.44,14.01,14.25,14.26,0.94,6.5919,2.7413,3246674,47436192.96,2963864203.2,1800218308.0
2015-09-07,'000605,渤海股份,14.26,14.38,13.75,13.8,13.44,0.82,6.1012,3.2202,3813899,53931074.01,2780572601.16,1688889017.9
2015-09-02,'000605,渤海股份,13.44,15.29,13.35,14.02,14.83,-1.39,-9.3729,4.0773,4828941,67347616.11,2620679927.04,1591771977.6
2015-09-01,'000605,渤海股份,14.83,16.37,14.83,16.37,16.48,-1.65,-10.0121,3.129,3705852,56480424.23,2891717508.78,1756397204.45
2015-08-31,'000605,渤海股份,16.48,17.7,16.4,17.7,17.79,-1.31,-7.3637,2.6689,3160962,53822591.33,3213452767.68,1951815639.2
2015-08-28,'000605,渤海股份,17.79,17.79,16.2,16.3,16.3,1.49,9.1411,4.1805,4951136,83632598.73,3468891064.14,2106966032.85
2015-08-27,'000605,渤海股份,16.3,16.32,15.2,15.2,14.88,1.42,9.543,4.892,5793833,90053262.03,3178354375.8,1930497264.5
2015-08-26,'000605,渤海股份,14.88,16.63,14.7,16.11,16.1,-1.22,-7.5776,5.6643,6708483,106015357.9,2901467062.08,1762318975.2
2015-08-25,'000605,渤海股份,16.1,16.77,16.1,16.1,17.89,-1.79,-10.0056,4.7165,5586001,90366183.85,3139356162.6,1906810181.5
2015-08-24,'000605,渤海股份,17.89,19.5,17.89,18.75,19.88,-1.99,-10.0101,3.5866,4247835,78491732.45,3488390170.74,2118809574.35
2015-08-21,'000605,渤海股份,19.88,21.87,19.88,21.13,22.0,-2.12,-9.6364,3.5644,4221492,88436552.74,3876422392.08,2354496050.2
2015-08-20,'000605,渤海股份,22.0,23.83,22.0,23.5,23.83,-1.83,-7.6794,4.1307,4892220,111918963.89,4289803452.0,2605579130.0
2015-08-19,'000605,渤海股份,23.83,25.0,21.36,22.52,23.73,0.1,0.4214,6.1024,7227416,164230691.0,4646637102.78,2822315939.45
2015-08-18,'000605,渤海股份,23.73,26.57,23.73,26.5,26.37,-2.64,-10.0114,7.5349,8924036,220260974.64,4627137996.18,2810472397.95
2015-08-17,'000605,渤海股份,26.37,26.78,24.23,24.5,24.74,1.63,6.5885,7.1072,8417384,218757473.99,5141914410.42,3123141893.55
2015-08-14,'000605,渤海股份,24.74,24.78,23.37,23.39,23.37,1.37,5.8622,7.0462,8345174,200072501.72,4824078972.84,2930092167.1
2015-08-13,'000605,渤海股份,23.37,23.38,22.1,22.59,22.79,0.58,2.545,3.9673,4698744,106821437.66,4556941212.42,2767835648.55
2015-08-12,'000605,渤海股份,22.79,23.55,22.78,23.07,23.6,-0.81,-3.4322,4.0218,4763231,110309405.64,4443846394.14,2699143107.85
2015-08-11,'000605,渤海股份,23.6,24.3,22.97,24.27,24.06,-0.46,-1.9119,6.2212,7368103,174420406.45,4601789157.6,2795075794.0
2015-08-10,'000605,渤海股份,24.06,24.11,22.71,22.81,22.71,1.35,5.9445,5.9121,7002033,164329582.78,4691485047.96,2849556084.9
2015-08-07,'000605,渤海股份,22.71,23.18,22.2,22.25,22.33,0.38,1.7017,6.1998,7342726,166443085.42,4428247108.86,2689668274.65
2015-08-06,'000605,渤海股份,22.33,22.48,20.67,21.1,21.45,0.88,4.1026,6.1503,7284165,159695547.42,4354150503.78,2644662816.95
2015-08-05,'000605,渤海股份,21.45,22.47,21.21,22.3,22.2,-0.75,-3.3784,4.6021,5450508,118573531.34,4182558365.7,2540439651.75
2015-08-04,'000605,渤海股份,22.2,22.35,20.63,20.8,20.8,1.4,6.7308,6.0868,7208970,154799436.28,4328801665.2,2629266213.0
2015-08-03,'000605,渤海股份,20.8,21.5,19.38,19.75,19.78,1.02,5.1567,4.8307,5721282,117028989.93,4055814172.8,2463456632.0
2015-07-31,'000605,渤海股份,19.78,20.72,19.55,20.0,20.58,-0.8,-3.8873,3.3,3908407,78396061.47,3856923285.48,2342652508.7
2015-07-30,'000605,渤海股份,20.58,21.55,20.07,20.98,21.22,-0.64,-3.016,4.9622,5877004,124072416.95,4012916138.28,2437400840.7
2015-07-29,'000605,渤海股份,21.22,21.38,19.12,20.06,19.73,1.49,7.552,4.7799,5661130,113687969.6,4137710420.52,2513199506.3
2015-07-28,'000605,渤海股份,19.73,21.0,18.8,19.0,20.61,-0.88,-4.2698,6.9009,8173166,161308523.43,3847173732.18,2336730737.95
2015-07-27,'000605,渤海股份,20.61,23.98,20.61,22.78,22.9,-2.29,-10.0,9.8823,11704191,265129326.3,4018765870.26,2440953903.15
2015-07-24,'000605,渤海股份,22.9,25.44,22.7,24.7,24.66,-1.76,-7.1371,6.9764,8262510,201496939.85,4465295411.4,2712171003.5
2015-07-23,'000605,渤海股份,24.66,25.14,23.15,24.06,23.98,0.68,2.8357,6.1816,7321212,177861090.9,4808479687.56,2920617333.9
2015-07-22,'000605,渤海股份,23.98,24.65,23.0,23.18,23.16,0.82,3.5406,6.7755,8024622,191489276.13,4675885762.68,2840081251.7
2015-07-21,'000605,渤海股份,23.16,23.68,21.9,22.06,22.89,0.27,1.1796,6.8268,8085311,184776277.6,4515993088.56,2742964211.4
2015-07-20,'000605,渤海股份,22.89,23.45,21.72,21.75,21.72,1.17,5.3867,8.8241,10450862,235472438.23,4463345500.74,2710986649.35
2015-07-17,'000605,渤海股份,21.72,21.72,19.76,19.76,19.76,1.96,9.919,7.6417,9050434,188776803.77,4235205953.52,2572417213.8
2015-07-16,'000605,渤海股份,19.76,20.89,17.92,18.5,19.91,-0.15,-0.7534,7.8573,9305802,179030111.12,3853023464.16,2340283800.4
2015-07-15,'000605,渤海股份,19.91,21.08,19.6,21.08,19.16,0.75,3.9144,11.7575,13925008,286588256.18,3882272124.06,2358049112.65
2015-07-14,'000605,渤海股份,19.16,19.16,19.16,19.16,17.42,1.74,9.9885,0.3029,358782,6874263.12,3736028824.56,2269222551.4
2015-07-13,'000605,渤海股份,0.0,0.0,0.0,0.0,17.42,None,None,0.0,0,0.0,3396744369.72,2063144929.3
2015-07-10,'000605,渤海股份,0.0,0.0,0.0,0.0,17.42,None,None,0.0,0,0.0,3396744369.72,2063144929.3
2015-07-09,'000605,渤海股份,0.0,0.0,0.0,0.0,17.42,None,None,0.0,0,0.0,3396744369.72,2063144929.3
2015-07-08,'000605,渤海股份,0.0,0.0,0.0,0.0,17.42,None,None,0.0,0,0.0,3396744369.72,2063144929.3
2015-07-07,'000605,渤海股份,0.0,0.0,0.0,0.0,17.42,None,None,0.0,0,0.0,3396744369.72,2063144929.3
2015-07-06,'000605,渤海股份,17.42,21.24,17.38,21.24,19.31,-1.89,-9.7877,6.361,7533625,141102026.22,3396744369.72,2063144929.3
2015-07-03,'000605,渤海股份,19.31,22.44,19.25,20.6,21.39,-2.08,-9.7242,4.804,5689588,115917558.02,3765277484.46,2286987863.65
2015-07-02,'000605,渤海股份,21.39,24.44,21.12,23.71,23.47,-2.08,-8.8624,4.8888,5790022,131682976.31,4170858901.74,2533333526.85
2015-07-01,'000605,渤海股份,23.47,26.68,23.22,25.58,25.8,-2.33,-9.031,4.1693,4937946,127453247.95,4576440319.02,2779679190.05
2015-06-30,'000605,渤海股份,25.8,26.39,21.93,23.17,24.37,1.43,5.8679,4.8151,5702780,134705777.95,5030769502.8,3055633707.0
2015-06-29,'000605,渤海股份,24.37,28.34,24.37,28.34,27.08,-2.71,-10.0074,3.7525,4444326,114140813.94,4751932278.42,2886271063.55
2015-06-26,'000605,渤海股份,27.08,29.11,27.08,29.11,30.09,-3.01,-10.0033,2.6711,3163555,87735651.98,5280358067.28,3207231038.2
2015-06-25,'000605,渤海股份,30.09,33.5,29.63,33.01,32.92,-2.83,-8.5966,3.7214,4407401,138414667.66,5867281175.94,3563721637.35
2015-06-24,'000605,渤海股份,32.92,33.9,31.99,32.89,32.45,0.47,1.4484,3.5272,4177500,136618604.2,6419105892.72,3898893861.8
2015-06-23,'000605,渤海股份,32.45,35.82,31.34,35.0,34.82,-2.37,-6.8064,2.3472,2779902,90778042.09,6327460091.7,3843229216.75
2015-06-19,'000605,渤海股份,34.82,38.2,34.82,38.2,38.69,-3.87,-10.0026,2.3162,2743182,98289626.84,6789588918.12,4123921150.3
2015-06-18,'000605,渤海股份,38.69,40.9,37.86,40.9,41.18,-2.49,-6.0466,2.1083,2496978,97746272.0,7544204343.54,4582266206.35
2015-06-17,'000605,渤海股份,41.18,41.99,36.89,39.53,40.99,0.19,0.4635,3.9041,4623829,181924909.14,8029732097.88,4877170389.7
2015-06-16,'000605,渤海股份,40.99,42.54,39.0,41.41,42.83,-1.84,-4.2961,3.7554,4447692,181322260.87,7992683795.34,4854667660.85
2015-06-15,'000605,渤海股份,42.83,43.67,40.75,42.98,42.98,-0.15,-0.349,6.261,7415222,313393515.88,8351467356.78,5072588824.45
2015-06-12,'000605,渤海股份,42.98,42.98,38.48,39.77,39.8,3.18,7.9899,4.6593,5518301,225307882.46,8380716016.68,5090354136.7
2015-06-11,'000605,渤海股份,39.8,39.98,38.7,39.74,39.48,0.32,0.8105,2.646,3133854,123623662.39,7760644426.8,4713729517.0
2015-06-10,'000605,渤海股份,39.48,40.24,37.0,37.0,37.6,1.88,5.0,6.3489,7519329,294464329.06,7698247285.68,4675830184.2
2015-06-09,'000605,渤海股份,37.6,37.63,32.0,33.1,34.22,3.38,9.8773,7.1505,8468666,295357764.29,7331664081.6,4453171604.0
2015-06-08,'000605,渤海股份,34.22,35.3,32.9,34.72,34.9,-0.68,-1.9484,4.9192,5826081,200325433.02,6672594278.52,4052859901.3
2015-06-05,'000605,渤海股份,34.9,34.96,31.75,33.35,32.77,2.13,6.4998,6.7383,7980554,264765240.61,6805188203.4,4133395983.5
2015-06-04,'000605,渤海股份,32.77,34.1,30.2,32.99,33.0,-0.23,-0.697,6.4209,7604594,247273301.46,6389857232.82,3881128549.55
2015-06-03,'000605,渤海股份,33.0,33.8,30.0,33.6,31.93,1.07,3.3511,7.4252,8794035,282853899.7,6434705178.0,3908368695.0
2015-06-02,'000605,渤海股份,31.93,31.93,31.06,31.29,29.03,2.9,9.9897,5.539,6560099,208417736.5,6226064737.38,3781642800.95
2015-06-01,'000605,渤海股份,29.03,29.03,27.39,27.39,26.39,2.64,10.0038,4.1826,4953711,141801636.81,5660590645.98,3438180097.45
2015-05-29,'000605,渤海股份,26.39,27.39,24.88,26.7,26.71,-0.32,-1.1981,4.1546,4920459,130062804.59,5145814231.74,3125510601.85
2015-05-28,'000605,渤海股份,26.71,30.58,26.6,29.9,29.15,-2.44,-8.3705,6.723,7962438,232439063.33,5208211372.86,3163409934.65
2015-05-27,'000605,渤海股份,29.15,29.18,27.01,27.91,27.9,1.25,4.4803,6.4451,7633270,216123101.35,5683989573.9,3452392347.25
2015-05-26,'000605,渤海股份,27.9,28.4,26.96,27.37,27.39,0.51,1.862,5.1628,6114628,168856644.67,5440250741.4,3304348078.5
2015-05-25,'000605,渤海股份,27.39,27.89,26.2,27.25,27.57,-0.18,-0.6529,3.8644,4576797,124629670.81,5340805297.74,3243946016.85
2015-05-22,'000605,渤海股份,27.57,28.69,27.5,28.6,27.79,-0.22,-0.7917,4.2577,5042606,141109013.19,5375903689.62,3265264391.55
2015-05-21,'000605,渤海股份,27.79,28.05,26.2,26.8,27.15,0.64,2.3573,5.5589,6583694,179294994.68,5418801724.14,3291320182.85
2015-05-20,'000605,渤海股份,27.15,28.58,27.15,28.2,27.0,0.15,0.5556,6.2721,7428405,206912815.63,5294007441.9,3215521517.25
2015-05-19,'000605,渤海股份,27.0,27.28,25.51,26.3,25.82,1.18,4.5701,4.9937,5914343,157914666.03,5264758782.0,3197756205.0
2015-05-18,'000605,渤海股份,25.82,26.41,24.2,24.2,24.13,1.69,7.0037,6.5713,7782768,200965780.97,5034669324.12,3058002415.3
2015-05-15,'000605,渤海股份,24.13,24.75,23.8,23.85,24.08,0.05,0.2076,3.5033,4149092,100829885.05,4705134422.58,2857846563.95
2015-05-14,'000605,渤海股份,24.08,25.24,23.95,23.95,23.8,0.28,1.1765,4.8306,5721116,140958264.34,4695384869.28,2851924793.2
2015-05-13,'000605,渤海股份,23.8,24.38,22.64,22.8,22.9,0.9,3.9301,6.1764,7315028,173800187.7,4640787370.8,2818762877.0
2015-05-12,'000605,渤海股份,22.9,23.0,22.45,22.8,22.73,0.17,0.7479,3.7076,4391165,100035448.54,4465295411.4,2712171003.5
2015-05-11,'000605,渤海股份,22.73,22.77,21.76,22.01,21.75,0.98,4.5057,3.6861,4365662,98251105.68,4432146930.18,2692036982.95
2015-05-08,'000605,渤海股份,21.75,21.86,21.45,21.45,21.14,0.61,2.8855,2.1877,2591003,56132620.59,4241055685.5,2575970276.25
2015-05-07,'000605,渤海股份,21.14,21.58,21.01,21.2,21.13,0.01,0.0473,2.057,2436201,51775739.52,4122111135.24,2503724673.1
2015-05-06,'000605,渤海股份,21.13,22.18,21.01,21.65,21.87,-0.74,-3.3836,2.4596,2913044,63155767.73,4120161224.58,2502540318.95
2015-05-05,'000605,渤海股份,21.87,22.3,21.53,22.3,22.37,-0.5,-2.2351,2.9583,3503716,76514516.31,4264454613.42,2590182526.05
2015-05-04,'000605,渤海股份,22.37,22.73,21.89,21.89,21.56,0.81,3.757,3.5634,4220302,94203307.68,4361950146.42,2649400233.55
2015-04-30,'000605,渤海股份,21.56,22.35,21.5,22.15,22.21,-0.65,-2.9266,3.9984,4735552,103573332.89,4204007382.96,2553467547.4
2015-04-29,'000605,渤海股份,22.21,22.68,21.85,21.85,22.11,0.1,0.4523,3.5089,4155835,92975122.18,4330751575.86,2630450567.15
2015-04-28,'000605,渤海股份,22.11,23.13,21.86,22.87,23.46,-1.35,-5.7545,6.6474,7872859,176240581.96,4311252469.26,2618607025.65
2015-04-27,'000605,渤海股份,23.46,24.5,22.69,23.7,22.61,0.85,3.7594,12.3214,14592890,343467356.62,4574490408.36,2778494835.9
2015-04-24,'000605,渤海股份,22.61,22.61,22.51,22.61,20.55,2.06,10.0243,4.1933,4966404,112287054.39,4408748002.26,2677824733.15
2015-04-23,'000605,渤海股份,20.55,20.55,20.55,20.55,18.68,1.87,10.0107,0.0315,37334,767213.7,4007066406.3,2433847778.25
2015-04-22,'000605,渤海股份,18.68,18.68,18.68,18.68,16.98,1.7,10.0118,0.0102,12072,225504.96,3642433112.88,2212373552.2
2015-04-21,'000605,渤海股份,0.0,0.0,0.0,0.0,16.98,None,None,0.0,0,0.0,3310948300.68,2011033346.7
2015-04-20,'000605,渤海股份,0.0,0.0,0.0,0.0,16.98,None,None,0.0,0,0.0,3310948300.68,2011033346.7
2015-04-17,'000605,渤海股份,0.0,0.0,0.0,0.0,16.98,None,None,0.0,0,0.0,3310948300.68,2011033346.7
2015-04-16,'000605,渤海股份,0.0,0.0,0.0,0.0,16.98,None,None,0.0,0,0.0,3310948300.68,2011033346.7
2015-04-15,'000605,渤海股份,0.0,0.0,0.0,0.0,16.98,None,None,0.0,0,0.0,3310948300.68,2011033346.7
2015-04-14,'000605,渤海股份,0.0,0.0,0.0,0.0,16.98,None,None,0.0,0,0.0,3310948300.68,2011033346.7
2015-04-13,'000605,渤海股份,0.0,0.0,0.0,0.0,16.98,None,None,0.0,0,0.0,3310948300.68,2011033346.7
2015-04-10,'000605,渤海股份,0.0,0.0,0.0,0.0,16.98,None,None,0.0,0,0.0,3310948300.68,2011033346.7
2015-04-09,'000605,渤海股份,0.0,0.0,0.0,0.0,16.98,None,None,0.0,0,0.0,3310948300.68,2011033346.7
2015-04-08,'000605,渤海股份,0.0,0.0,0.0,0.0,16.98,None,None,0.0,0,0.0,3310948300.68,2011033346.7
2015-04-07,'000605,渤海股份,0.0,0.0,0.0,0.0,16.98,None,None,0.0,0,0.0,3310948300.68,2011033346.7
2015-04-03,'000605,渤海股份,0.0,0.0,0.0,0.0,16.98,None,None,0.0,0,0.0,3310948300.68,2011033346.7
2015-04-02,'000605,渤海股份,0.0,0.0,0.0,0.0,16.98,None,None,0.0,0,0.0,3310948300.68,2011033346.7
2015-04-01,'000605,渤海股份,0.0,0.0,0.0,0.0,16.98,None,None,0.0,0,0.0,3310948300.68,2011033346.7
2015-03-31,'000605,渤海股份,0.0,0.0,0.0,0.0,16.98,None,None,0.0,0,0.0,3310948300.68,2011033346.7
2015-03-30,'000605,渤海股份,0.0,0.0,0.0,0.0,16.98,None,None,0.0,0,0.0,3310948300.68,2011033346.7
2015-03-27,'000605,渤海股份,0.0,0.0,0.0,0.0,16.98,None,None,0.0,0,0.0,3310948300.68,2011033346.7
2015-03-26,'000605,渤海股份,0.0,0.0,0.0,0.0,16.98,None,None,0.0,0,0.0,3310948300.68,2011033346.7
2015-03-25,'000605,渤海股份,0.0,0.0,0.0,0.0,16.98,None,None,0.0,0,0.0,3310948300.68,2011033346.7
2015-03-24,'000605,渤海股份,0.0,0.0,0.0,0.0,16.98,None,None,0.0,0,0.0,3310948300.68,2011033346.7
2015-03-23,'000605,渤海股份,0.0,0.0,0.0,0.0,16.98,None,None,0.0,0,0.0,3310948300.68,2011033346.7
2015-03-20,'000605,渤海股份,0.0,0.0,0.0,0.0,16.98,None,None,0.0,0,0.0,3310948300.68,2011033346.7
2015-03-19,'000605,渤海股份,0.0,0.0,0.0,0.0,16.98,None,None,0.0,0,0.0,3310948300.68,2011033346.7
2015-03-18,'000605,渤海股份,0.0,0.0,0.0,0.0,16.98,None,None,0.0,0,0.0,3310948300.68,2011033346.7
2015-03-17,'000605,渤海股份,0.0,0.0,0.0,0.0,16.98,None,None,0.0,0,0.0,3310948300.68,2011033346.7
2015-03-16,'000605,渤海股份,0.0,0.0,0.0,0.0,16.98,None,None,0.0,0,0.0,3310948300.68,2011033346.7
2015-03-13,'000605,渤海股份,0.0,0.0,0.0,0.0,16.98,None,None,0.0,0,0.0,3310948300.68,2011033346.7
2015-03-12,'000605,渤海股份,0.0,0.0,0.0,0.0,16.98,None,None,0.0,0,0.0,3310948300.68,2011033346.7
2015-03-11,'000605,渤海股份,0.0,0.0,0.0,0.0,16.98,None,None,0.0,0,0.0,3310948300.68,2011033346.7
2015-03-10,'000605,渤海股份,0.0,0.0,0.0,0.0,16.98,None,None,0.0,0,0.0,3310948300.68,2011033346.7
2015-03-09,'000605,渤海股份,0.0,0.0,0.0,0.0,16.98,None,None,0.0,0,0.0,3310948300.68,2011033346.7
2015-03-06,'000605,渤海股份,0.0,0.0,0.0,0.0,16.98,None,None,0.0,0,0.0,3310948300.68,1501538496.42
2015-03-05,'000605,渤海股份,0.0,0.0,0.0,0.0,16.98,None,None,0.0,0,0.0,3310948300.68,1501538496.42
2015-03-04,'000605,渤海股份,0.0,0.0,0.0,0.0,16.98,None,None,0.0,0,0.0,3310948300.68,1501538496.42
2015-03-03,'000605,渤海股份,0.0,0.0,0.0,0.0,16.98,None,None,0.0,0,0.0,3310948300.68,1501538496.42
2015-03-02,'000605,渤海股份,0.0,0.0,0.0,0.0,16.98,None,None,0.0,0,0.0,3310948300.68,1501538496.42
2015-02-27,'000605,渤海股份,0.0,0.0,0.0,0.0,16.98,None,None,0.0,0,0.0,3310948300.68,1501538496.42
2015-02-26,'000605,渤海股份,0.0,0.0,0.0,0.0,16.98,None,None,0.0,0,0.0,3310948300.68,1501538496.42
2015-02-25,'000605,渤海股份,0.0,0.0,0.0,0.0,16.98,None,None,0.0,0,0.0,3310948300.68,1501538496.42
2015-02-17,'000605,渤海股份,0.0,0.0,0.0,0.0,16.98,None,None,0.0,0,0.0,3310948300.68,1501538496.42
2015-02-16,'000605,渤海股份,0.0,0.0,0.0,0.0,16.98,None,None,0.0,0,0.0,3310948300.68,1501538496.42
2015-02-13,'000605,渤海股份,0.0,0.0,0.0,0.0,16.98,None,None,0.0,0,0.0,3310948300.68,1501538496.42
2015-02-12,'000605,渤海股份,0.0,0.0,0.0,0.0,16.98,None,None,0.0,0,0.0,3310948300.68,1501538496.42
2015-02-11,'000605,渤海股份,0.0,0.0,0.0,0.0,16.98,None,None,0.0,0,0.0,3310948300.68,1501538496.42
2015-02-10,'000605,渤海股份,0.0,0.0,0.0,0.0,16.98,None,None,0.0,0,0.0,3310948300.68,1501538496.42
2015-02-09,'000605,渤海股份,0.0,0.0,0.0,0.0,16.98,None,None,0.0,0,0.0,3310948300.68,1501538496.42
2015-02-06,'000605,渤海股份,0.0,0.0,0.0,0.0,16.98,None,None,0.0,0,0.0,3310948300.68,1501538496.42
2015-02-05,'000605,渤海股份,0.0,0.0,0.0,0.0,16.98,None,None,0.0,0,0.0,3310948300.68,1501538496.42
2015-02-04,'000605,渤海股份,0.0,0.0,0.0,0.0,16.98,None,None,0.0,0,0.0,3310948300.68,1501538496.42
2015-02-03,'000605,渤海股份,0.0,0.0,0.0,0.0,16.98,None,None,0.0,0,0.0,3310948300.68,1501538496.42
2015-02-02,'000605,渤海股份,0.0,0.0,0.0,0.0,16.98,None,None,0.0,0,0.0,3310948300.68,1501538496.42
2015-01-30,'000605,渤海股份,0.0,0.0,0.0,0.0,16.98,None,None,0.0,0,0.0,3310948300.68,1501538496.42
2015-01-29,'000605,渤海股份,0.0,0.0,0.0,0.0,16.98,None,None,0.0,0,0.0,3310948300.68,1501538496.42
2015-01-28,'000605,渤海股份,0.0,0.0,0.0,0.0,16.98,None,None,0.0,0,0.0,3310948300.68,1501538496.42
2015-01-27,'000605,渤海股份,0.0,0.0,0.0,0.0,16.98,None,None,0.0,0,0.0,3310948300.68,1501538496.42
2015-01-26,'000605,渤海股份,0.0,0.0,0.0,0.0,16.98,None,None,0.0,0,0.0,3310948300.68,1501538496.42
2015-01-23,'000605,渤海股份,0.0,0.0,0.0,0.0,16.98,None,None,0.0,0,0.0,3310948300.68,1501538496.42
2015-01-22,'000605,渤海股份,0.0,0.0,0.0,0.0,16.98,None,None,0.0,0,0.0,3310948300.68,1501538496.42
2015-01-21,'000605,渤海股份,0.0,0.0,0.0,0.0,16.98,None,None,0.0,0,0.0,3310948300.68,1501538496.42
2015-01-20,'000605,渤海股份,0.0,0.0,0.0,0.0,16.98,None,None,0.0,0,0.0,3310948300.68,1501538496.42
2015-01-19,'000605,渤海股份,0.0,0.0,0.0,0.0,16.98,None,None,0.0,0,0.0,3310948300.68,1501538496.42
2015-01-16,'000605,渤海股份,0.0,0.0,0.0,0.0,16.98,None,None,0.0,0,0.0,3310948300.68,1501538496.42
2015-01-15,'000605,渤海股份,0.0,0.0,0.0,0.0,16.98,None,None,0.0,0,0.0,3310948300.68,1501538496.42
2015-01-14,'000605,渤海股份,0.0,0.0,0.0,0.0,16.98,None,None,0.0,0,0.0,3310948300.68,1501538496.42
2015-01-13,'000605,渤海股份,0.0,0.0,0.0,0.0,16.98,None,None,0.0,0,0.0,3310948300.68,1501538496.42
2015-01-12,'000605,渤海股份,16.98,17.52,16.81,17.52,17.52,-0.54,-3.0822,0.781,690606,11788451.39,3310948300.68,1501538496.42
2015-01-09,'000605,渤海股份,17.52,17.88,17.45,17.61,17.72,-0.2,-1.1287,1.2916,1142172,20089551.25,3416243476.32,1549290604.08
2015-01-08,'000605,渤海股份,17.72,18.06,17.58,17.68,17.78,-0.06,-0.3375,1.8143,1604386,28581070.59,3455241689.52,1566976569.88
2015-01-07,'000605,渤海股份,17.78,18.04,17.21,17.35,17.38,0.4,2.3015,2.493,2204534,39306601.36,3466941153.48,1572282359.62
2015-01-06,'000605,渤海股份,17.38,17.39,16.68,16.75,16.78,0.6,3.5757,1.463,1293705,22113989.87,3388944727.08,1536910428.02
2015-01-05,'000605,渤海股份,16.78,17.1,16.0,17.04,17.01,-0.23,-1.3521,1.501,1327352,22278598.13,3271950087.48,1483852530.62
2014-12-31,'000605,渤海股份,17.01,17.27,16.74,16.74,16.74,0.27,1.6129,0.8133,719211,12224337.08,3316798032.66,1504191391.29
2014-12-30,'000605,渤海股份,16.74,17.16,16.72,17.05,17.09,-0.35,-2.048,0.9205,814002,13760582.44,3264150444.84,1480315337.46
2014-12-29,'000605,渤海股份,17.09,17.8,16.88,17.77,17.93,-0.84,-4.6849,1.8072,1598095,27420317.06,3332397317.94,1511265777.61
2014-12-26,'000605,渤海股份,17.93,18.55,17.75,17.89,17.82,0.11,0.6173,4.7358,4187821,76230179.07,3496189813.38,1585546833.97
2014-12-25,'000605,渤海股份,17.82,17.85,16.87,17.19,17.18,0.64,3.7253,2.4075,2128939,37265848.31,3474740796.12,1575819552.78
2014-12-24,'000605,渤海股份,17.18,17.25,16.2,16.33,16.33,0.85,5.2051,1.4504,1282591,21698775.58,3349946513.88,1519224462.22
2014-12-23,'000605,渤海股份,16.33,16.36,15.98,16.0,15.98,0.35,2.1902,0.8608,761220,12284637.91,3184204107.78,1444059107.57
2014-12-22,'000605,渤海股份,15.98,17.18,15.81,17.0,17.05,-1.07,-6.2757,1.6911,1495445,24420432.85,3115957234.68,1413108667.42
2014-12-19,'000605,渤海股份,17.05,17.72,16.54,17.5,17.45,-0.4,-2.2923,1.2749,1127369,19094079.34,3324597675.3,1507728584.45
2014-12-18,'000605,渤海股份,17.45,18.05,17.25,17.25,17.45,0.0,0.0,0.8107,716921,12603243.3,3402594101.7,1543100516.05
2014-12-17,'000605,渤海股份,17.45,18.01,17.38,18.01,18.06,-0.61,-3.3776,1.7295,1529435,27023757.21,3402594101.7,1543100516.05
2014-12-16,'000605,渤海股份,18.06,18.29,17.82,18.22,18.2,-0.14,-0.7692,1.3118,1160062,20988479.08,3521538651.96,1597042711.74
2014-12-15,'000605,渤海股份,18.2,18.38,17.98,18.38,18.38,-0.18,-0.9793,1.9493,1723805,31338380.89,3548837401.2,1609422887.8
2014-12-12,'000605,渤海股份,18.38,18.39,17.3,18.01,17.99,0.39,2.1679,2.1904,1937008,34703359.53,3583935793.08,1625340257.02
2014-12-11,'000605,渤海股份,17.99,18.19,17.25,17.58,17.5,0.49,2.8,3.1705,2803652,50180983.58,3507889277.34,1590852623.71
2014-12-10,'000605,渤海股份,17.5,17.5,16.46,16.54,16.45,1.05,6.383,1.9436,1718715,29358540.41,3412343655.0,1547522007.5
2014-12-09,'000605,渤海股份,16.45,17.96,16.39,17.96,17.97,-1.52,-8.4585,3.2894,2908853,49984892.17,3207603035.7,1454670687.05
2014-12-08,'000605,渤海股份,17.97,18.29,17.53,17.92,17.92,0.05,0.279,2.0987,1855916,33423210.91,3503989456.02,1589084027.13
2014-12-05,'000605,渤海股份,17.92,18.88,17.53,18.85,19.04,-1.12,-5.8824,2.551,2255839,41139863.27,3494239902.72,1584662535.68
2014-12-04,'000605,渤海股份,19.04,19.45,18.8,19.19,19.01,0.03,0.1578,2.4453,2162347,41194359.46,3712629896.64,1683703944.16
2014-12-03,'000605,渤海股份,19.01,19.55,18.78,19.5,19.26,-0.25,-1.298,2.6664,2357903,44881764.34,3706780164.66,1681051049.29
2014-12-02,'000605,渤海股份,19.26,19.56,18.22,18.22,18.46,0.8,4.3337,4.0633,3593190,69138053.86,3755527931.16,1703158506.54
2014-12-01,'000605,渤海股份,18.46,18.69,18.33,18.4,18.51,-0.05,-0.2701,1.4519,1283931,23690816.93,3599535078.36,1632414643.34
2014-11-28,'000605,渤海股份,18.51,18.76,18.32,18.54,18.53,-0.02,-0.1079,1.5292,1352298,25047379.26,3609284631.66,1636836134.79
2014-11-27,'000605,渤海股份,18.53,18.89,18.42,18.68,18.68,-0.15,-0.803,1.8462,1632571,30321444.91,3613184452.98,1638604731.37
2014-11-26,'000605,渤海股份,18.68,18.97,18.55,18.77,18.78,-0.1,-0.5325,1.7813,1575162,29516800.76,3642433112.88,1651869205.72
2014-11-25,'000605,渤海股份,18.78,18.94,18.41,18.45,18.44,0.34,1.8438,2.0577,1819584,33927268.47,3661932219.48,1660712188.62
2014-11-24,'000605,渤海股份,18.44,18.6,18.11,18.23,18.14,0.3,1.6538,2.1597,1909862,35138858.49,3595635257.04,1630646046.76
2014-11-21,'000605,渤海股份,18.14,18.15,17.8,17.99,17.93,0.21,1.1712,1.4945,1321588,23743987.42,3537137937.24,1604117098.06
2014-11-20,'000605,渤海股份,17.93,18.28,17.9,18.07,18.07,-0.14,-0.7748,1.2381,1094861,19836223.93,3496189813.38,1585546833.97
2014-11-19,'000605,渤海股份,18.07,18.38,17.81,17.81,17.97,0.1,0.5565,1.4136,1250035,22689687.64,3523488562.62,1597927010.03
2014-11-18,'000605,渤海股份,17.97,18.17,17.77,17.8,17.85,0.12,0.6723,1.2703,1123328,20150413.92,3503989456.02,1589084027.13
2014-11-17,'000605,渤海股份,17.85,17.97,17.29,17.78,17.8,0.05,0.2809,1.623,1435223,25347497.37,3480590528.1,1578472447.65
2014-11-14,'000605,渤海股份,17.8,18.09,17.19,18.09,18.1,-0.3,-1.6575,3.3456,2958521,52240334.48,3470840974.8,1574050956.2
2014-11-13,'000605,渤海股份,18.1,19.56,18.02,18.78,18.76,-0.66,-3.5181,4.6697,4129400,77712473.59,3529338294.6,1600579904.9
2014-11-12,'000605,渤海股份,18.76,18.76,18.05,18.4,18.4,0.36,1.9565,3.9803,3519809,64854967.64,3658032398.16,1658943592.04
2014-11-11,'000605,渤海股份,18.4,18.79,17.87,18.3,18.18,0.22,1.2101,4.9196,4350414,79562586.94,3587835614.4,1627108853.6
2014-11-10,'000605,渤海股份,18.18,18.18,17.5,17.72,17.7,0.48,2.7119,2.4139,2134608,38079315.52,3544937579.88,1607654291.22
2014-11-07,'000605,渤海股份,17.7,18.17,17.69,18.15,18.01,-0.31,-1.7213,2.1427,1894806,33911473.13,3451341868.2,1565207973.3
2014-11-06,'000605,渤海股份,18.01,18.2,17.38,17.44,17.44,0.57,3.2683,3.7008,3272621,58774656.83,3511789098.66,1592621220.29
2014-11-05,'000605,渤海股份,17.44,17.56,17.12,17.33,17.36,0.08,0.4608,1.1935,1055395,18324648.64,3400644191.04,1542216217.76
2014-11-04,'000605,渤海股份,17.36,18.17,17.34,17.48,17.42,-0.06,-0.3444,2.2891,2024232,35927209.4,3385044905.76,1535141831.44
2014-11-03,'000605,渤海股份,17.42,17.66,17.29,17.47,17.41,0.01,0.0574,1.4248,1259978,21996081.17,3396744369.72,1540447621.18
2014-10-31,'000605,渤海股份,17.41,17.69,17.25,17.64,17.64,-0.23,-1.3039,1.6659,1473163,25671491.92,3394794459.06,1539563322.89
2014-10-30,'000605,渤海股份,17.64,17.81,17.41,17.61,17.63,0.01,0.0567,1.9573,1730823,30431757.1,3439642404.24,1559902183.56
2014-10-29,'000605,渤海股份,17.63,17.75,17.16,17.25,17.18,0.45,2.6193,3.1446,2780722,48728626.88,3437692493.58,1559017885.27
2014-10-28,'000605,渤海股份,17.18,17.25,16.96,17.01,16.9,0.28,1.6568,1.693,1497109,25610898.0,3349946513.88,1519224462.22
2014-10-27,'000605,渤海股份,16.9,17.14,16.42,16.5,16.55,0.35,2.1148,1.8429,1629717,27614312.66,3295349015.4,1494464110.1
2014-10-24,'000605,渤海股份,16.55,16.65,16.2,16.45,16.4,0.15,0.9146,0.954,843616,13839001.97,3227102142.3,1463513669.95
2014-10-23,'000605,渤海股份,16.4,17.04,16.25,16.88,16.92,-0.52,-3.0733,2.3039,2037303,33828797.08,3197853482.4,1450249195.6
2014-10-22,'000605,渤海股份,16.92,17.55,16.87,17.5,17.26,-0.34,-1.9699,3.5838,3169142,54301583.03,3299248836.72,1496232706.68
2014-10-21,'000605,渤海股份,0.0,0.0,0.0,0.0,17.26,None,None,0.0,0,0.0,3365545799.16,1526298848.54
2014-10-20,'000605,渤海股份,0.0,0.0,0.0,0.0,17.26,None,None,0.0,0,0.0,3365545799.16,1526298848.54
2014-10-17,'000605,渤海股份,0.0,0.0,0.0,0.0,17.26,None,None,0.0,0,0.0,3365545799.16,1526298848.54
2014-10-16,'000605,渤海股份,0.0,0.0,0.0,0.0,17.26,None,None,0.0,0,0.0,3365545799.16,1526298848.54
2014-10-15,'000605,渤海股份,0.0,0.0,0.0,0.0,17.26,None,None,0.0,0,0.0,3365545799.16,1526298848.54
2014-10-14,'000605,渤海股份,0.0,0.0,0.0,0.0,17.26,None,None,0.0,0,0.0,3365545799.16,1526298848.54
2014-10-13,'000605,渤海股份,0.0,0.0,0.0,0.0,17.26,None,None,0.0,0,0.0,3365545799.16,1526298848.54
2014-10-10,'000605,渤海股份,0.0,0.0,0.0,0.0,17.26,None,None,0.0,0,0.0,3365545799.16,1526298848.54
2014-10-09,'000605,渤海股份,0.0,0.0,0.0,0.0,17.26,None,None,0.0,0,0.0,3365545799.16,1526298848.54
2014-10-08,'000605,渤海股份,0.0,0.0,0.0,0.0,17.26,None,None,0.0,0,0.0,3365545799.16,1526298848.54
2014-09-30,'000605,渤海股份,0.0,0.0,0.0,0.0,17.26,None,None,0.0,0,0.0,3365545799.16,1526298848.54
2014-09-29,'000605,渤海股份,0.0,0.0,0.0,0.0,17.26,None,None,0.0,0,0.0,3365545799.16,1526298848.54
2014-09-26,'000605,渤海股份,0.0,0.0,0.0,0.0,17.26,None,None,0.0,0,0.0,3365545799.16,1526298848.54
2014-09-25,'000605,渤海股份,0.0,0.0,0.0,0.0,17.26,None,None,0.0,0,0.0,3365545799.16,1526298848.54
2014-09-24,'000605,渤海股份,0.0,0.0,0.0,0.0,17.26,None,None,0.0,0,0.0,3365545799.16,1526298848.54
2014-09-23,'000605,渤海股份,0.0,0.0,0.0,0.0,17.26,None,None,0.0,0,0.0,3365545799.16,1526298848.54
2014-09-22,'000605,渤海股份,0.0,0.0,0.0,0.0,17.26,None,None,0.0,0,0.0,3365545799.16,1526298848.54
2014-09-19,'000605,渤海股份,0.0,0.0,0.0,0.0,17.26,None,None,0.0,0,0.0,3365545799.16,1526298848.54
2014-09-18,'000605,渤海股份,0.0,0.0,0.0,0.0,17.26,None,None,0.0,0,0.0,3365545799.16,1526298848.54
2014-09-17,'000605,渤海股份,0.0,0.0,0.0,0.0,17.26,None,None,0.0,0,0.0,3365545799.16,1526298848.54
2014-09-16,'000605,渤海股份,0.0,0.0,0.0,0.0,17.26,None,None,0.0,0,0.0,3365545799.16,1526298848.54
2014-09-15,'000605,渤海股份,0.0,0.0,0.0,0.0,17.26,None,None,0.0,0,0.0,3365545799.16,1526298848.54
2014-09-12,'000605,渤海股份,0.0,0.0,0.0,0.0,17.26,None,None,0.0,0,0.0,3365545799.16,1526298848.54
2014-09-11,'000605,渤海股份,0.0,0.0,0.0,0.0,17.26,None,None,0.0,0,0.0,3365545799.16,1526298848.54
2014-09-10,'000605,渤海股份,0.0,0.0,0.0,0.0,17.26,None,None,0.0,0,0.0,3365545799.16,1526298848.54
2014-09-09,'000605,渤海股份,17.26,17.46,17.06,17.12,17.2,0.06,0.3488,1.9136,1692174,29258478.9,3365545799.16,1526298848.54
2014-09-05,'000605,渤海股份,17.2,17.47,17.14,17.32,17.32,-0.12,-0.6928,1.9019,1681829,29063878.12,3353846335.2,1520993058.8
2014-09-04,'000605,渤海股份,17.32,17.48,16.94,17.01,16.98,0.34,2.0024,2.4757,2189248,37865499.91,3377245263.12,1531604638.28
2014-09-03,'000605,渤海股份,16.98,17.15,16.9,16.9,16.89,0.09,0.5329,1.458,1289338,21917559.55,3310948300.68,1501538496.42
2014-09-02,'000605,渤海股份,16.89,16.94,16.69,16.69,16.66,0.23,1.3806,1.3232,1170080,19684247.25,3293399104.74,1493579811.81
2014-09-01,'000605,渤海股份,16.66,16.72,16.46,16.65,16.46,0.2,1.2151,1.6905,1494922,24826917.19,3248551159.56,1473240951.14
2014-08-29,'000605,渤海股份,16.46,16.5,16.3,16.39,16.35,0.11,0.6728,0.4992,441430,7244123.95,3209552946.36,1455554985.34
2014-08-28,'000605,渤海股份,16.35,16.79,16.33,16.7,16.62,-0.27,-1.6245,0.9878,873551,14428018.44,3188103929.1,1445827704.15
2014-08-27,'000605,渤海股份,16.62,16.8,16.5,16.58,16.6,0.02,0.1205,0.5419,479201,7978387.59,3240751516.92,1469703757.98
2014-08-26,'000605,渤海股份,16.6,16.88,16.56,16.87,16.88,-0.28,-1.6588,1.4098,1246674,20789322.11,3236851695.6,1467935161.4
2014-08-25,'000605,渤海股份,16.88,17.3,16.85,17.3,17.3,-0.42,-2.4277,1.8838,1665850,28252055.33,3291449194.08,1492695513.52
2014-08-22,'000605,渤海股份,17.3,17.88,16.95,17.3,17.44,-0.14,-0.8028,5.4438,4813934,83707226.68,3373345441.8,1529836041.7
2014-08-21,'000605,渤海股份,17.44,17.49,16.42,16.65,16.72,0.72,4.3062,3.2997,2917922,49437090.11,3400644191.04,1542216217.76
2014-08-20,'000605,渤海股份,16.72,16.95,16.61,16.9,17.0,-0.28,-1.6471,1.7321,1531704,25626622.21,3260250623.52,1478546740.88
2014-08-19,'000605,渤海股份,17.0,17.0,16.74,16.8,16.85,0.15,0.8902,1.421,1256563,21239728.11,3314848122.0,1503307093.0
2014-08-18,'000605,渤海股份,16.85,17.05,16.65,16.65,16.69,0.16,0.9587,1.4483,1280685,21607738.04,3285599462.1,1490042618.65
2014-08-15,'000605,渤海股份,16.69,16.78,16.5,16.63,16.6,0.09,0.5422,1.3747,1215672,20240451.27,3254400891.54,1475893846.01
2014-08-14,'000605,渤海股份,16.6,16.7,16.44,16.51,16.59,0.01,0.0603,1.6238,1435963,23851383.2,3236851695.6,1467935161.4
2014-08-13,'000605,渤海股份,16.59,16.7,16.24,16.3,16.3,0.29,1.7791,1.6506,1459625,24054228.67,3234901784.94,1467050863.11
2014-08-12,'000605,渤海股份,16.3,16.39,16.08,16.38,16.39,-0.09,-0.5491,0.8468,748806,12195324.51,3178354375.8,1441406212.7
2014-08-11,'000605,渤海股份,16.39,16.43,16.14,16.14,16.14,0.25,1.5489,0.8076,714153,11647734.32,3195903571.74,1449364897.31
2014-08-08,'000605,渤海股份,16.14,16.26,16.1,16.14,16.14,0.0,0.0,0.7742,684652,11074131.72,3147155805.24,1427257440.06
2014-08-07,'000605,渤海股份,16.14,16.59,16.1,16.55,16.54,-0.4,-2.4184,2.0607,1822299,29817518.19,3147155805.24,1427257440.06
2014-08-06,'000605,渤海股份,16.54,16.75,16.19,16.38,16.45,0.09,0.5471,1.8383,1625620,26789339.6,3225152231.64,1462629371.66
2014-08-05,'000605,渤海股份,16.45,16.47,16.08,16.31,16.34,0.11,0.6732,1.3377,1182921,19215420.87,3207603035.7,1454670687.05
2014-08-04,'000605,渤海股份,16.34,16.41,16.22,16.38,16.2,0.14,0.8642,1.1806,1044006,17032097.26,3186154018.44,1444943405.86
2014-08-01,'000605,渤海股份,16.2,16.49,16.13,16.16,16.21,-0.01,-0.0617,2.0537,1816125,29604413.49,3158855269.2,1432563229.8
2014-07-31,'000605,渤海股份,16.21,16.27,16.05,16.05,16.2,0.01,0.0617,0.7515,664586,10734934.33,3160805179.86,1433447528.09
2014-07-30,'000605,渤海股份,16.2,16.26,16.0,16.25,16.25,-0.05,-0.3077,1.3058,1154755,18602012.49,3158855269.2,1432563229.8
2014-07-29,'000605,渤海股份,16.25,16.36,16.11,16.25,16.28,-0.03,-0.1843,1.1584,1024407,16638105.43,3168604822.5,1436984721.25
2014-07-28,'000605,渤海股份,16.28,16.48,15.96,16.11,16.24,0.04,0.2463,1.6016,1416272,22892952.0,3174454554.48,1439637616.12
2014-07-25,'000605,渤海股份,16.24,16.6,15.61,15.61,15.68,0.56,3.5714,1.5277,1350934,21737811.7,3166654911.84,1436100422.96
2014-07-24,'000605,渤海股份,15.68,15.74,15.45,15.45,15.53,0.15,0.9659,0.5873,519360,8122285.79,3057459914.88,1386579718.72
2014-07-23,'000605,渤海股份,15.53,15.72,15.42,15.55,15.55,-0.02,-0.1286,0.5315,470016,7304792.84,3028211254.98,1373315244.37
2014-07-22,'000605,渤海股份,15.55,15.65,15.45,15.51,15.5,0.05,0.3226,0.6002,530789,8246935.52,3032111076.3,1375083840.95
2014-07-21,'000605,渤海股份,15.5,15.75,15.31,15.7,15.7,-0.2,-1.2739,0.4148,366809,5697257.79,3022361523.0,1370662349.5
2014-07-18,'000605,渤海股份,15.7,15.87,15.61,15.63,15.66,0.04,0.2554,0.4796,424153,6687547.29,3061359736.2,1388348315.3
2014-07-17,'000605,渤海股份,15.66,16.11,15.62,16.03,16.11,-0.45,-2.7933,1.0374,917368,14438194.48,3053560093.56,1384811122.14
2014-07-16,'000605,渤海股份,16.11,16.27,15.9,15.9,16.0,0.11,0.6875,0.8785,776868,12513042.67,3141306073.26,1424604545.19
2014-07-15,'000605,渤海股份,16.0,16.15,15.79,16.01,16.01,-0.01,-0.0625,0.7625,674299,10748284.27,3119857056.0,1414877264.0
2014-07-14,'000605,渤海股份,16.01,16.32,15.6,16.09,16.22,-0.21,-1.2947,0.9872,873017,13988528.92,3121806966.66,1415761562.29
2014-07-11,'000605,渤海股份,16.22,16.54,15.6,15.6,15.87,0.35,2.2054,1.4444,1277267,20758957.56,3162755090.52,1434331826.38
2014-07-10,'000605,渤海股份,15.87,16.18,15.83,16.18,16.18,-0.31,-1.9159,1.0879,962011,15378812.16,1955669399.82,1403381386.23
2014-07-09,'000605,渤海股份,16.18,16.59,16.11,16.59,16.69,-0.51,-3.0557,2.8253,2498404,40739505.83,1993870881.48,1430794633.22
2014-07-08,'000605,渤海股份,16.69,16.8,15.55,15.55,15.64,1.05,6.7136,1.5976,1412719,22659200.74,2056718480.34,1475893846.01
2014-07-07,'000605,渤海股份,15.64,15.66,15.45,15.45,15.53,0.11,0.7083,0.6041,534212,8313040.11,1927326365.04,1383042525.56
2014-07-04,'000605,渤海股份,15.53,15.7,15.48,15.66,15.71,-0.18,-1.1458,0.556,491696,7656742.75,1913771000.58,1373315244.37
2014-07-03,'000605,渤海股份,15.71,15.85,15.56,15.85,15.67,0.04,0.2553,0.7838,693120,10869011.6,1935952506.06,1389232613.59
2014-07-02,'000605,渤海股份,15.67,16.2,15.53,15.63,15.52,0.15,0.9665,1.2365,1093473,17297944.35,1931023282.62,1385695420.43
2014-07-01,'000605,渤海股份,15.52,15.66,15.45,15.56,15.45,0.07,0.4531,0.6366,562944,8758570.56,1912538694.72,1372430946.08
2014-06-30,'000605,渤海股份,15.45,15.7,15.32,15.45,15.4,0.05,0.3247,0.5137,454305,7028217.96,1903912553.7,1366240858.05
2014-06-27,'000605,渤海股份,15.4,15.53,15.31,15.39,15.4,0.0,0.0,0.9009,796667,12290621.85,1897751024.4,1361819366.6
2014-06-26,'000605,渤海股份,15.4,15.48,15.21,15.23,15.44,-0.04,-0.2591,0.6047,534748,8234702.21,1897751024.4,1361819366.6
2014-06-25,'000605,渤海股份,15.44,15.72,15.3,15.65,15.64,-0.2,-1.2788,1.2859,1137148,17617951.63,1902680247.84,1365356559.76
2014-06-24,'000605,渤海股份,15.64,15.65,14.95,14.95,14.95,0.69,4.6154,1.1345,1003213,15418070.32,1927326365.04,1383042525.56
2014-06-23,'000605,渤海股份,14.95,15.17,14.86,14.87,14.85,0.1,0.6734,0.4102,362754,5461899.54,1842297260.7,1322025943.55
2014-06-20,'000605,渤海股份,14.85,14.96,14.69,14.77,14.65,0.2,1.3652,0.3664,324035,4805330.89,1829974202.1,1313182960.65
2014-06-19,'000605,渤海股份,14.65,15.24,14.6,14.96,15.11,-0.46,-3.0443,0.5835,515955,7686453.48,1805328084.9,1295496994.85
2014-06-18,'000605,渤海股份,15.11,15.41,15.1,15.28,15.37,-0.26,-1.6916,0.5003,442445,6749338.16,1862014154.46,1336174716.19
2014-06-17,'000605,渤海股份,15.37,15.53,15.37,15.53,15.53,-0.16,-1.0303,0.536,474027,7303866.71,1894054106.82,1359166471.73
2014-06-16,'000605,渤海股份,15.53,15.6,15.43,15.5,15.52,0.01,0.0644,0.5584,493769,7660816.04,1913771000.58,1373315244.37
2014-06-13,'000605,渤海股份,15.52,15.54,15.38,15.46,15.44,0.08,0.5181,0.866,765805,11835097.47,1912538694.72,1372430946.08
2014-06-12,'000605,渤海股份,15.44,15.79,15.41,15.79,15.77,-0.33,-2.0926,0.7994,706951,10976998.8,1902680247.84,1365356559.76
2014-06-11,'000605,渤海股份,15.77,16.1,15.53,15.54,15.58,0.19,1.2195,1.0118,894744,14186613.6,1943346341.22,1394538403.33
2014-06-10,'000605,渤海股份,15.58,15.62,15.28,15.5,15.52,0.06,0.3866,0.542,479313,7416203.32,1919932529.88,1377736735.82
2014-06-09,'000605,渤海股份,15.52,15.68,15.48,15.68,15.58,-0.06,-0.3851,0.2858,252751,3936631.0,1912538694.72,1372430946.08
2014-06-06,'000605,渤海股份,15.58,15.79,15.56,15.79,15.72,-0.14,-0.8906,0.5122,452943,7083876.43,1919932529.88,1377736735.82
2014-06-05,'000605,渤海股份,15.72,15.78,15.6,15.69,15.66,0.06,0.3831,0.444,392604,6160053.66,1937184811.92,1390116911.88
2014-06-04,'000605,渤海股份,15.66,15.89,15.66,15.85,15.86,-0.2,-1.261,0.3529,312099,4923315.95,1929790976.76,1384811122.14
2014-06-03,'000605,渤海股份,15.86,16.15,15.7,16.08,15.9,-0.04,-0.2516,0.8617,762010,12160494.04,1954437093.96,1402497087.94
2014-05-30,'000605,渤海股份,15.9,15.92,15.39,15.55,15.55,0.35,2.2508,0.8537,754929,11806508.58,1959366317.4,1406034281.1
2014-05-29,'000605,渤海股份,15.55,15.74,15.36,15.74,15.66,-0.11,-0.7024,0.4864,430127,6688698.11,1916235612.3,1375083840.95
2014-05-28,'000605,渤海股份,15.66,15.78,15.53,15.6,15.62,0.04,0.2561,0.4624,408902,6392344.67,1929790976.76,1384811122.14
2014-05-27,'000605,渤海股份,15.62,15.94,15.6,15.79,15.86,-0.24,-1.5132,0.3385,299313,4724399.53,1924861753.32,1381273928.98
2014-05-26,'000605,渤海股份,15.86,15.98,15.54,15.55,15.62,0.24,1.5365,0.4914,434555,6863537.41,1954437093.96,1402497087.94
2014-05-23,'000605,渤海股份,15.62,15.7,15.5,15.5,15.61,0.01,0.0641,0.3945,348827,5440689.31,1924861753.32,1381273928.98
2014-05-22,'000605,渤海股份,15.61,15.85,15.6,15.75,15.74,-0.13,-0.8259,0.4594,406259,6382072.76,1923629447.46,1380389630.69
2014-05-21,'000605,渤海股份,15.74,15.75,15.42,15.55,15.59,0.15,0.9622,0.3002,265470,4143244.85,1939649423.64,1391885508.46
2014-05-20,'000605,渤海股份,15.59,15.83,15.52,15.76,15.75,-0.16,-1.0159,0.5677,502003,7863744.24,1921164835.74,1378621034.11
2014-05-19,'000605,渤海股份,15.75,16.5,15.51,16.49,16.6,-0.85,-5.1205,0.9729,860359,13571882.91,1940881729.5,1392769806.75
2014-05-16,'000605,渤海股份,16.6,17.18,16.27,16.27,16.24,0.36,2.2167,3.0424,2690399,45033279.19,2045627727.6,1467935161.4
2014-05-15,'000605,渤海股份,16.24,16.25,15.67,15.87,15.82,0.42,2.6549,0.9321,824275,13130374.15,2001264716.64,1436100422.96
2014-05-14,'000605,渤海股份,15.82,15.9,15.61,15.72,15.8,0.02,0.1266,0.3625,320571,5054514.94,1949507870.52,1398959894.78
2014-05-13,'000605,渤海股份,15.8,15.86,15.55,15.72,15.71,0.09,0.5729,0.3774,333727,5240081.69,1947043258.8,1397191298.2
2014-05-12,'000605,渤海股份,15.71,15.76,15.36,15.36,15.39,0.32,2.0793,0.3833,338949,5287286.75,1935952506.06,1389232613.59
2014-05-09,'000605,渤海股份,15.39,15.54,15.21,15.21,15.29,0.1,0.654,0.3422,302610,4666698.45,1896518718.54,1360935068.31
2014-05-08,'000605,渤海股份,15.29,15.66,15.28,15.57,15.55,-0.26,-1.672,0.5079,449158,6947597.53,1884195659.94,1352092085.41
2014-05-07,'000605,渤海股份,15.55,15.88,15.55,15.87,15.86,-0.31,-1.9546,0.3812,337099,5290169.2,1916235612.3,1375083840.95
2014-05-06,'000605,渤海股份,15.86,15.86,15.53,15.68,15.7,0.16,1.0191,0.4936,436459,6851124.45,1954437093.96,1402497087.94
2014-05-05,'000605,渤海股份,15.7,15.99,15.37,15.99,15.79,-0.09,-0.57,0.8212,726146,11294893.08,1934720200.2,1388348315.3
2014-04-30,'000605,渤海股份,15.79,16.09,15.75,16.09,16.08,-0.29,-1.8035,0.4878,431366,6824141.2,1945810952.94,1396306999.91
2014-04-29,'000605,渤海股份,16.08,16.1,15.63,15.63,15.63,0.45,2.8791,0.5374,475263,7548607.79,1981547822.88,1421951650.32
2014-04-28,'000605,渤海股份,15.63,16.06,15.55,15.83,15.82,-0.19,-1.201,0.5591,494407,7763720.37,1926094059.18,1382158227.27
2014-04-25,'000605,渤海股份,15.82,16.48,15.71,16.41,16.44,-0.62,-3.7713,0.5719,505763,8124297.34,1949507870.52,1398959894.78
2014-04-24,'000605,渤海股份,16.44,16.73,16.43,16.5,16.46,-0.02,-0.1215,0.3434,303696,5038074.4,2025910833.84,1453786388.76
2014-04-23,'000605,渤海股份,16.46,16.71,16.4,16.4,16.51,-0.05,-0.3028,0.4057,358797,5930035.95,2028375445.56,1455554985.34
2014-04-22,'000605,渤海股份,16.51,16.8,16.35,16.8,16.65,-0.14,-0.8408,0.6149,543751,9005604.87,2034536974.86,1459976476.79
2014-04-21,'000605,渤海股份,16.65,17.14,16.65,16.83,17.02,-0.37,-2.1739,0.6033,533501,9007896.97,2051789256.9,1472356652.85
2014-04-18,'000605,渤海股份,17.02,17.28,16.79,16.8,16.98,0.04,0.2356,0.6839,604805,10324035.99,2097384573.72,1505075689.58
2014-04-17,'000605,渤海股份,16.98,17.42,16.95,17.4,17.21,-0.23,-1.3364,0.9929,877994,14995929.56,2092455350.28,1501538496.42
2014-04-16,'000605,渤海股份,17.21,17.74,17.01,17.74,17.74,-0.53,-2.9876,1.5936,1409258,24397625.59,2120798385.06,1521877357.09
2014-04-15,'000605,渤海股份,17.74,18.81,16.81,17.2,17.17,0.57,3.3197,3.9613,3503012,62639905.74,2186110595.64,1568745166.46
2014-04-14,'000605,渤海股份,17.17,17.42,16.51,16.51,16.37,0.8,4.887,1.7968,1588938,27110660.86,2115869161.62,1518340163.93
2014-04-11,'000605,渤海股份,16.37,16.62,16.31,16.62,16.53,-0.16,-0.9679,0.4833,427401,7009644.22,2017284692.82,1447596300.73
2014-04-10,'000605,渤海股份,16.53,16.75,16.51,16.6,16.69,-0.16,-0.9587,0.5472,483880,8047119.24,2037001586.58,1461745073.37
2014-04-09,'000605,渤海股份,16.69,16.79,16.54,16.72,16.72,-0.03,-0.1794,0.6439,569412,9481641.85,2056718480.34,1475893846.01
2014-04-08,'000605,渤海股份,16.72,16.89,16.3,16.89,16.7,0.02,0.1198,0.8929,789634,13099313.04,2060415397.92,1478546740.88
2014-04-04,'000605,渤海股份,16.7,17.35,16.61,17.2,17.11,-0.41,-2.3963,1.281,1132810,19115352.2,2057950786.2,1476778144.3
2014-04-03,'000605,渤海股份,17.11,17.11,15.47,15.49,15.55,1.56,10.0322,1.3433,1187892,19518861.14,2108475326.46,1513034374.19
2014-04-02,'000605,渤海股份,15.55,15.73,15.51,15.69,15.69,-0.14,-0.8923,0.2538,224444,3501588.45,1916235612.3,1375083840.95
2014-04-01,'000605,渤海股份,15.69,15.89,15.44,15.89,15.63,0.06,0.3839,0.4069,359837,5605900.05,1933487894.34,1387464017.01
2014-03-31,'000605,渤海股份,15.63,15.98,15.4,15.58,15.45,0.18,1.165,0.4635,409857,6416422.01,1926094059.18,1382158227.27
2014-03-28,'000605,渤海股份,15.45,16.22,15.42,16.17,16.38,-0.93,-5.6777,0.856,756976,11920769.63,1903912553.7,1366240858.05
2014-03-27,'000605,渤海股份,16.38,17.1,16.3,17.1,17.03,-0.65,-3.8168,0.6924,612299,10207003.9,2018516998.68,1448480599.02
2014-03-26,'000605,渤海股份,17.03,17.3,16.92,17.11,17.11,-0.08,-0.4676,0.4239,374858,6410088.06,2098616879.58,1505959987.87
2014-03-25,'000605,渤海股份,17.11,17.28,16.83,17.14,17.06,0.05,0.2931,0.4933,436257,7444033.64,2108475326.46,1513034374.19
2014-03-24,'000605,渤海股份,17.06,17.34,16.92,17.18,17.1,-0.04,-0.2339,0.6259,553511,9453566.22,2102313797.16,1508612882.74
2014-03-21,'000605,渤海股份,17.1,17.19,16.54,16.87,16.95,0.15,0.885,0.6825,603507,10223376.23,2107243020.6,1512150075.9
2014-03-20,'000605,渤海股份,16.95,17.27,16.85,16.88,16.9,0.05,0.2959,0.718,634901,10791138.03,2088758432.7,1498885601.55
2014-03-19,'000605,渤海股份,16.9,17.6,16.7,17.6,17.6,-0.7,-3.9773,1.0525,930738,15769669.13,2082596903.4,1494464110.1
2014-03-18,'000605,渤海股份,17.6,18.8,17.54,18.08,17.62,-0.02,-0.1135,1.421,1256544,22631368.77,2168858313.6,1556364990.4
2014-03-17,'000605,四环药业,17.62,17.69,17.43,17.54,17.47,0.15,0.8586,0.5282,467119,8207840.5,2171322925.32,1558133586.98
2014-03-14,'000605,四环药业,17.47,17.59,17.38,17.59,17.69,-0.22,-1.2436,0.4769,421751,7361520.15,2152838337.42,1544869112.63
2014-03-13,'000605,四环药业,17.69,18.1,17.01,18.1,17.98,-0.29,-1.6129,0.9089,803737,14138589.17,2179949066.34,1564323675.01
2014-03-12,'000605,四环药业,17.98,18.28,16.72,16.73,16.64,1.34,8.0529,1.9081,1687318,29997489.27,2215685936.28,1589968325.42
2014-03-11,'000605,四环药业,16.64,16.77,16.5,16.5,16.61,0.03,0.1806,0.2887,255339,4251234.72,2050556951.04,1471472354.56
2014-03-10,'000605,四环药业,16.61,17.2,16.54,17.2,17.2,-0.59,-3.4302,0.5549,490673,8189001.11,2046860033.46,1468819459.69
2014-03-07,'000605,四环药业,17.2,17.6,17.16,17.5,17.5,-0.3,-1.7143,0.4625,408958,7090376.67,2119566079.2,1520993058.8
2014-03-06,'000605,四环药业,17.5,17.6,17.03,17.2,17.19,0.31,1.8034,0.4806,424969,7391579.62,2156535255.0,1547522007.5
2014-03-05,'000605,四环药业,17.19,17.5,17.03,17.48,17.59,-0.4,-2.274,0.6823,603379,10410820.63,2118333773.34,1520108760.51
2014-03-04,'000605,四环药业,17.59,17.59,16.92,17.3,17.35,0.24,1.3833,0.9664,854623,14751956.99,2167626007.74,1555480692.11
2014-03-03,'000605,四环药业,17.35,17.71,17.17,17.71,17.88,-0.53,-2.9642,1.2891,1139948,19861607.64,2138050667.1,1534257533.15
2014-02-28,'000605,四环药业,17.88,18.59,17.8,18.1,18.29,-0.41,-2.2417,0.6027,561906,10164153.89,1666863000.0,1666863000.0
2014-02-27,'000605,四环药业,18.29,18.74,17.75,17.75,17.95,0.34,1.8942,1.1491,1071224,19595233.65,1705085250.0,1705085250.0
2014-02-26,'000605,四环药业,17.95,17.98,17.4,17.4,17.71,0.24,1.3552,0.5633,525101,9312124.42,1673388750.0,1673388750.0
2014-02-25,'000605,四环药业,17.71,18.78,17.5,18.75,18.53,-0.82,-4.4253,1.1917,1110932,20340785.33,1651014750.0,1651014750.0
2014-02-24,'000605,四环药业,18.53,18.65,18.05,18.24,18.24,0.29,1.5899,1.0174,948508,17438113.3,1727459250.0,1727459250.0
2014-02-21,'000605,四环药业,18.24,18.45,17.68,17.68,17.95,0.29,1.6156,0.6507,606597,10931338.21,1700424000.0,1700424000.0
2014-02-20,'000605,四环药业,17.95,18.65,17.9,18.65,18.71,-0.76,-4.062,1.6295,1519072,27509622.49,1673388750.0,1673388750.0
2014-02-19,'000605,四环药业,18.71,19.5,17.88,17.88,17.82,0.89,4.9944,2.4415,2276125,42824994.69,1744239750.0,1744239750.0
2014-02-18,'000605,四环药业,17.82,18.4,17.74,18.13,18.14,-0.32,-1.7641,1.0591,987373,17822986.91,1661269500.0,1661269500.0
2014-02-17,'000605,四环药业,18.14,18.17,17.39,17.67,17.6,0.54,3.0682,1.3853,1291425,23039171.24,1691101500.0,1691101500.0
2014-02-14,'000605,四环药业,17.6,17.75,17.4,17.49,17.6,0.0,0.0,0.9854,918635,16127804.5,1640760000.0,1640760000.0
2014-02-13,'000605,四环药业,17.6,18.1,17.45,17.5,17.81,-0.21,-1.1791,1.3433,1252262,22319000.07,1640760000.0,1640760000.0
2014-02-12,'000605,四环药业,17.81,18.43,17.06,17.06,17.23,0.58,3.3662,1.9157,1785916,31968277.53,1660337250.0,1660337250.0
2014-02-11,'000605,四环药业,17.23,19.0,17.06,18.0,17.47,-0.24,-1.3738,2.0073,1871344,33163780.74,1606266750.0,1606266750.0
2014-02-10,'000605,四环药业,17.47,17.49,17.0,17.02,17.17,0.3,1.7472,1.7757,1655424,28548618.24,1628640750.0,1628640750.0
2014-02-07,'000605,四环药业,17.17,17.22,16.6,17.0,17.12,0.05,0.2921,1.2089,1127019,19010230.72,1600673250.0,1600673250.0
2014-01-30,'000605,四环药业,17.12,17.85,16.9,17.58,17.55,-0.43,-2.4501,2.0239,1886799,32529506.25,1596012000.0,1596012000.0
2014-01-29,'000605,四环药业,17.55,18.24,16.9,17.72,16.58,0.97,5.8504,4.4203,4120832,72804734.03,1636098750.0,1636098750.0
2014-01-28,'000605,四环药业,16.58,16.58,16.01,16.01,15.07,1.51,10.0199,0.7685,716428,11860253.71,1545670500.0,1545670500.0
2014-01-27,'000605,四环药业,15.07,15.35,15.03,15.24,15.29,-0.22,-1.4388,0.2457,229051,3473940.93,1404900750.0,1404900750.0
2014-01-24,'000605,四环药业,15.29,15.37,15.0,15.06,15.08,0.21,1.3926,0.4229,394224,5999867.26,1425410250.0,1425410250.0
2014-01-23,'000605,四环药业,15.08,15.18,14.86,15.18,15.01,0.07,0.4664,0.2577,240206,3610628.92,1405833000.0,1405833000.0
2014-01-22,'000605,四环药业,15.01,15.01,14.73,14.73,14.82,0.19,1.2821,0.4278,398817,5968567.06,1399307250.0,1399307250.0
2014-01-21,'000605,四环药业,14.82,14.95,14.71,14.72,14.88,-0.06,-0.4032,0.1203,112113,1665561.08,1381594500.0,1381594500.0
2014-01-20,'000605,四环药业,14.88,15.18,14.61,15.18,14.96,-0.08,-0.5348,0.1728,161050,2386976.8,1387188000.0,1387188000.0
2014-01-17,'000605,四环药业,14.96,15.05,14.88,15.05,15.05,-0.09,-0.598,0.1275,118848,1775832.07,1394646000.0,1394646000.0
2014-01-16,'000605,四环药业,15.05,15.19,14.78,14.85,14.84,0.21,1.4151,0.2647,246745,3719614.62,1403036250.0,1403036250.0
2014-01-15,'000605,四环药业,14.84,14.92,14.7,14.7,14.83,0.01,0.0674,0.2938,273877,4053940.8,1383459000.0,1383459000.0
2014-01-14,'000605,四环药业,14.83,14.98,14.3,14.98,14.8,0.03,0.2027,0.4201,391658,5716782.04,1382526750.0,1382526750.0
2014-01-13,'000605,四环药业,14.8,15.45,14.8,15.3,15.35,-0.55,-3.5831,0.3595,335100,5061222.93,1379730000.0,1379730000.0
2014-01-10,'000605,四环药业,15.35,15.94,15.06,15.86,15.86,-0.51,-3.2156,0.4257,396831,6151045.4,1431003750.0,1431003750.0
2014-01-09,'000605,四环药业,15.86,16.08,15.76,15.86,15.86,0.0,0.0,0.3293,306975,4890790.55,1478548500.0,1478548500.0
2014-01-08,'000605,四环药业,15.86,15.94,15.73,15.83,15.76,0.1,0.6345,0.348,324465,5131478.02,1478548500.0,1478548500.0
2014-01-07,'000605,四环药业,15.76,15.79,15.58,15.68,15.71,0.05,0.3183,0.2006,187040,2936946.81,1469226000.0,1469226000.0
2014-01-06,'000605,四环药业,15.71,16.15,15.7,16.12,16.1,-0.39,-2.4224,0.3417,318551,5069269.09,1464564750.0,1464564750.0
2014-01-03,'000605,四环药业,16.1,16.1,15.76,15.87,15.87,0.23,1.4493,0.4483,417914,6661520.99,1500922500.0,1500922500.0
2014-01-02,'000605,四环药业,15.87,15.89,15.69,15.76,15.76,0.11,0.698,0.3052,284532,4496728.64,1479480750.0,1479480750.0
2013-12-31,'000605,四环药业,15.76,15.89,15.68,15.89,15.71,0.05,0.3183,0.2203,205413,3237788.62,1469226000.0,1469226000.0
2013-12-30,'000605,四环药业,15.71,15.8,15.61,15.8,15.7,0.01,0.0637,0.3057,284973,4474914.28,1464564750.0,1464564750.0
2013-12-27,'000605,四环药业,15.7,15.79,15.5,15.51,15.65,0.05,0.3195,0.326,303948,4757217.15,1463632500.0,1463632500.0
2013-12-26,'000605,四环药业,15.65,16.02,15.63,16.02,15.95,-0.3,-1.8809,0.3861,359987,5658035.79,1458971250.0,1458971250.0
2013-12-25,'000605,四环药业,15.95,15.97,15.71,15.82,15.82,0.13,0.8217,0.2765,257745,4073430.74,1486938750.0,1486938750.0
2013-12-24,'000605,四环药业,15.82,15.9,15.73,15.85,15.85,-0.03,-0.1893,0.2857,266298,4207322.4,1474819500.0,1474819500.0
2013-12-23,'000605,四环药业,15.85,16.22,15.6,16.09,16.09,-0.24,-1.4916,0.5625,524416,8333313.07,1477616250.0,1477616250.0
2013-12-20,'000605,四环药业,16.09,16.16,15.78,15.81,15.85,0.24,1.5142,0.3396,316556,5038672.75,1499990250.0,1499990250.0
2013-12-19,'000605,四环药业,15.85,16.01,15.8,15.95,15.8,0.05,0.3165,0.2288,213292,3388792.87,1477616250.0,1477616250.0
2013-12-18,'000605,四环药业,15.8,16.0,15.65,15.83,15.74,0.06,0.3812,0.2673,249226,3954271.59,1472955000.0,1472955000.0
2013-12-17,'000605,四环药业,15.74,15.89,15.63,15.75,15.75,-0.01,-0.0635,0.2927,272875,4297246.08,1467361500.0,1467361500.0
2013-12-16,'000605,四环药业,15.75,16.27,15.7,16.27,16.27,-0.52,-3.1961,0.6789,632887,10038070.34,1468293750.0,1468293750.0
2013-12-13,'000605,四环药业,16.27,16.6,16.23,16.59,16.37,-0.1,-0.6109,0.3735,348220,5675075.33,1516770750.0,1516770750.0
2013-12-12,'000605,四环药业,16.37,16.39,16.16,16.22,16.25,0.12,0.7385,0.4112,383369,6244591.14,1526093250.0,1526093250.0
2013-12-11,'000605,四环药业,16.25,16.53,16.19,16.5,16.49,-0.24,-1.4554,0.455,424220,6900396.18,1514906250.0,1514906250.0
2013-12-10,'000605,四环药业,16.49,16.53,16.2,16.24,16.34,0.15,0.918,0.5664,528037,8644783.05,1537280250.0,1537280250.0
2013-12-09,'000605,四环药业,16.34,16.74,16.11,16.67,16.67,-0.33,-1.9796,0.9958,928303,15167786.06,1523296500.0,1523296500.0
2013-12-06,'000605,四环药业,16.67,17.23,16.15,16.15,16.01,0.66,4.1224,1.7417,1623724,27239129.88,1554060750.0,1554060750.0
2013-12-05,'000605,四环药业,16.01,16.3,16.0,16.3,16.28,-0.27,-1.6585,0.6228,580650,9328685.97,1492532250.0,1492532250.0
2013-12-04,'000605,四环药业,16.28,16.32,15.82,15.96,16.05,0.23,1.433,1.0314,961541,15516977.03,1517703000.0,1517703000.0
2013-12-03,'000605,四环药业,16.05,16.08,15.54,15.74,15.85,0.2,1.2618,0.9012,840105,13396352.85,1496261250.0,1496261250.0
2013-12-02,'000605,四环药业,15.85,16.98,15.56,15.56,17.23,-1.38,-8.0093,1.5124,1409918,22549727.64,1477616250.0,1477616250.0
2013-11-29,'000605,四环药业,17.23,18.5,17.12,18.4,17.58,-0.35,-1.9909,3.3136,3089136,54637079.39,1606266750.0,1606266750.0
2013-11-28,'000605,四环药业,17.58,17.58,16.6,16.99,15.98,1.6,10.0125,0.9382,874668,15275217.0,1638895500.0,1638895500.0
2013-11-27,'000605,四环药业,15.98,15.98,15.66,15.75,15.75,0.23,1.4603,0.3841,358122,5680369.38,1489735500.0,1489735500.0
2013-11-26,'000605,四环药业,15.75,15.85,15.62,15.67,15.78,-0.03,-0.1901,0.2491,232260,3651309.45,1468293750.0,1468293750.0
2013-11-25,'000605,四环药业,15.78,16.04,15.69,15.79,15.81,-0.03,-0.1898,0.4748,442605,7000053.85,1471090500.0,1471090500.0
2013-11-22,'000605,四环药业,15.81,16.1,15.73,16.0,16.1,-0.29,-1.8012,0.6124,570886,9056575.05,1473887250.0,1473887250.0
2013-11-21,'000605,四环药业,16.1,16.32,16.0,16.32,16.28,-0.18,-1.1057,0.4489,418459,6734619.09,1500922500.0,1500922500.0
2013-11-20,'000605,四环药业,16.28,16.29,15.86,16.12,16.13,0.15,0.9299,0.4828,450072,7261963.22,1517703000.0,1517703000.0
2013-11-19,'000605,四环药业,16.13,16.48,15.9,16.09,16.02,0.11,0.6866,0.5222,486863,7884301.17,1503719250.0,1503719250.0
2013-11-18,'000605,四环药业,16.02,16.15,15.67,15.88,15.8,0.22,1.3924,0.6968,649567,10357873.71,1493464500.0,1493464500.0
2013-11-15,'000605,四环药业,15.8,15.85,15.38,15.43,15.48,0.32,2.0672,0.5538,516259,8128085.81,1472955000.0,1472955000.0
2013-11-14,'000605,四环药业,15.48,15.59,15.31,15.42,15.42,0.06,0.3891,0.3585,334222,5167066.58,1443123000.0,1443123000.0
2013-11-13,'000605,四环药业,15.42,15.73,15.4,15.57,15.65,-0.23,-1.4696,0.3408,317685,4958471.48,1437529500.0,1437529500.0
2013-11-12,'000605,四环药业,15.65,15.95,15.58,15.89,15.77,-0.12,-0.7609,0.3003,279971,4405212.57,1458971250.0,1458971250.0
2013-11-11,'000605,四环药业,15.77,15.77,15.43,15.66,15.67,0.1,0.6382,0.2446,228056,3566076.85,1470158250.0,1470158250.0
2013-11-08,'000605,四环药业,15.67,15.67,15.35,15.41,15.51,0.16,1.0316,0.2969,276763,4298584.62,1460835750.0,1460835750.0
2013-11-07,'000605,四环药业,15.51,15.88,15.5,15.61,15.74,-0.23,-1.4612,0.415,386850,6038766.39,1445919750.0,1445919750.0
2013-11-06,'000605,四环药业,15.74,15.96,15.62,15.65,15.69,0.05,0.3187,0.4778,445423,7046489.56,1467361500.0,1467361500.0
2013-11-05,'000605,四环药业,15.69,15.71,15.3,15.51,15.7,-0.01,-0.0637,0.3736,348323,5427898.85,1462700250.0,1462700250.0
2013-11-04,'000605,四环药业,15.7,15.72,15.45,15.47,15.57,0.13,0.8349,0.5283,492495,7680258.13,1463632500.0,1463632500.0
2013-11-01,'000605,四环药业,15.57,15.78,15.41,15.51,15.51,0.06,0.3868,0.3316,309177,4798810.16,1451513250.0,1451513250.0
2013-10-31,'000605,四环药业,15.51,15.93,15.4,15.88,15.91,-0.4,-2.5141,0.4712,439232,6851638.0,1445919750.0,1445919750.0
2013-10-30,'000605,四环药业,15.91,15.91,15.3,15.3,15.29,0.62,4.0549,0.5782,539005,8410151.48,1483209750.0,1483209750.0
2013-10-29,'000605,四环药业,15.29,16.19,14.98,16.05,16.05,-0.76,-4.7352,1.4349,1337640,20747105.89,1425410250.0,1425410250.0
2013-10-28,'000605,四环药业,16.05,17.2,16.05,16.55,17.27,-1.22,-7.0643,1.4139,1318076,21572160.64,1496261250.0,1496261250.0
2013-10-25,'000605,四环药业,17.27,18.27,16.76,18.01,18.5,-1.23,-6.6486,1.8882,1760320,30657090.24,1609995750.0,1609995750.0
2013-10-24,'000605,四环药业,18.5,19.58,17.8,17.93,17.8,0.7,3.9326,3.4827,3246775,61210946.58,1724662500.0,1724662500.0
2013-10-23,'000605,四环药业,0.0,0.0,0.0,0.0,17.8,None,None,0.0,0,0.0,1659405000.0,1659405000.0
2013-10-22,'000605,四环药业,0.0,0.0,0.0,0.0,17.8,None,None,0.0,0,0.0,1659405000.0,1659405000.0
2013-10-21,'000605,四环药业,0.0,0.0,0.0,0.0,17.8,None,None,0.0,0,0.0,1659405000.0,1659405000.0
2013-10-18,'000605,四环药业,0.0,0.0,0.0,0.0,17.8,None,None,0.0,0,0.0,1659405000.0,1659405000.0
2013-10-17,'000605,四环药业,0.0,0.0,0.0,0.0,17.8,None,None,0.0,0,0.0,1659405000.0,1659405000.0
2013-10-16,'000605,四环药业,0.0,0.0,0.0,0.0,17.8,None,None,0.0,0,0.0,1659405000.0,1659405000.0
2013-10-15,'000605,四环药业,17.8,17.94,16.95,17.16,17.16,0.64,3.7296,1.6231,1513114,26534036.63,1659405000.0,1659405000.0
2013-10-14,'000605,四环药业,17.16,17.77,16.9,16.9,17.08,0.08,0.4684,0.5904,550358,9447619.66,1599741000.0,1599741000.0
2013-10-11,'000605,四环药业,17.08,17.37,16.82,17.0,16.9,0.18,1.0651,0.6407,597315,10203334.62,1592283000.0,1592283000.0
2013-10-10,'000605,四环药业,16.9,17.4,16.9,17.1,17.41,-0.51,-2.9294,1.1654,1086457,18526913.98,1575502500.0,1575502500.0
2013-10-09,'000605,四环药业,17.41,18.01,17.04,17.3,17.57,-0.16,-0.9106,2.7819,2593456,45801302.61,1623047250.0,1623047250.0
2013-10-08,'000605,四环药业,17.57,17.57,16.0,16.0,16.17,1.4,8.658,1.4618,1362800,22713687.12,1637963250.0,1637963250.0
2013-09-30,'000605,四环药业,16.17,16.24,15.91,16.07,16.12,0.05,0.3102,0.3541,330087,5316723.17,1507448250.0,1507448250.0
2013-09-27,'000605,四环药业,16.12,16.32,15.85,16.12,16.12,0.0,0.0,0.4735,441445,7133356.28,1502787000.0,1502787000.0
2013-09-26,'000605,四环药业,16.12,16.15,15.75,15.9,15.86,0.26,1.6393,0.4417,411790,6594530.37,1502787000.0,1502787000.0
2013-09-25,'000605,四环药业,15.86,16.16,15.84,16.08,16.18,-0.32,-1.9778,0.5021,468108,7468475.67,1478548500.0,1478548500.0
2013-09-24,'000605,四环药业,16.18,16.48,16.12,16.37,16.35,-0.17,-1.0398,0.388,361709,5874842.11,1508380500.0,1508380500.0
2013-09-23,'000605,四环药业,16.35,16.38,16.02,16.02,16.05,0.3,1.8692,0.5614,523323,8513593.02,1524228750.0,1524228750.0
2013-09-18,'000605,四环药业,16.05,16.15,15.9,16.0,15.86,0.19,1.198,0.3584,334091,5361916.96,1496261250.0,1496261250.0
2013-09-17,'000605,四环药业,15.86,16.2,15.85,16.2,16.04,-0.18,-1.1222,0.4,372901,5962976.07,1478548500.0,1478548500.0
2013-09-16,'000605,四环药业,16.04,16.16,15.9,16.16,15.95,0.09,0.5643,0.4832,450499,7207079.22,1495329000.0,1495329000.0
2013-09-13,'000605,四环药业,15.95,16.2,15.8,16.2,16.26,-0.31,-1.9065,0.6466,602796,9589725.02,1486938750.0,1486938750.0
2013-09-12,'000605,四环药业,16.26,16.53,15.6,16.53,16.67,-0.41,-2.4595,1.2763,1189857,19028068.52,1515838500.0,1515838500.0
2013-09-11,'000605,四环药业,16.67,16.8,16.51,16.8,16.77,-0.1,-0.5963,0.5726,533821,8886896.07,1554060750.0,1554060750.0
2013-09-10,'000605,四环药业,16.77,17.1,16.65,17.1,16.86,-0.09,-0.5338,0.63,587289,9831219.93,1563383250.0,1563383250.0
2013-09-09,'000605,四环药业,16.86,17.28,16.72,16.93,17.1,-0.24,-1.4035,0.6845,638132,10781346.38,1571773500.0,1571773500.0
2013-09-06,'000605,四环药业,17.1,17.19,16.9,17.02,17.12,-0.02,-0.1168,0.4442,414074,7063228.83,1594147500.0,1594147500.0
2013-09-05,'000605,四环药业,17.12,17.55,16.73,16.8,16.79,0.33,1.9655,0.7828,729737,12521519.38,1596012000.0,1596012000.0
2013-09-04,'000605,四环药业,16.79,16.94,16.7,16.7,16.81,-0.02,-0.119,0.3401,317031,5335342.19,1565247750.0,1565247750.0
2013-09-03,'000605,四环药业,16.81,17.0,16.65,17.0,16.78,0.03,0.1788,0.3478,324223,5451092.01,1567112250.0,1567112250.0
2013-09-02,'000605,四环药业,16.78,17.0,16.58,16.98,17.03,-0.25,-1.468,0.4713,439378,7351018.45,1564315500.0,1564315500.0
2013-08-30,'000605,四环药业,17.03,17.88,16.82,17.44,17.22,-0.19,-1.1034,0.9079,846360,14533640.82,1587621750.0,1587621750.0
2013-08-29,'000605,四环药业,17.22,18.0,16.78,16.78,16.76,0.46,2.7446,1.2649,1179226,20514106.7,1605334500.0,1605334500.0
2013-08-28,'000605,四环药业,16.76,17.17,16.7,17.1,17.11,-0.35,-2.0456,0.6968,649553,10973742.57,1562451000.0,1562451000.0
2013-08-27,'000605,四环药业,17.11,17.35,17.0,17.28,17.26,-0.15,-0.8691,0.6164,574665,9835054.88,1595079750.0,1595079750.0
2013-08-26,'000605,四环药业,17.26,17.35,17.0,17.23,17.23,0.03,0.1741,0.6007,560004,9594628.72,1609063500.0,1609063500.0
2013-08-23,'000605,四环药业,17.23,17.55,17.0,17.4,17.4,-0.17,-0.977,0.6827,636411,11016541.68,1606266750.0,1606266750.0
2013-08-22,'000605,四环药业,17.4,17.55,16.8,16.8,16.88,0.52,3.0806,1.1491,1071225,18554837.02,1622115000.0,1622115000.0
2013-08-21,'000605,四环药业,16.88,17.1,16.67,17.1,17.09,-0.21,-1.2288,0.5617,523637,8815411.47,1573638000.0,1573638000.0
2013-08-20,'000605,四环药业,17.09,17.14,16.61,16.61,16.79,0.3,1.7868,0.6093,568050,9611249.34,1593215250.0,1593215250.0
2013-08-19,'000605,四环药业,16.79,16.85,16.33,16.55,16.55,0.24,1.4502,0.4353,405804,6731160.89,1565247750.0,1565247750.0
2013-08-16,'000605,四环药业,16.55,17.1,16.31,16.67,16.74,-0.19,-1.135,0.7625,710812,11877704.24,1542873750.0,1542873750.0
2013-08-15,'000605,四环药业,16.74,17.37,16.73,17.37,17.25,-0.51,-2.9565,0.9669,901352,15305372.14,1560586500.0,1560586500.0
2013-08-14,'000605,四环药业,17.25,17.55,17.23,17.45,17.38,-0.13,-0.748,0.5662,527877,9131344.47,1608131250.0,1608131250.0
2013-08-13,'000605,四环药业,17.38,17.55,17.21,17.33,17.35,0.03,0.1729,0.6194,577401,10029989.69,1620250500.0,1620250500.0
2013-08-12,'000605,四环药业,17.35,17.7,17.11,17.4,17.35,0.0,0.0,0.9228,860237,14916321.73,1617453750.0,1617453750.0
2013-08-09,'000605,四环药业,17.35,18.35,17.26,18.25,17.91,-0.56,-3.1267,1.4911,1390110,24482659.05,1617453750.0,1617453750.0
2013-08-08,'000605,四环药业,17.91,18.27,17.11,17.2,17.22,0.69,4.007,2.131,1986610,35571089.28,1669659750.0,1669659750.0
2013-08-07,'000605,四环药业,17.22,17.62,17.1,17.21,17.41,-0.19,-1.0913,0.8633,804776,13915288.1,1605334500.0,1605334500.0
2013-08-06,'000605,四环药业,17.41,17.81,17.03,17.3,17.29,0.12,0.694,1.323,1233383,21575787.59,1623047250.0,1623047250.0
2013-08-05,'000605,四环药业,17.29,17.39,16.98,17.17,17.16,0.13,0.7576,1.519,1416048,24398228.43,1611860250.0,1611860250.0
2013-08-02,'000605,四环药业,17.16,18.0,17.1,17.62,17.73,-0.57,-3.2149,2.1393,1994378,34845733.25,1599741000.0,1599741000.0
2013-08-01,'000605,四环药业,17.73,18.08,17.35,17.98,18.0,-0.27,-1.5,2.1367,1991935,35228271.12,1652879250.0,1652879250.0
2013-07-31,'000605,四环药业,18.0,18.1,16.8,17.2,17.5,0.5,2.8571,2.3697,2209185,38069582.74,1678050000.0,1678050000.0
2013-07-30,'000605,四环药业,17.5,18.39,16.5,16.85,16.81,0.69,4.1047,4.2176,3931821,69043874.25,1631437500.0,1631437500.0
2013-07-29,'000605,四环药业,16.81,16.81,15.22,15.5,15.28,1.53,10.0131,3.047,2840553,46580946.11,1567112250.0,1567112250.0
2013-07-26,'000605,四环药业,15.28,15.4,15.05,15.05,15.41,-0.13,-0.8436,0.5637,525517,7987304.5,1424478000.0,1424478000.0
2013-07-25,'000605,四环药业,15.41,15.76,15.25,15.76,15.75,-0.34,-2.1587,0.6594,614715,9536773.69,1436597250.0,1436597250.0
2013-07-24,'000605,四环药业,15.75,15.75,15.3,15.42,15.42,0.33,2.1401,1.096,1021709,15912971.14,1468293750.0,1468293750.0
2013-07-23,'000605,四环药业,15.42,15.57,15.21,15.21,15.36,0.06,0.3906,1.0455,974698,14997617.17,1437529500.0,1437529500.0
2013-07-22,'000605,四环药业,15.36,15.66,14.8,15.0,15.0,0.36,2.4,0.5575,519719,7941441.81,1431936000.0,1431936000.0
2013-07-19,'000605,四环药业,15.0,15.7,14.94,15.6,15.71,-0.71,-4.5194,0.6329,589981,9068512.22,1398375000.0,1398375000.0
2013-07-18,'000605,四环药业,15.71,15.88,14.85,15.45,15.45,0.26,1.6828,0.8955,834818,12849874.18,1464564750.0,1464564750.0
2013-07-17,'000605,四环药业,15.45,15.9,15.32,15.6,15.7,-0.25,-1.5924,0.6495,605471,9421198.92,1440326250.0,1440326250.0
2013-07-16,'000605,四环药业,15.7,15.78,15.49,15.67,15.67,0.03,0.1914,0.6272,584736,9154027.7,1463632500.0,1463632500.0
2013-07-15,'000605,四环药业,15.67,15.74,15.3,15.55,15.47,0.2,1.2928,0.832,775596,12072365.04,1460835750.0,1460835750.0
2013-07-12,'000605,四环药业,15.47,15.88,15.4,15.68,15.68,-0.21,-1.3393,0.7834,730343,11386520.06,1442190750.0,1442190750.0
2013-07-11,'000605,四环药业,15.68,15.88,15.3,15.3,15.38,0.3,1.9506,0.9152,853230,13275224.76,1461768000.0,1461768000.0
2013-07-10,'000605,四环药业,15.38,15.64,14.22,14.22,14.22,1.16,8.1575,1.3614,1269131,19111883.66,1433800500.0,1433800500.0
2013-07-09,'000605,四环药业,14.22,14.77,14.21,14.39,14.46,-0.24,-1.6598,0.6326,589783,8511521.75,1325659500.0,1325659500.0
2013-07-08,'000605,四环药业,14.46,15.21,14.45,15.2,15.44,-0.98,-6.3472,1.0124,943835,13910181.14,1348033500.0,1348033500.0
2013-07-05,'000605,四环药业,15.44,15.87,15.2,15.2,15.88,-0.44,-2.7708,1.0731,1000420,15567330.03,1439394000.0,1439394000.0
2013-07-04,'000605,四环药业,15.88,16.15,15.71,15.9,16.19,-0.31,-1.9148,0.9266,863803,13773542.4,1480413000.0,1480413000.0
2013-07-03,'000605,四环药业,16.19,16.47,15.65,15.86,15.88,0.31,1.9521,1.2949,1207176,19452506.2,1509312750.0,1509312750.0
2013-07-02,'000605,四环药业,15.88,15.88,15.53,15.87,15.7,0.18,1.1465,1.1108,1035583,16281336.2,1480413000.0,1480413000.0
2013-07-01,'000605,四环药业,15.7,15.88,15.4,15.4,15.3,0.4,2.6144,0.7832,730138,11415451.71,1463632500.0,1463632500.0
2013-06-28,'000605,四环药业,15.3,15.73,14.59,14.6,15.54,-0.24,-1.5444,0.975,908912,13855684.2,1426342500.0,1426342500.0
2013-06-27,'000605,四环药业,15.54,16.2,15.4,15.5,15.32,0.22,1.436,2.0606,1920995,30484594.95,1448716500.0,1448716500.0
2013-06-26,'000605,四环药业,15.32,15.5,14.5,14.85,14.9,0.42,2.8188,1.6798,1566005,23748992.28,1428207000.0,1428207000.0
2013-06-25,'000605,四环药业,14.9,15.2,13.69,14.89,15.21,-0.31,-2.0381,2.156,2009912,29085457.52,1389052500.0,1389052500.0
2013-06-24,'000605,四环药业,15.21,16.8,15.21,16.42,16.9,-1.69,-10.0,2.152,2006235,31738655.91,1417952250.0,1417952250.0
2013-06-21,'000605,四环药业,16.9,17.3,15.89,17.3,17.5,-0.6,-3.4286,2.0685,1928324,32195867.03,1575502500.0,1575502500.0
2013-06-20,'000605,四环药业,17.5,18.4,17.48,18.4,18.5,-1.0,-5.4054,2.7183,2534177,45287920.1,1631437500.0,1631437500.0
2013-06-19,'000605,四环药业,18.5,19.95,18.48,19.6,19.5,-1.0,-5.1282,3.7658,3510641,67102442.87,1724662500.0,1724662500.0
2013-06-18,'000605,四环药业,19.5,19.68,18.51,18.96,19.11,0.39,2.0408,4.0781,3801774,72797315.02,1817887500.0,1817887500.0
2013-06-17,'000605,四环药业,19.11,19.5,17.85,18.0,18.23,0.88,4.8272,5.2654,4908684,92601437.96,1781529750.0,1781529750.0
2013-06-14,'000605,四环药业,18.23,18.36,17.68,18.35,18.37,-0.14,-0.7621,4.0903,3813204,68749520.56,1699491750.0,1699491750.0
2013-06-13,'000605,四环药业,18.37,18.37,16.7,16.7,16.7,1.67,10.0,5.1872,4835806,86167961.78,1712543250.0,1712543250.0
2013-06-07,'000605,四环药业,16.7,16.84,16.38,16.4,16.68,0.02,0.1199,0.9766,910442,15118508.94,1556857500.0,1556857500.0
2013-06-06,'000605,四环药业,16.68,17.18,16.67,17.0,17.0,-0.32,-1.8824,1.1228,1046691,17657780.81,1554993000.0,1554993000.0
2013-06-05,'000605,四环药业,17.0,17.41,16.62,17.41,17.59,-0.59,-3.3542,2.466,2298937,39049355.68,1584825000.0,1584825000.0
2013-06-04,'000605,四环药业,17.59,18.76,17.51,18.17,17.5,0.09,0.5143,4.3846,4087546,73549529.14,1639827750.0,1639827750.0
2013-06-03,'000605,四环药业,17.5,17.52,16.9,17.0,16.9,0.6,3.5503,2.3883,2226458,38388973.75,1631437500.0,1631437500.0
2013-05-31,'000605,四环药业,16.9,17.17,16.64,16.73,16.73,0.17,1.0161,1.6457,1534179,25972187.98,1575502500.0,1575502500.0
2013-05-30,'000605,四环药业,16.73,16.96,16.62,16.95,16.94,-0.21,-1.2397,1.2667,1180926,19773776.59,1559654250.0,1559654250.0
2013-05-29,'000605,四环药业,16.94,17.16,16.59,16.92,16.92,0.02,0.1182,1.8121,1689356,28562749.14,1579231500.0,1579231500.0
2013-05-28,'000605,四环药业,16.92,17.9,16.89,17.29,16.75,0.17,1.0149,3.3238,3098603,53775178.12,1577367000.0,1577367000.0
2013-05-27,'000605,四环药业,16.75,16.96,16.54,16.57,16.84,-0.09,-0.5344,1.5593,1453697,24344046.7,1561518750.0,1561518750.0
2013-05-24,'000605,四环药业,16.84,17.09,16.6,17.01,16.99,-0.15,-0.8829,1.5807,1473611,24740019.9,1569909000.0,1569909000.0
2013-05-23,'000605,四环药业,16.99,17.79,16.26,16.38,16.25,0.74,4.5538,4.1424,3861736,65621339.94,1583892750.0,1583892750.0
2013-05-22,'000605,四环药业,16.25,16.7,16.17,16.38,16.33,-0.08,-0.4899,2.0496,1910755,31372869.03,1514906250.0,1514906250.0
2013-05-21,'000605,四环药业,16.33,16.33,15.7,16.0,15.99,0.34,2.1263,1.5938,1485805,23678420.66,1522364250.0,1522364250.0
2013-05-20,'000605,四环药业,15.99,16.15,15.83,15.93,15.93,0.06,0.3766,1.2743,1187999,18950909.79,1490667750.0,1490667750.0
2013-05-17,'000605,四环药业,15.93,16.0,15.66,15.69,15.77,0.16,1.0146,0.919,856748,13578596.29,1485074250.0,1485074250.0
2013-05-16,'000605,四环药业,15.77,15.98,15.6,15.6,15.87,-0.1,-0.6301,0.8911,830734,13136226.04,1470158250.0,1470158250.0
2013-05-15,'000605,四环药业,15.87,16.32,15.7,15.9,16.12,-0.25,-1.5509,1.1597,1081166,17152769.61,1479480750.0,1479480750.0
2013-05-14,'000605,四环药业,16.12,16.55,16.05,16.19,16.19,-0.07,-0.4324,1.486,1385347,22580567.66,1502787000.0,1502787000.0
2013-05-13,'000605,四环药业,16.19,16.25,15.7,16.06,16.15,0.04,0.2477,1.1492,1071323,17091382.25,1509312750.0,1509312750.0
2013-05-10,'000605,四环药业,16.15,16.47,15.91,16.06,16.26,-0.11,-0.6765,1.2009,1119543,18050668.23,1505583750.0,1505583750.0
2013-05-09,'000605,四环药业,16.26,16.6,15.99,16.54,16.47,-0.21,-1.275,1.6717,1558432,25208085.21,1515838500.0,1515838500.0
2013-05-08,'000605,四环药业,16.47,16.6,15.44,15.44,15.43,1.04,6.7401,2.6414,2462401,39634200.38,1535415750.0,1535415750.0
2013-05-07,'000605,四环药业,15.43,15.83,15.41,15.83,15.83,-0.4,-2.5268,1.1948,1113894,17337795.77,1438461750.0,1438461750.0
2013-05-06,'000605,四环药业,15.83,15.88,15.45,15.65,15.68,0.15,0.9566,1.1214,1045428,16434599.48,1475751750.0,1475751750.0
2013-05-03,'000605,四环药业,15.68,15.85,15.4,15.44,15.44,0.24,1.5544,1.0477,976701,15275763.38,1461768000.0,1461768000.0
2013-05-02,'000605,四环药业,15.44,15.73,15.2,15.3,15.58,-0.14,-0.8986,1.136,1059031,16335562.35,1439394000.0,1439394000.0
2013-04-26,'000605,四环药业,15.58,16.59,15.38,16.52,16.21,-0.63,-3.8865,1.708,1592260,25466189.48,1452445500.0,1452445500.0
2013-04-25,'000605,四环药业,16.21,16.66,15.72,16.0,16.04,0.17,1.0599,2.4539,2287671,37276231.91,1511177250.0,1511177250.0
2013-04-24,'000605,四环药业,16.04,16.25,15.7,15.8,16.04,0.0,0.0,2.117,1973544,31497422.14,1495329000.0,1495329000.0
2013-04-23,'000605,四环药业,16.04,17.3,15.82,17.3,17.44,-1.4,-8.0275,3.3189,3094012,50993351.15,1495329000.0,1495329000.0
2013-04-22,'000605,四环药业,17.44,17.67,17.0,17.0,17.34,0.1,0.5767,3.421,3189260,55270243.37,1625844000.0,1625844000.0
2013-04-19,'000605,四环药业,17.34,17.48,17.12,17.4,17.62,-0.28,-1.5891,4.5205,4214193,72982657.48,1616521500.0,1616521500.0
2013-04-18,'000605,四环药业,17.62,17.96,16.97,17.5,16.7,0.92,5.509,6.8166,6354769,110168756.94,1642624500.0,1642624500.0
2013-04-17,'000605,四环药业,16.7,16.7,15.6,15.66,15.18,1.52,10.0132,1.8393,1714662,28151934.34,1556857500.0,1556857500.0
2013-04-16,'000605,四环药业,15.18,15.21,14.63,14.91,14.93,0.25,1.6745,1.2774,1190859,17779198.33,1415155500.0,1415155500.0
2013-04-15,'000605,四环药业,14.93,15.64,14.8,15.33,15.38,-0.45,-2.9259,1.4903,1389289,21181527.85,1391849250.0,1391849250.0
2013-04-12,'000605,四环药业,15.38,16.26,15.38,16.19,15.91,-0.53,-3.3312,1.8682,1741654,27191827.35,1433800500.0,1433800500.0
2013-04-11,'000605,四环药业,15.91,16.66,15.87,16.49,16.48,-0.57,-3.4587,1.8701,1743400,28050814.51,1483209750.0,1483209750.0
2013-04-10,'000605,四环药业,16.48,16.81,16.19,16.6,16.6,-0.12,-0.7229,1.4981,1396616,23025652.66,1536348000.0,1536348000.0
2013-04-09,'000605,四环药业,16.6,16.68,16.03,16.68,16.69,-0.09,-0.5392,2.2424,2090522,34219810.7,1547535000.0,1547535000.0
2013-04-08,'000605,四环药业,16.69,17.13,16.25,16.51,17.21,-0.52,-3.0215,2.6429,2463814,41061050.19,1555925250.0,1555925250.0
2013-04-03,'000605,四环药业,17.21,17.71,17.07,17.07,17.07,0.14,0.8202,2.8979,2701566,46863146.59,1604402250.0,1604402250.0
2013-04-02,'000605,四环药业,17.07,18.0,17.02,17.95,18.18,-1.11,-6.1056,4.5119,4206208,73001617.33,1591350750.0,1591350750.0
2013-04-01,'000605,四环药业,18.18,18.68,17.73,17.85,18.28,-0.1,-0.547,5.1596,4810008,87764267.97,1694830500.0,1694830500.0
2013-03-29,'000605,四环药业,18.28,18.97,17.58,17.8,18.34,-0.06,-0.3272,7.0219,6546180,119835034.36,1704153000.0,1704153000.0
2013-03-28,'000605,四环药业,18.34,18.9,17.5,18.11,17.22,1.12,6.5041,10.6744,9951174,182264815.23,1709746500.0,1709746500.0
2013-03-27,'000605,四环药业,17.22,17.22,15.46,15.46,15.65,1.57,10.0319,2.2688,2115083,35833963.67,1605334500.0,1605334500.0
2013-03-26,'000605,四环药业,15.65,15.85,15.27,15.85,16.22,-0.57,-3.5142,3.0036,2800151,43621296.45,1458971250.0,1458971250.0
2013-03-25,'000605,四环药业,16.22,18.2,16.1,16.72,16.6,-0.38,-2.2892,4.4886,4184486,71126239.18,1512109500.0,1512109500.0
2013-03-22,'000605,四环药业,16.6,17.29,16.2,17.29,15.72,0.88,5.598,6.8671,6401829,107748537.96,1547535000.0,1547535000.0
2013-03-21,'000605,*ST四环,0.0,0.0,0.0,0.0,15.72,None,None,0.0,0,0.0,1465497000.0,1465497000.0
2013-03-20,'000605,*ST四环,15.72,15.82,15.05,15.24,15.24,0.48,3.1496,1.519,1416126,21855049.53,1465497000.0,1465497000.0
2013-03-19,'000605,*ST四环,15.24,15.24,14.4,14.5,14.51,0.73,5.031,1.5271,1423683,21535680.59,1420749000.0,1420749000.0
2013-03-18,'000605,*ST四环,14.51,14.93,14.02,14.5,14.73,-0.22,-1.4936,0.4422,412223,5927950.87,1352694750.0,1352694750.0
2013-03-15,'000605,*ST四环,14.73,15.36,14.73,15.2,14.63,0.1,0.6835,1.4246,1328047,20102703.28,1373204250.0,1373204250.0
2013-03-14,'000605,*ST四环,14.63,14.63,14.18,14.18,13.93,0.7,5.0251,0.2521,234984,3408540.67,1363881750.0,1363881750.0
2013-03-13,'000605,*ST四环,13.93,14.34,13.68,14.1,14.27,-0.34,-2.3826,0.6765,630644,8761777.67,1298624250.0,1298624250.0
2013-03-12,'000605,*ST四环,14.27,15.12,14.27,15.0,15.02,-0.75,-4.9933,0.8862,826146,12016725.31,1330320750.0,1330320750.0
2013-03-11,'000605,*ST四环,15.02,15.45,15.0,15.45,15.38,-0.36,-2.3407,0.4748,442649,6711712.33,1400239500.0,1400239500.0
2013-03-08,'000605,*ST四环,15.38,15.46,15.15,15.15,15.32,0.06,0.3916,0.346,322571,4933439.17,1433800500.0,1433800500.0
2013-03-07,'000605,*ST四环,15.32,15.79,15.23,15.79,15.79,-0.47,-2.9766,0.8526,794831,12300723.54,1428207000.0,1428207000.0
2013-03-06,'000605,*ST四环,15.79,15.83,15.32,15.35,15.32,0.47,3.0679,0.8871,827026,12928357.63,1472022750.0,1472022750.0
2013-03-05,'000605,*ST四环,15.32,15.34,14.8,14.88,15.18,0.14,0.9223,0.6849,638490,9638442.41,1428207000.0,1428207000.0
2013-03-04,'000605,*ST四环,15.18,16.0,15.08,15.78,15.59,-0.41,-2.6299,1.5932,1485226,23029461.66,1415155500.0,1415155500.0
2013-03-01,'000605,*ST四环,15.59,15.59,14.8,14.89,14.85,0.74,4.9832,1.4801,1379854,21283819.0,1453377750.0,1453377750.0
2013-02-28,'000605,*ST四环,14.85,14.88,14.65,14.67,14.75,0.1,0.678,0.5281,492342,7277155.26,1384391250.0,1384391250.0
2013-02-27,'000605,*ST四环,14.75,14.99,14.65,14.66,14.89,-0.14,-0.9402,0.4112,383305,5664154.44,1375068750.0,1375068750.0
2013-02-26,'000605,*ST四环,14.89,15.36,14.81,15.11,15.12,-0.23,-1.5212,0.6364,593302,8974277.0,1388120250.0,1388120250.0
2013-02-25,'000605,*ST四环,15.12,15.15,14.61,14.61,14.79,0.33,2.2312,0.5432,506376,7599952.54,1409562000.0,1409562000.0
2013-02-22,'000605,*ST四环,14.79,14.96,14.62,14.62,14.79,0.0,0.0,0.4448,414666,6145377.77,1378797750.0,1378797750.0
2013-02-21,'000605,*ST四环,14.79,15.34,14.79,15.34,15.35,-0.56,-3.6482,0.7513,700417,10488257.43,1378797750.0,1378797750.0
2013-02-20,'000605,*ST四环,15.35,15.58,15.02,15.07,15.18,0.17,1.1199,0.7219,672959,10327509.32,1431003750.0,1431003750.0
2013-02-19,'000605,*ST四环,15.18,15.58,15.06,15.58,15.6,-0.42,-2.6923,0.7502,699339,10686984.41,1415155500.0,1415155500.0
2013-02-18,'000605,*ST四环,15.6,15.67,14.84,14.99,15.0,0.6,4.0,1.0366,966367,14686454.05,1454310000.0,1454310000.0
2013-02-08,'000605,*ST四环,15.0,15.15,14.7,14.91,15.08,-0.08,-0.5305,0.9891,922065,13785683.64,1398375000.0,1398375000.0
2013-02-07,'000605,*ST四环,15.08,15.18,14.76,14.97,14.97,0.11,0.7348,1.0652,993066,14885361.22,1405833000.0,1405833000.0
2013-02-06,'000605,*ST四环,14.97,15.27,14.55,15.05,15.2,-0.23,-1.5132,1.3996,1304769,19434021.39,1395578250.0,1395578250.0
2013-02-05,'000605,*ST四环,15.2,15.2,14.42,15.13,15.13,0.07,0.4627,1.4221,1325712,19524970.07,1417020000.0,1417020000.0
2013-02-04,'000605,*ST四环,15.13,16.2,15.01,15.85,15.8,-0.67,-4.2405,2.5593,2385893,36416774.18,1410494250.0,1410494250.0
2013-02-01,'000605,*ST四环,15.8,16.1,15.34,15.6,15.77,0.03,0.1902,1.4436,1345837,21154820.55,1472955000.0,1472955000.0
2013-01-31,'000605,*ST四环,15.77,16.17,15.28,15.28,15.4,0.37,2.4026,1.508,1405801,22298836.21,1470158250.0,1470158250.0
2013-01-30,'000605,*ST四环,15.4,15.88,15.0,15.21,15.7,-0.3,-1.9108,1.933,1802022,27753585.42,1435665000.0,1435665000.0
2013-01-29,'000605,*ST四环,15.7,17.21,15.57,17.21,16.39,-0.69,-4.2099,4.042,3768159,60385725.82,1463632500.0,1463632500.0
2013-01-28,'000605,*ST四环,16.39,16.39,16.39,16.39,15.61,0.78,4.9968,0.1255,117007,1917744.73,1527957750.0,1527957750.0
2013-01-25,'000605,*ST四环,15.61,15.61,15.2,15.28,14.87,0.74,4.9765,0.8842,824287,12751583.6,1455242250.0,1455242250.0
2013-01-24,'000605,*ST四环,14.87,14.87,13.98,14.05,14.16,0.71,5.0141,1.9954,1860185,27503204.5,1386255750.0,1386255750.0
2013-01-23,'000605,*ST四环,14.16,14.55,13.9,14.05,14.38,-0.22,-1.5299,1.3792,1285789,18212336.7,1320066000.0,1320066000.0
2013-01-22,'000605,*ST四环,14.38,14.97,14.0,14.61,14.26,0.12,0.8415,2.7474,2561230,37342720.61,1340575500.0,1340575500.0
2013-01-21,'000605,*ST四环,14.26,14.26,13.63,13.64,13.58,0.68,5.0074,2.0361,1898196,26811965.27,1329388500.0,1329388500.0
2013-01-18,'000605,*ST四环,13.58,13.58,13.0,13.0,12.93,0.65,5.0271,2.9188,2721088,36756215.59,1265995500.0,1265995500.0
2013-01-17,'000605,*ST四环,12.93,13.25,12.6,12.97,13.05,-0.12,-0.9195,1.0829,1009490,13018933.23,1205399250.0,1205399250.0
2013-01-16,'000605,*ST四环,13.05,13.34,12.49,12.49,12.7,0.35,2.7559,1.6315,1520977,19805345.79,1216586250.0,1216586250.0
2013-01-15,'000605,*ST四环,12.7,12.88,12.5,12.76,12.73,-0.03,-0.2357,1.0046,936560,11833331.65,1183957500.0,1183957500.0
2013-01-14,'000605,*ST四环,12.73,12.95,12.6,12.6,12.61,0.12,0.9516,0.6577,613099,7844392.54,1186754250.0,1186754250.0
2013-01-11,'000605,*ST四环,12.61,12.77,12.4,12.5,12.65,-0.04,-0.3162,0.6158,574044,7221272.97,1175567250.0,1175567250.0
2013-01-10,'000605,*ST四环,12.65,12.93,12.35,12.59,12.6,0.05,0.3968,0.6403,596924,7586788.38,1179296250.0,1179296250.0
2013-01-09,'000605,*ST四环,12.6,13.18,12.59,13.18,13.15,-0.55,-4.1825,0.9266,863840,11033736.91,1174635000.0,1174635000.0
2013-01-08,'000605,*ST四环,13.15,13.29,12.69,12.85,12.66,0.49,3.8705,1.3845,1290675,16899186.68,1225908750.0,1225908750.0
2013-01-07,'000605,*ST四环,12.66,12.66,11.7,11.97,12.06,0.6,4.9751,1.503,1401166,17335982.14,1180228500.0,1180228500.0
2013-01-04,'000605,*ST四环,12.06,12.6,11.7,12.26,12.3,-0.24,-1.9512,1.5139,1411293,17122130.54,1124293500.0,1124293500.0
2012-12-31,'000605,*ST四环,12.3,12.99,12.22,12.91,12.72,-0.42,-3.3019,1.9432,1811592,22584108.08,1146667500.0,1146667500.0
2012-12-28,'000605,*ST四环,12.72,12.72,12.38,12.5,12.11,0.61,5.0372,2.1739,2026593,25695664.58,1185822000.0,1185822000.0
2012-12-27,'000605,*ST四环,12.11,12.11,12.0,12.11,11.53,0.58,5.0304,1.1489,1071061,12967047.29,1128954750.0,1128954750.0
2012-12-26,'000605,*ST四环,11.53,11.53,11.53,11.53,10.98,0.55,5.0091,0.0163,15213,175405.89,1074884250.0,1074884250.0
2012-12-25,'000605,*ST四环,0.0,0.0,0.0,0.0,10.98,None,None,0.0,0,0.0,1023610500.0,1023610500.0
2012-12-24,'000605,*ST四环,0.0,0.0,0.0,0.0,10.98,None,None,0.0,0,0.0,1023610500.0,1023610500.0
2012-12-21,'000605,*ST四环,0.0,0.0,0.0,0.0,10.98,None,None,0.0,0,0.0,1023610500.0,1023610500.0
2012-12-20,'000605,*ST四环,0.0,0.0,0.0,0.0,10.98,None,None,0.0,0,0.0,1023610500.0,1023610500.0
2012-12-19,'000605,*ST四环,0.0,0.0,0.0,0.0,10.98,None,None,0.0,0,0.0,1023610500.0,1023610500.0
2012-12-18,'000605,*ST四环,0.0,0.0,0.0,0.0,10.98,None,None,0.0,0,0.0,1023610500.0,1023610500.0
2012-12-17,'000605,*ST四环,0.0,0.0,0.0,0.0,10.98,None,None,0.0,0,0.0,1023610500.0,1023610500.0
2012-12-14,'000605,*ST四环,0.0,0.0,0.0,0.0,10.98,None,None,0.0,0,0.0,1023610500.0,1023610500.0
2012-12-13,'000605,*ST四环,0.0,0.0,0.0,0.0,10.98,None,None,0.0,0,0.0,1023610500.0,1023610500.0
2012-12-12,'000605,*ST四环,0.0,0.0,0.0,0.0,10.98,None,None,0.0,0,0.0,1023610500.0,1023610500.0
2012-12-11,'000605,*ST四环,0.0,0.0,0.0,0.0,10.98,None,None,0.0,0,0.0,1023610500.0,1023610500.0
2012-12-10,'000605,*ST四环,0.0,0.0,0.0,0.0,10.98,None,None,0.0,0,0.0,1023610500.0,1023610500.0
2012-12-07,'000605,*ST四环,0.0,0.0,0.0,0.0,10.98,None,None,0.0,0,0.0,1023610500.0,1023610500.0
2012-12-06,'000605,*ST四环,0.0,0.0,0.0,0.0,10.98,None,None,0.0,0,0.0,1023610500.0,1023610500.0
2012-12-05,'000605,*ST四环,0.0,0.0,0.0,0.0,10.98,None,None,0.0,0,0.0,1023610500.0,1023610500.0
2012-12-04,'000605,*ST四环,0.0,0.0,0.0,0.0,10.98,None,None,0.0,0,0.0,1023610500.0,1023610500.0
2012-12-03,'000605,*ST四环,0.0,0.0,0.0,0.0,10.98,None,None,0.0,0,0.0,1023610500.0,1023610500.0
2012-11-30,'000605,*ST四环,0.0,0.0,0.0,0.0,10.98,None,None,0.0,0,0.0,1023610500.0,1023610500.0
2012-11-29,'000605,*ST四环,0.0,0.0,0.0,0.0,10.98,None,None,0.0,0,0.0,1023610500.0,1023610500.0
2012-11-28,'000605,*ST四环,0.0,0.0,0.0,0.0,10.98,None,None,0.0,0,0.0,1023610500.0,1023610500.0
2012-11-27,'000605,*ST四环,0.0,0.0,0.0,0.0,10.98,None,None,0.0,0,0.0,1023610500.0,1023610500.0
2012-11-26,'000605,*ST四环,0.0,0.0,0.0,0.0,10.98,None,None,0.0,0,0.0,1023610500.0,1023610500.0
2012-11-23,'000605,*ST四环,0.0,0.0,0.0,0.0,10.98,None,None,0.0,0,0.0,1023610500.0,1023610500.0
2012-11-22,'000605,*ST四环,0.0,0.0,0.0,0.0,10.98,None,None,0.0,0,0.0,1023610500.0,1023610500.0
2012-11-21,'000605,*ST四环,0.0,0.0,0.0,0.0,10.98,None,None,0.0,0,0.0,1023610500.0,1023610500.0
2012-11-20,'000605,*ST四环,0.0,0.0,0.0,0.0,10.98,None,None,0.0,0,0.0,1023610500.0,1023610500.0
2012-11-19,'000605,*ST四环,0.0,0.0,0.0,0.0,10.98,None,None,0.0,0,0.0,1023610500.0,1023610500.0
2012-11-16,'000605,*ST四环,0.0,0.0,0.0,0.0,10.98,None,None,0.0,0,0.0,1023610500.0,1023610500.0
2012-11-15,'000605,*ST四环,0.0,0.0,0.0,0.0,10.98,None,None,0.0,0,0.0,1023610500.0,1023610500.0
2012-11-14,'000605,*ST四环,0.0,0.0,0.0,0.0,10.98,None,None,0.0,0,0.0,1023610500.0,1023610500.0
2012-11-13,'000605,*ST四环,0.0,0.0,0.0,0.0,10.98,None,None,0.0,0,0.0,1023610500.0,1023610500.0
2012-11-12,'000605,*ST四环,0.0,0.0,0.0,0.0,10.98,None,None,0.0,0,0.0,1023610500.0,1023610500.0
2012-11-09,'000605,*ST四环,0.0,0.0,0.0,0.0,10.98,None,None,0.0,0,0.0,1023610500.0,1023610500.0
2012-11-08,'000605,*ST四环,0.0,0.0,0.0,0.0,10.98,None,None,0.0,0,0.0,1023610500.0,1023610500.0
2012-11-07,'000605,*ST四环,0.0,0.0,0.0,0.0,10.98,None,None,0.0,0,0.0,1023610500.0,1023610500.0
2012-11-06,'000605,*ST四环,0.0,0.0,0.0,0.0,10.98,None,None,0.0,0,0.0,1023610500.0,1023610500.0
2012-11-05,'000605,*ST四环,0.0,0.0,0.0,0.0,10.98,None,None,0.0,0,0.0,1023610500.0,1023610500.0
2012-11-02,'000605,*ST四环,0.0,0.0,0.0,0.0,10.98,None,None,0.0,0,0.0,1023610500.0,1023610500.0
2012-11-01,'000605,*ST四环,0.0,0.0,0.0,0.0,10.98,None,None,0.0,0,0.0,1023610500.0,1023610500.0
2012-10-31,'000605,*ST四环,0.0,0.0,0.0,0.0,10.98,None,None,0.0,0,0.0,1023610500.0,1023610500.0
2012-10-30,'000605,*ST四环,0.0,0.0,0.0,0.0,10.98,None,None,0.0,0,0.0,1023610500.0,1023610500.0
2012-10-29,'000605,*ST四环,0.0,0.0,0.0,0.0,10.98,None,None,0.0,0,0.0,1023610500.0,1023610500.0
2012-10-26,'000605,*ST四环,0.0,0.0,0.0,0.0,10.98,None,None,0.0,0,0.0,1023610500.0,1023610500.0
2012-10-25,'000605,*ST四环,0.0,0.0,0.0,0.0,10.98,None,None,0.0,0,0.0,1023610500.0,1023610500.0
2012-10-24,'000605,*ST四环,0.0,0.0,0.0,0.0,10.98,None,None,0.0,0,0.0,1023610500.0,1023610500.0
2012-10-23,'000605,*ST四环,0.0,0.0,0.0,0.0,10.98,None,None,0.0,0,0.0,1023610500.0,1023610500.0
2012-10-22,'000605,*ST四环,0.0,0.0,0.0,0.0,10.98,None,None,0.0,0,0.0,1023610500.0,1023610500.0
2012-10-19,'000605,*ST四环,0.0,0.0,0.0,0.0,10.98,None,None,0.0,0,0.0,1023610500.0,1023610500.0
2012-10-18,'000605,*ST四环,0.0,0.0,0.0,0.0,10.98,None,None,0.0,0,0.0,1023610500.0,1023610500.0
2012-10-17,'000605,*ST四环,0.0,0.0,0.0,0.0,10.98,None,None,0.0,0,0.0,1023610500.0,1023610500.0
2012-10-16,'000605,*ST四环,0.0,0.0,0.0,0.0,10.98,None,None,0.0,0,0.0,1023610500.0,1023610500.0
2012-10-15,'000605,*ST四环,0.0,0.0,0.0,0.0,10.98,None,None,0.0,0,0.0,1023610500.0,1023610500.0
2012-10-12,'000605,*ST四环,0.0,0.0,0.0,0.0,10.98,None,None,0.0,0,0.0,1023610500.0,1023610500.0
2012-10-11,'000605,*ST四环,0.0,0.0,0.0,0.0,10.98,None,None,0.0,0,0.0,1023610500.0,1023610500.0
2012-10-10,'000605,*ST四环,0.0,0.0,0.0,0.0,10.98,None,None,0.0,0,0.0,1023610500.0,1023610500.0
2012-10-09,'000605,*ST四环,0.0,0.0,0.0,0.0,10.98,None,None,0.0,0,0.0,1023610500.0,1023610500.0
2012-10-08,'000605,*ST四环,0.0,0.0,0.0,0.0,10.98,None,None,0.0,0,0.0,1023610500.0,1023610500.0
2012-09-28,'000605,*ST四环,0.0,0.0,0.0,0.0,10.98,None,None,0.0,0,0.0,1023610500.0,1023610500.0
2012-09-27,'000605,*ST四环,0.0,0.0,0.0,0.0,10.98,None,None,0.0,0,0.0,1023610500.0,1023610500.0
2012-09-26,'000605,*ST四环,10.98,11.15,10.8,11.09,10.85,0.13,1.1982,0.218,203251,2237144.35,1023610500.0,1023610500.0
2012-09-25,'000605,*ST四环,10.85,10.99,10.63,10.79,10.73,0.12,1.1184,0.079,73633,799340.05,1011491250.0,1011491250.0
2012-09-24,'000605,*ST四环,10.73,10.82,10.55,10.73,10.85,-0.12,-1.106,0.1207,112500,1199977.0,1000304250.0,1000304250.0
2012-09-21,'000605,*ST四环,10.85,10.87,10.54,10.55,10.81,0.04,0.37,0.08,74600,803466.0,1011491250.0,1011491250.0
2012-09-20,'000605,*ST四环,10.81,11.04,10.35,10.99,10.89,-0.08,-0.7346,0.38,156770,1699652.0,1007762250.0,445912500.0
2012-09-19,'000605,*ST四环,10.89,10.96,10.68,10.68,10.7,0.19,1.7757,0.2161,89122,965751.6,1015220250.0,449212500.0
2012-09-18,'000605,*ST四环,10.7,11.0,10.7,10.98,11.05,-0.35,-3.1674,0.4228,174404,1881663.0,997507500.0,441375000.0
2012-09-17,'000605,*ST四环,11.05,11.38,10.82,11.38,11.33,-0.28,-2.4713,0.2536,104600,1158591.0,1030136250.0,455812500.0
2012-09-14,'000605,*ST四环,11.33,11.55,11.09,11.55,11.44,-0.11,-0.9615,0.3552,146506,1663590.51,1056239250.0,467362500.0
2012-09-13,'000605,*ST四环,11.44,11.6,11.41,11.6,11.56,-0.12,-1.0381,0.2601,107300,1231629.01,1066494000.0,471900000.0
2012-09-12,'000605,*ST四环,11.56,11.72,11.45,11.61,11.61,-0.05,-0.4307,0.3471,143181,1657176.99,1077681000.0,476850000.0
2012-09-11,'000605,*ST四环,11.61,11.63,11.38,11.63,11.57,0.04,0.3457,0.3954,163104,1888203.32,1082342250.0,478912500.0
2012-09-10,'000605,*ST四环,11.57,11.73,11.54,11.64,11.64,-0.07,-0.6014,0.5112,210850,2448128.46,1078613250.0,477262500.0
2012-09-07,'000605,*ST四环,11.64,11.64,11.41,11.41,11.33,0.31,2.7361,0.4669,192587,2223283.22,1085139000.0,480150000.0
2012-09-06,'000605,*ST四环,11.33,11.56,11.3,11.53,11.53,-0.2,-1.7346,0.3076,126866,1447908.12,1056239250.0,467362500.0
2012-09-05,'000605,*ST四环,11.53,11.68,11.35,11.53,11.6,-0.07,-0.6034,0.2339,96501,1111912.37,1074884250.0,475612500.0
2012-09-04,'000605,*ST四环,11.6,11.78,11.5,11.75,11.56,0.04,0.346,0.2823,116448,1354874.88,1081410000.0,478500000.0
2012-09-03,'000605,*ST四环,11.56,11.7,11.36,11.63,11.69,-0.13,-1.1121,0.4057,167351,1926681.59,1077681000.0,476850000.0
2012-08-31,'000605,*ST四环,11.69,11.69,11.16,11.16,11.16,0.53,4.7491,0.6661,274760,3147400.51,1089800250.0,482212500.0
2012-08-30,'000605,*ST四环,11.16,11.68,10.9,11.3,11.4,-0.24,-2.1053,0.8928,368300,4119543.51,1040391000.0,460350000.0
2012-08-29,'000605,*ST四环,11.4,12.1,11.4,11.78,11.55,-0.15,-1.2987,1.2273,506269,5928222.84,1062765000.0,470250000.0
2012-08-28,'000605,*ST四环,11.55,11.55,11.16,11.19,11.0,0.55,5.0,1.1006,454007,5193229.45,1076748750.0,476437500.0
2012-08-27,'000605,*ST四环,11.0,11.27,10.83,11.1,11.1,-0.1,-0.9009,0.5134,211763,2360607.92,1025475000.0,453750000.0
2012-08-24,'000605,*ST四环,11.1,11.48,11.04,11.22,11.21,-0.11,-0.9813,0.5652,233158,2620094.32,1034797500.0,457875000.0
2012-08-23,'000605,*ST四环,11.21,11.43,11.06,11.08,11.05,0.16,1.448,0.5946,245278,2750480.33,1045052250.0,462412500.0
2012-08-22,'000605,*ST四环,11.05,11.46,10.92,10.92,10.92,0.13,1.1905,0.6285,259258,2904746.76,1030136250.0,455812500.0
2012-08-21,'000605,*ST四环,10.92,11.0,10.2,10.51,10.64,0.28,2.6316,0.3559,146794,1591072.63,1018017000.0,450450000.0
2012-08-20,'000605,*ST四环,10.64,10.65,10.28,10.29,10.39,0.25,2.4062,0.3164,130501,1380912.81,991914000.0,438900000.0
2012-08-17,'000605,*ST四环,10.39,10.4,10.15,10.3,10.3,0.09,0.8738,0.4381,180696,1856745.8,968607750.0,428587500.0
2012-08-16,'000605,*ST四环,10.3,10.79,10.26,10.64,10.8,-0.5,-4.6296,1.8402,759077,7829294.34,960217500.0,424875000.0
2012-08-15,'000605,*ST四环,10.8,11.45,10.7,11.17,11.06,-0.26,-2.3508,0.4683,193176,2142055.49,1006830000.0,445500000.0
2012-08-14,'000605,*ST四环,11.06,11.12,10.83,11.11,11.05,0.01,0.0905,0.152,62719,688976.73,1031068500.0,456225000.0
2012-08-13,'000605,*ST四环,11.05,11.25,11.0,11.11,11.11,-0.06,-0.5401,0.1983,81782,910947.31,1030136250.0,455812500.0
2012-08-10,'000605,*ST四环,11.11,11.18,11.0,11.08,11.2,-0.09,-0.8036,0.3522,145287,1606766.78,1035729750.0,458287500.0
2012-08-09,'000605,*ST四环,11.2,11.26,11.07,11.15,11.2,0.0,0.0,0.4224,174257,1940122.58,1044120000.0,462000000.0
2012-08-08,'000605,*ST四环,11.2,11.37,10.83,10.83,10.83,0.37,3.4164,0.5999,247464,2784798.33,1044120000.0,462000000.0
2012-08-07,'000605,*ST四环,10.83,11.01,10.4,10.4,10.5,0.33,3.1429,0.398,164194,1765209.52,1009626750.0,446737500.0
2012-08-06,'000605,*ST四环,10.5,10.5,10.02,10.45,10.35,0.15,1.4493,0.5813,239772,2472159.31,978862500.0,433125000.0
2012-08-03,'000605,*ST四环,10.35,10.42,10.1,10.12,10.17,0.18,1.7699,0.6693,276069,2818299.42,964878750.0,426937500.0
2012-08-02,'000605,*ST四环,10.17,10.38,9.92,10.03,10.03,0.14,1.3958,0.9925,409419,4150864.01,948098250.0,419512500.0
2012-08-01,'000605,*ST四环,10.03,10.48,10.03,10.08,10.56,-0.53,-5.0189,1.3194,544251,5504159.08,935046750.0,413737500.0
2012-07-31,'000605,*ST四环,10.56,10.56,10.56,10.56,11.12,-0.56,-5.036,0.273,112600,1189056.0,984456000.0,435600000.0
2012-07-30,'000605,*ST四环,11.12,11.12,11.12,11.12,11.7,-0.58,-4.9573,0.1692,69800,776176.0,1036662000.0,458700000.0
2012-07-27,'000605,*ST四环,11.7,11.7,11.07,11.2,11.14,0.56,5.0269,0.8872,365961,4215491.13,1090732500.0,482625000.0
2012-07-26,'000605,*ST四环,11.14,11.29,11.02,11.17,11.17,-0.03,-0.2686,0.4056,167305,1858251.81,1038526500.0,459525000.0
2012-07-25,'000605,*ST四环,11.17,11.52,11.16,11.35,11.51,-0.34,-2.954,0.6686,275811,3138942.79,1041323250.0,460762500.0
2012-07-24,'000605,*ST四环,11.51,11.62,11.32,11.5,11.52,-0.01,-0.0868,0.4251,175353,2019104.67,1073019750.0,474787500.0
2012-07-23,'000605,*ST四环,11.52,12.02,11.44,12.02,12.04,-0.52,-4.3189,1.2586,519182,5969108.53,1073952000.0,475200000.0
2012-07-20,'000605,*ST四环,12.04,12.15,11.9,12.06,12.1,-0.06,-0.4959,0.475,195922,2363548.5,1122429000.0,496650000.0
2012-07-19,'000605,*ST四环,12.1,12.44,12.0,12.26,12.28,-0.18,-1.4658,0.7219,297776,3636718.7,1128022500.0,499125000.0
2012-07-18,'000605,*ST四环,12.28,12.59,11.9,12.51,12.48,-0.2,-1.6026,0.7664,316130,3870335.08,1144803000.0,506550000.0
2012-07-17,'000605,*ST四环,12.48,12.56,12.3,12.32,12.4,0.08,0.6452,0.5471,225674,2803080.56,1163448000.0,514800000.0
2012-07-16,'000605,*ST四环,12.4,12.6,12.25,12.6,12.46,-0.06,-0.4815,0.7328,302294,3759239.42,1155990000.0,511500000.0
2012-07-13,'000605,*ST四环,12.46,12.5,12.17,12.3,12.22,0.24,1.964,0.3384,139584,1729346.38,1161583500.0,513975000.0
2012-07-12,'000605,*ST四环,12.22,12.38,12.01,12.04,12.2,0.02,0.1639,0.4996,206090,2527696.26,1139209500.0,504075000.0
2012-07-11,'000605,*ST四环,12.2,12.27,11.78,12.2,12.06,0.14,1.1609,0.4106,169378,2045602.14,1137345000.0,503250000.0
2012-07-10,'000605,*ST四环,12.06,12.74,12.06,12.61,12.69,-0.63,-4.9645,1.3317,549309,6696248.36,1124293500.0,497475000.0
2012-07-09,'000605,*ST四环,12.69,12.95,12.57,12.68,12.68,0.01,0.0789,0.8705,359061,4572831.83,1183025250.0,523462500.0
2012-07-06,'000605,*ST四环,12.68,12.8,12.57,12.7,12.7,-0.02,-0.1575,0.4679,192998,2444684.12,1182093000.0,523050000.0
2012-07-05,'000605,*ST四环,12.7,12.95,12.51,12.66,12.66,0.04,0.316,0.7606,313751,4007984.65,1183957500.0,523875000.0
2012-07-04,'000605,*ST四环,12.66,13.13,12.45,13.02,13.11,-0.45,-3.4325,1.3583,560303,7092678.0,1180228500.0,522225000.0
2012-07-03,'000605,*ST四环,13.11,13.42,12.9,13.08,13.26,-0.15,-1.1312,0.8616,355400,4696303.34,1222179750.0,540787500.0
2012-07-02,'000605,*ST四环,13.26,13.33,12.86,12.95,13.01,0.25,1.9216,1.0339,426494,5604961.95,1236163500.0,546975000.0
2012-06-29,'000605,*ST四环,13.01,13.3,12.73,12.99,13.02,-0.01,-0.0768,1.4583,601568,7888871.6,1212857250.0,536662500.0
2012-06-28,'000605,*ST四环,13.02,13.36,12.9,13.02,13.02,0.0,0.0,1.2974,535178,7035549.43,1213789500.0,537075000.0
2012-06-27,'000605,*ST四环,13.02,13.06,12.31,12.4,12.65,0.37,2.9249,1.053,434351,5598399.13,1213789500.0,537075000.0
2012-06-26,'000605,*ST四环,12.65,12.65,12.22,12.55,12.65,0.0,0.0,1.009,416225,5179764.07,1179296250.0,521812500.0
2012-06-25,'000605,*ST四环,12.65,13.49,12.63,13.14,13.29,-0.64,-4.8157,1.9368,798949,10341723.41,1179296250.0,521812500.0
2012-06-21,'000605,*ST四环,13.29,13.38,12.56,12.88,12.8,0.49,3.8281,2.2606,932501,12020827.61,1238960250.0,548212500.0
2012-06-20,'000605,*ST四环,12.8,12.8,12.11,12.25,12.19,0.61,5.0041,1.7231,710799,8894887.36,1193280000.0,528000000.0
2012-06-19,'000605,*ST四环,12.19,12.33,12.08,12.33,12.33,-0.14,-1.1354,1.0785,444896,5413673.03,1136412750.0,502837500.0
2012-06-18,'000605,*ST四环,12.33,12.34,11.83,11.85,11.83,0.5,4.2265,1.9794,816522,9932381.36,1149464250.0,508612500.0
2012-06-15,'000605,*ST四环,11.83,11.92,11.66,11.66,11.75,0.08,0.6809,0.3787,156211,1843399.84,1102851750.0,487987500.0
2012-06-14,'000605,*ST四环,11.75,12.06,11.7,12.06,11.98,-0.23,-1.9199,0.6709,276727,3274699.92,1095393750.0,484687500.0
2012-06-13,'000605,*ST四环,11.98,12.05,11.73,11.79,11.87,0.11,0.9267,0.9453,389951,4646722.78,1116835500.0,494175000.0
2012-06-12,'000605,*ST四环,0.0,0.0,0.0,0.0,11.87,None,None,0.0,0,0.0,1106580750.0,489637500.0
2012-06-11,'000605,*ST四环,11.87,12.03,11.52,11.73,11.53,0.34,2.9488,1.0329,426077,5058251.75,1106580750.0,489637500.0
2012-06-08,'000605,*ST四环,11.53,11.67,11.45,11.45,11.54,-0.01,-0.0867,0.3699,152603,1765126.75,1074884250.0,475612500.0
2012-06-07,'000605,*ST四环,11.54,11.75,11.45,11.68,11.69,-0.15,-1.2831,0.5196,214352,2481815.4,1075816500.0,476025000.0
2012-06-06,'000605,*ST四环,11.69,11.89,11.64,11.7,11.68,0.01,0.0856,0.4801,198042,2322806.42,1089800250.0,482212500.0
2012-06-05,'000605,*ST四环,11.68,11.78,11.5,11.6,11.6,0.08,0.6897,0.9756,402417,4717547.36,1088868000.0,481800000.0
2012-06-04,'000605,*ST四环,11.6,11.84,11.34,11.4,11.68,-0.08,-0.6849,0.7423,306190,3573787.83,1081410000.0,478500000.0
2012-06-01,'000605,*ST四环,11.68,12.01,11.5,11.83,11.88,-0.2,-1.6835,1.0565,435819,5140052.74,1088868000.0,481800000.0
2012-05-31,'000605,*ST四环,11.88,12.14,11.74,11.97,12.0,-0.12,-1.0,1.0134,418030,4997858.49,1107513000.0,490050000.0
2012-05-30,'000605,*ST四环,12.0,12.0,11.49,11.49,11.58,0.42,3.6269,1.2005,495207,5822384.8,1118700000.0,495000000.0
2012-05-29,'000605,*ST四环,11.58,11.85,11.35,11.75,11.82,-0.24,-2.0305,1.8671,770187,8926405.41,1079545500.0,477675000.0
2012-05-28,'000605,*ST四环,11.82,12.23,11.66,12.1,12.26,-0.44,-3.5889,1.9297,796008,9452575.68,1101919500.0,487575000.0
2012-05-25,'000605,*ST四环,12.26,12.37,11.8,12.2,12.27,-0.01,-0.0815,2.4215,998885,12065957.86,1142938500.0,505725000.0
2012-05-24,'000605,*ST四环,12.27,12.27,11.5,11.68,11.69,0.58,4.9615,3.9595,1633312,19803611.93,1143870750.0,506137500.0
2012-05-23,'000605,*ST四环,11.69,11.93,11.46,11.46,11.55,0.14,1.2121,1.7371,716564,8398513.82,1089800250.0,482212500.0
2012-05-22,'000605,*ST四环,11.55,11.87,11.43,11.52,11.3,0.25,2.2124,2.6817,1106218,12959387.07,1076748750.0,476437500.0
2012-05-21,'000605,*ST四环,11.3,11.3,10.68,10.76,10.76,0.54,5.0186,1.2927,533218,5968786.75,1053442500.0,466125000.0
2012-05-18,'000605,*ST四环,10.76,11.1,10.59,11.0,11.0,-0.24,-2.1818,0.9401,387807,4197504.9,1003101000.0,443850000.0
2012-05-17,'000605,*ST四环,11.0,11.29,10.62,10.74,10.75,0.25,2.3256,3.3821,1395107,15537855.32,1025475000.0,453750000.0
2012-05-16,'000605,*ST四环,10.75,10.85,10.25,10.25,10.33,0.42,4.0658,1.6111,664575,7123668.96,1002168750.0,443437500.0
2012-05-15,'000605,*ST四环,10.33,10.44,10.2,10.3,10.2,0.13,1.2745,0.4925,203136,2103441.37,963014250.0,426112500.0
2012-05-14,'000605,*ST四环,10.2,10.61,10.2,10.61,10.5,-0.3,-2.8571,0.914,377008,3913125.19,950895000.0,420750000.0
2012-05-11,'000605,*ST四环,10.5,10.58,10.41,10.46,10.5,0.0,0.0,0.86,354742,3730290.92,978862500.0,433125000.0
2012-05-10,'000605,*ST四环,10.5,10.67,10.31,10.31,10.54,-0.04,-0.3795,0.8442,348240,3668965.6,978862500.0,433125000.0
2012-05-09,'000605,*ST四环,10.54,10.72,10.18,10.18,10.28,0.26,2.5292,2.0728,855010,8972608.34,982591500.0,434775000.0
2012-05-08,'000605,*ST四环,10.28,10.83,10.22,10.45,10.31,-0.03,-0.291,3.1971,1318820,13956626.77,958353000.0,424050000.0
2012-05-07,'000605,*ST四环,10.31,10.31,9.8,9.83,9.82,0.49,4.9898,0.9647,397925,4054784.17,961149750.0,425287500.0
2012-05-04,'000605,*ST四环,9.82,9.83,9.42,9.6,9.44,0.38,4.0254,1.4139,583215,5664591.56,915469500.0,405075000.0
2012-05-03,'000605,*ST四环,9.44,9.61,9.15,9.15,9.16,0.28,3.0568,1.5758,650022,6163353.91,880044000.0,389400000.0
2012-05-02,'000605,*ST四环,9.16,9.4,8.89,8.89,9.35,-0.19,-2.0321,2.6194,1080490,9911070.19,853941000.0,377850000.0
2012-04-27,'000605,*ST四环,9.35,9.79,9.26,9.78,9.75,-0.4,-4.1026,1.6137,665659,6289976.27,871653750.0,385687500.0
2012-04-26,'000605,*ST四环,9.75,9.85,9.62,9.73,9.66,0.09,0.9317,1.557,642257,6245621.18,908943750.0,402187500.0
2012-04-25,'000605,*ST四环,9.66,9.8,9.46,9.67,9.8,-0.14,-1.4286,2.5115,1035985,9987291.22,900553500.0,398475000.0
2012-04-24,'000605,*ST四环,9.8,10.18,9.74,10.18,10.25,-0.45,-4.3902,2.3902,985977,9731885.54,913605000.0,404250000.0
2012-04-23,'000605,*ST四环,10.25,10.51,9.91,10.06,10.05,0.2,1.99,2.841,1171901,11946489.15,955556250.0,422812500.0
2012-04-20,'000605,*ST四环,10.05,10.16,9.76,9.96,10.16,-0.11,-1.0827,2.9303,1208728,12065762.5,936911250.0,414562500.0
2012-04-19,'000605,*ST四环,10.16,10.52,9.8,9.8,10.02,0.14,1.3972,5.01,2066635,21092762.11,947166000.0,419100000.0
2012-04-18,'000605,*ST四环,10.02,10.02,10.02,10.02,10.55,-0.53,-5.0237,0.9224,380500,3812610.0,934114500.0,413325000.0
2012-04-17,'000605,*ST四环,10.55,10.9,10.55,10.55,11.11,-0.56,-5.0405,1.0749,443400,4693440.0,983523750.0,435187500.0
2012-04-16,'000605,*ST四环,0.0,0.0,0.0,0.0,11.11,None,None,0.0,0,0.0,1035729750.0,458287500.0
2012-04-13,'000605,*ST四环,0.0,0.0,0.0,0.0,11.11,None,None,0.0,0,0.0,1035729750.0,458287500.0
2012-04-12,'000605,*ST四环,0.0,0.0,0.0,0.0,11.11,None,None,0.0,0,0.0,1035729750.0,458287500.0
2012-04-11,'000605,*ST四环,0.0,0.0,0.0,0.0,11.11,None,None,0.0,0,0.0,1035729750.0,458287500.0
2012-04-10,'000605,*ST四环,0.0,0.0,0.0,0.0,11.11,None,None,0.0,0,0.0,1035729750.0,458287500.0
2012-04-09,'000605,*ST四环,0.0,0.0,0.0,0.0,11.11,None,None,0.0,0,0.0,1035729750.0,458287500.0
2012-04-06,'000605,*ST四环,0.0,0.0,0.0,0.0,11.11,None,None,0.0,0,0.0,1035729750.0,458287500.0
2012-04-05,'000605,*ST四环,0.0,0.0,0.0,0.0,11.11,None,None,0.0,0,0.0,1035729750.0,458287500.0
2012-03-30,'000605,*ST四环,0.0,0.0,0.0,0.0,11.11,None,None,0.0,0,0.0,1035729750.0,458287500.0
2012-03-29,'000605,*ST四环,0.0,0.0,0.0,0.0,11.11,None,None,0.0,0,0.0,1035729750.0,458287500.0
2012-03-28,'000605,*ST四环,0.0,0.0,0.0,0.0,11.11,None,None,0.0,0,0.0,1035729750.0,458287500.0
2012-03-27,'000605,*ST四环,0.0,0.0,0.0,0.0,11.11,None,None,0.0,0,0.0,1035729750.0,458287500.0
2012-03-26,'000605,*ST四环,0.0,0.0,0.0,0.0,11.11,None,None,0.0,0,0.0,1035729750.0,458287500.0
2012-03-23,'000605,*ST四环,0.0,0.0,0.0,0.0,11.11,None,None,0.0,0,0.0,1035729750.0,458287500.0
2012-03-22,'000605,*ST四环,0.0,0.0,0.0,0.0,11.11,None,None,0.0,0,0.0,1035729750.0,458287500.0
2012-03-21,'000605,*ST四环,0.0,0.0,0.0,0.0,11.11,None,None,0.0,0,0.0,1035729750.0,458287500.0
2012-03-20,'000605,*ST四环,0.0,0.0,0.0,0.0,11.11,None,None,0.0,0,0.0,1035729750.0,458287500.0
2012-03-19,'000605,*ST四环,0.0,0.0,0.0,0.0,11.11,None,None,0.0,0,0.0,1035729750.0,458287500.0
2012-03-16,'000605,*ST四环,0.0,0.0,0.0,0.0,11.11,None,None,0.0,0,0.0,1035729750.0,458287500.0
2012-03-15,'000605,*ST四环,0.0,0.0,0.0,0.0,11.11,None,None,0.0,0,0.0,1035729750.0,458287500.0
2012-03-14,'000605,*ST四环,0.0,0.0,0.0,0.0,11.11,None,None,0.0,0,0.0,1035729750.0,458287500.0
2012-03-13,'000605,*ST四环,0.0,0.0,0.0,0.0,11.11,None,None,0.0,0,0.0,1035729750.0,458287500.0
2012-03-12,'000605,*ST四环,0.0,0.0,0.0,0.0,11.11,None,None,0.0,0,0.0,1035729750.0,458287500.0
2012-03-09,'000605,ST 四 环,0.0,0.0,0.0,0.0,11.11,None,None,0.0,0,0.0,1035729750.0,458287500.0
2012-03-08,'000605,ST 四 环,0.0,0.0,0.0,0.0,11.11,None,None,0.0,0,0.0,1035729750.0,458287500.0
2012-03-07,'000605,ST 四 环,11.11,11.11,10.58,10.7,10.58,0.53,5.0095,11.8885,4904016,53612343.38,1035729750.0,458287500.0
2012-03-06,'000605,ST 四 环,10.58,10.58,10.56,10.58,10.08,0.5,4.9603,4.9767,2052881,21718981.25,986320500.0,436425000.0
2012-03-05,'000605,ST 四 环,10.08,10.08,10.08,10.08,9.6,0.48,5.0,0.1257,51832,522466.56,939708000.0,415800000.0
2012-03-02,'000605,ST 四 环,9.6,9.6,9.6,9.6,9.14,0.46,5.0328,0.0448,18461,177225.6,894960000.0,396000000.0
2012-03-01,'000605,ST 四 环,9.14,9.14,9.14,9.14,8.7,0.44,5.0575,0.0274,11320,103464.8,852076500.0,377025000.0
2012-02-29,'000605,ST 四 环,8.7,8.7,8.7,8.7,8.29,0.41,4.9457,0.4068,167820,1460034.0,811057500.0,358875000.0
2012-02-28,'000605,ST 四 环,0.0,0.0,0.0,0.0,8.29,None,None,0.0,0,0.0,772835250.0,341962500.0
2012-02-27,'000605,ST 四 环,0.0,0.0,0.0,0.0,8.29,None,None,0.0,0,0.0,772835250.0,341962500.0
2012-02-24,'000605,ST 四 环,0.0,0.0,0.0,0.0,8.29,None,None,0.0,0,0.0,772835250.0,341962500.0
2012-02-23,'000605,ST 四 环,0.0,0.0,0.0,0.0,8.29,None,None,0.0,0,0.0,772835250.0,341962500.0
2012-02-22,'000605,ST 四 环,0.0,0.0,0.0,0.0,8.29,None,None,0.0,0,0.0,772835250.0,341962500.0
2012-02-21,'000605,ST 四 环,0.0,0.0,0.0,0.0,8.29,None,None,0.0,0,0.0,772835250.0,341962500.0
2012-02-20,'000605,ST 四 环,0.0,0.0,0.0,0.0,8.29,None,None,0.0,0,0.0,772835250.0,341962500.0
2012-02-17,'000605,ST 四 环,0.0,0.0,0.0,0.0,8.29,None,None,0.0,0,0.0,772835250.0,341962500.0
2012-02-16,'000605,ST 四 环,0.0,0.0,0.0,0.0,8.29,None,None,0.0,0,0.0,772835250.0,341962500.0
2012-02-15,'000605,ST 四 环,0.0,0.0,0.0,0.0,8.29,None,None,0.0,0,0.0,772835250.0,341962500.0
2012-02-14,'000605,ST 四 环,0.0,0.0,0.0,0.0,8.29,None,None,0.0,0,0.0,772835250.0,341962500.0
2012-02-13,'000605,ST 四 环,0.0,0.0,0.0,0.0,8.29,None,None,0.0,0,0.0,772835250.0,341962500.0
2012-02-10,'000605,ST 四 环,0.0,0.0,0.0,0.0,8.29,None,None,0.0,0,0.0,772835250.0,341962500.0
2012-02-09,'000605,ST 四 环,0.0,0.0,0.0,0.0,8.29,None,None,0.0,0,0.0,772835250.0,341962500.0
2012-02-08,'000605,ST 四 环,0.0,0.0,0.0,0.0,8.29,None,None,0.0,0,0.0,772835250.0,341962500.0
2012-02-07,'000605,ST 四 环,0.0,0.0,0.0,0.0,8.29,None,None,0.0,0,0.0,772835250.0,341962500.0
2012-02-06,'000605,ST 四 环,0.0,0.0,0.0,0.0,8.29,None,None,0.0,0,0.0,772835250.0,341962500.0
2012-02-03,'000605,ST 四 环,0.0,0.0,0.0,0.0,8.29,None,None,0.0,0,0.0,772835250.0,341962500.0
2012-02-02,'000605,ST 四 环,0.0,0.0,0.0,0.0,8.29,None,None,0.0,0,0.0,772835250.0,341962500.0
2012-02-01,'000605,ST 四 环,0.0,0.0,0.0,0.0,8.29,None,None,0.0,0,0.0,772835250.0,341962500.0
2012-01-31,'000605,ST 四 环,0.0,0.0,0.0,0.0,8.29,None,None,0.0,0,0.0,772835250.0,341962500.0
2012-01-30,'000605,ST 四 环,0.0,0.0,0.0,0.0,8.29,None,None,0.0,0,0.0,772835250.0,341962500.0
2012-01-20,'000605,ST 四 环,0.0,0.0,0.0,0.0,8.29,None,None,0.0,0,0.0,772835250.0,341962500.0
2012-01-19,'000605,ST 四 环,0.0,0.0,0.0,0.0,8.29,None,None,0.0,0,0.0,772835250.0,341962500.0
2012-01-18,'000605,ST 四 环,0.0,0.0,0.0,0.0,8.29,None,None,0.0,0,0.0,772835250.0,341962500.0
2012-01-17,'000605,ST 四 环,0.0,0.0,0.0,0.0,8.29,None,None,0.0,0,0.0,772835250.0,341962500.0
2012-01-16,'000605,ST 四 环,8.29,8.37,8.11,8.35,8.38,-0.09,-1.074,0.5326,219716,1812790.48,772835250.0,341962500.0
2012-01-13,'000605,ST 四 环,8.38,8.47,8.0,8.35,8.36,0.02,0.2392,0.8259,340680,2814206.0,781225500.0,345675000.0
2012-01-12,'000605,ST 四 环,8.36,8.42,8.2,8.2,8.28,0.08,0.9662,0.5482,226145,1877732.42,779361000.0,344850000.0
2012-01-11,'000605,ST 四 环,8.28,8.48,8.25,8.38,8.38,-0.1,-1.1933,0.7627,314622,2619248.05,771903000.0,341550000.0
2012-01-10,'000605,ST 四 环,8.38,8.38,8.08,8.1,8.1,0.28,3.4568,0.7806,321986,2651452.44,781225500.0,345675000.0
2012-01-09,'000605,ST 四 环,8.1,8.1,7.64,7.64,7.75,0.35,4.5161,0.5501,226910,1809472.88,755122500.0,334125000.0
2012-01-06,'000605,ST 四 环,7.75,7.75,7.32,7.32,7.48,0.27,3.6096,0.3142,129598,983069.41,722493750.0,319687500.0
2012-01-05,'000605,ST 四 环,7.48,7.91,7.47,7.91,7.82,-0.34,-4.3478,0.313,129100,989923.2,697323000.0,308550000.0
2012-01-04,'000605,ST 四 环,7.82,8.28,7.81,8.09,7.97,-0.15,-1.8821,0.5338,220194,1773784.23,729019500.0,322575000.0
2011-12-30,'000605,ST 四 环,7.97,7.98,7.76,7.76,7.76,0.21,2.7062,0.7029,289961,2296396.75,743003250.0,328762500.0
2011-12-29,'000605,ST 四 环,7.76,7.91,7.52,7.7,7.7,0.06,0.7792,0.7134,294288,2287170.33,723426000.0,320100000.0
2011-12-28,'000605,ST 四 环,7.7,7.89,7.51,7.89,7.9,-0.2,-2.5316,0.972,400951,3059558.29,717832500.0,317625000.0
2011-12-27,'000605,ST 四 环,7.9,8.32,7.9,8.32,8.32,-0.42,-5.0481,0.8267,341031,2745772.06,736477500.0,325875000.0
2011-12-26,'000605,ST 四 环,8.32,8.39,8.15,8.38,8.38,-0.06,-0.716,0.6224,256730,2131300.05,775632000.0,343200000.0
2011-12-23,'000605,ST 四 环,8.38,8.65,8.22,8.41,8.4,-0.02,-0.2381,0.8328,343540,2891896.1,781225500.0,345675000.0
2011-12-22,'000605,ST 四 环,8.4,8.7,8.27,8.7,8.71,-0.31,-3.5591,1.1618,479224,3998040.08,783090000.0,346500000.0
2011-12-21,'000605,ST 四 环,8.71,9.29,8.7,9.14,9.12,-0.41,-4.4956,1.0925,450640,4106334.86,811989750.0,359287500.0
2011-12-20,'000605,ST 四 环,9.12,9.28,9.06,9.13,9.13,-0.01,-0.1095,0.8373,345368,3175760.89,850212000.0,376200000.0
2011-12-19,'000605,ST 四 环,9.13,9.15,8.7,8.86,8.9,0.23,2.5843,1.1439,471853,4228593.34,851144250.0,376612500.0
2011-12-16,'000605,ST 四 环,8.9,8.96,8.5,8.9,8.91,-0.01,-0.1122,1.39,573388,5041940.04,829702500.0,367125000.0
2011-12-15,'000605,ST 四 环,8.91,9.33,8.91,9.33,9.38,-0.47,-5.0107,1.3212,544989,4887782.15,830634750.0,367537500.0
2011-12-14,'000605,ST 四 环,9.38,9.75,9.22,9.7,9.71,-0.33,-3.3986,0.6449,266032,2525647.48,874450500.0,386925000.0
2011-12-13,'000605,ST 四 环,9.71,10.0,9.56,10.0,10.06,-0.35,-3.4791,1.6966,699833,6752279.74,905214750.0,400537500.0
2011-12-12,'000605,ST 四 环,10.06,10.33,10.06,10.06,10.08,-0.02,-0.1984,0.9474,390820,3977098.59,937843500.0,414975000.0
2011-12-09,'000605,ST 四 环,10.08,10.39,10.08,10.39,10.61,-0.53,-4.9953,2.2893,944328,9585712.39,939708000.0,415800000.0
2011-12-08,'000605,ST 四 环,10.61,11.17,10.61,11.17,11.17,-0.56,-5.0134,2.0403,841620,8973728.7,989117250.0,437662500.0
2011-12-07,'000605,ST 四 环,11.17,11.25,10.98,10.99,11.1,0.07,0.6306,0.3811,157202,1757097.27,1041323250.0,460762500.0
2011-12-06,'000605,ST 四 环,11.1,11.27,10.95,11.11,11.18,-0.08,-0.7156,1.0395,428807,4774140.17,1034797500.0,457875000.0
2011-12-05,'000605,ST 四 环,11.18,11.68,11.18,11.55,11.77,-0.59,-5.0127,2.1583,890313,10029975.73,1042255500.0,461175000.0
2011-12-02,'000605,ST 四 环,11.77,12.44,11.77,12.3,12.39,-0.62,-5.004,2.4759,1021304,12150360.02,1097258250.0,485512500.0
2011-12-01,'000605,ST 四 环,12.39,12.56,12.32,12.41,12.28,0.11,0.8958,1.8742,773119,9629703.28,1155057750.0,511087500.0
2011-11-30,'000605,ST 四 环,12.28,12.94,12.28,12.68,12.93,-0.65,-5.0271,2.5223,1040434,12964851.5,1144803000.0,506550000.0
2011-11-29,'000605,ST 四 环,12.93,13.09,12.76,12.93,12.9,0.03,0.2326,1.606,662471,8561899.93,1205399250.0,533362500.0
2011-11-28,'000605,ST 四 环,12.9,12.94,12.51,12.73,12.64,0.26,2.057,1.857,766029,9721837.84,1202602500.0,532125000.0
2011-11-25,'000605,ST 四 环,12.64,12.78,12.44,12.7,12.41,0.23,1.8533,2.6021,1073367,13588037.18,1178364000.0,521400000.0
2011-11-24,'000605,ST 四 环,12.41,12.85,12.22,12.55,12.85,-0.44,-3.4241,2.6494,1092884,13604733.02,1156922250.0,511912500.0
2011-11-23,'000605,ST 四 环,12.85,13.2,12.33,12.67,12.7,0.15,1.1811,3.406,1404958,18099857.85,1197941250.0,530062500.0
2011-11-22,'000605,ST 四 环,12.7,13.3,12.54,13.02,13.2,-0.5,-3.7879,5.3,2186238,27942279.83,1183957500.0,523875000.0
2011-11-21,'000605,ST 四 环,13.2,13.29,12.4,12.48,12.7,0.5,3.937,4.7088,1942363,25179316.43,1230570000.0,544500000.0
2011-11-18,'000605,ST 四 环,12.7,13.17,12.48,12.5,12.54,0.16,1.2759,5.1996,2144844,27721245.09,1183957500.0,523875000.0
2011-11-17,'000605,ST 四 环,12.54,12.58,12.3,12.3,12.41,0.13,1.0475,1.5532,640685,7980988.78,1169041500.0,517275000.0
2011-11-16,'000605,ST 四 环,12.41,12.85,12.28,12.85,12.85,-0.44,-3.4241,2.4159,996577,12410755.49,1156922250.0,511912500.0
2011-11-15,'000605,ST 四 环,12.85,12.95,12.52,12.6,12.6,0.25,1.9841,1.7066,703990,8987044.35,1197941250.0,530062500.0
2011-11-14,'000605,ST 四 环,12.6,12.69,12.39,12.43,12.44,0.16,1.2862,1.7341,715304,8986123.0,1174635000.0,519750000.0
2011-11-11,'000605,ST 四 环,12.44,12.6,12.39,12.42,12.48,-0.04,-0.3205,0.9996,412316,5149771.74,1159719000.0,513150000.0
2011-11-10,'000605,ST 四 环,12.48,12.65,12.27,12.35,12.47,0.01,0.0802,1.9511,804827,10075230.3,1163448000.0,514800000.0
2011-11-09,'000605,ST 四 环,12.47,12.5,12.17,12.25,12.26,0.21,1.7129,1.2388,511020,6319433.38,1162515750.0,514387500.0
2011-11-08,'000605,ST 四 环,12.26,12.5,12.14,12.32,12.46,-0.2,-1.6051,1.4242,587479,7231758.29,1142938500.0,505725000.0
2011-11-07,'000605,ST 四 环,12.46,12.72,12.22,12.4,12.47,-0.01,-0.0802,1.9981,824214,10299465.47,1161583500.0,513975000.0
2011-11-04,'000605,ST 四 环,12.47,12.57,12.02,12.28,11.97,0.5,4.1771,4.6774,1929427,23876426.18,1162515750.0,514387500.0
2011-11-03,'000605,ST 四 环,11.97,12.09,11.78,11.78,11.82,0.15,1.269,2.2,907490,10862393.84,1115903250.0,493762500.0
2011-11-02,'000605,ST 四 环,11.82,11.9,11.41,11.47,11.59,0.23,1.9845,2.412,994932,11721869.73,1101919500.0,487575000.0
2011-11-01,'000605,ST 四 环,11.59,11.61,11.36,11.47,11.5,0.09,0.7826,1.3963,575961,6640727.18,1080477750.0,478087500.0
2011-10-31,'000605,ST 四 环,11.5,11.64,11.41,11.64,11.52,-0.02,-0.1736,1.5139,624471,7166606.23,1072087500.0,474375000.0
2011-10-28,'000605,ST 四 环,11.52,11.6,11.3,11.35,11.29,0.23,2.0372,2.1288,878126,10065998.11,1073952000.0,475200000.0
2011-10-27,'000605,ST 四 环,11.29,11.93,11.29,11.82,11.88,-0.59,-4.9663,3.1665,1306199,14976177.0,1052510250.0,465712500.0
2011-10-26,'000605,ST 四 环,11.88,12.0,11.7,11.8,11.85,0.03,0.2532,1.3894,573137,6791347.29,1107513000.0,490050000.0
2011-10-25,'000605,ST 四 环,11.85,11.85,11.14,11.14,11.29,0.56,4.9601,2.1272,877459,10138793.96,1104716250.0,488812500.0
2011-10-24,'000605,ST 四 环,11.29,11.4,10.88,11.08,11.31,-0.02,-0.1768,1.7532,723195,8032754.42,1052510250.0,465712500.0
2011-10-21,'000605,ST 四 环,11.31,11.87,11.31,11.71,11.9,-0.59,-4.958,3.9334,1622521,18485865.47,1054374750.0,466537500.0
2011-10-20,'000605,ST 四 环,11.9,12.8,11.86,12.3,12.48,-0.58,-4.6474,3.7245,1536345,18936072.55,1109377500.0,490875000.0
2011-10-19,'000605,ST 四 环,12.48,13.0,12.42,12.88,12.96,-0.48,-3.7037,3.858,1591418,20133980.64,1163448000.0,514800000.0
2011-10-18,'000605,ST 四 环,12.96,12.96,12.24,12.37,12.34,0.62,5.0243,7.446,3071481,39691585.97,1208196000.0,534600000.0
2011-10-17,'000605,ST 四 环,12.34,12.65,12.28,12.65,12.56,-0.22,-1.7516,1.2398,511409,6376290.09,1150396500.0,509025000.0
2011-10-14,'000605,ST 四 环,12.56,12.9,12.38,12.6,12.7,-0.14,-1.1024,1.232,508189,6391910.31,1170906000.0,518100000.0
2011-10-13,'000605,ST 四 环,12.7,12.89,12.39,12.49,12.56,0.14,1.1146,2.096,864584,10972636.06,1183957500.0,523875000.0
2011-10-12,'000605,ST 四 环,12.56,12.75,12.05,12.21,12.38,0.18,1.454,2.873,1185103,14696530.09,1170906000.0,518100000.0
2011-10-11,'000605,ST 四 环,0.0,0.0,0.0,0.0,12.38,None,None,0.0,0,0.0,1154125500.0,510675000.0
2011-10-10,'000605,ST 四 环,12.38,12.68,12.06,12.32,12.11,0.27,2.2296,2.9655,1223281,15084440.05,1154125500.0,510675000.0
2011-09-30,'000605,ST 四 环,12.11,12.11,11.45,11.63,11.53,0.58,5.0304,2.0216,833920,9865186.84,1128954750.0,499537500.0
2011-09-29,'000605,ST 四 环,11.53,12.07,11.4,11.58,11.74,-0.21,-1.7888,2.3969,988716,11558077.68,1074884250.0,475612500.0
2011-09-28,'000605,ST 四 环,11.74,12.38,11.7,12.23,12.25,-0.51,-4.1633,1.9325,797166,9566483.59,1094461500.0,484275000.0
2011-09-27,'000605,ST 四 环,12.25,12.54,11.91,12.15,12.15,0.1,0.823,2.8617,1180463,14356149.16,1142006250.0,505312500.0
2011-09-26,'000605,ST 四 环,12.15,12.65,12.08,12.38,12.69,-0.54,-4.2553,2.8162,1161673,14295533.97,1132683750.0,501187500.0
2011-09-23,'000605,ST 四 环,12.69,13.14,12.52,12.91,13.18,-0.49,-3.7178,6.4093,2643826,33692361.88,1183025250.0,523462500.0
2011-09-22,'000605,ST 四 环,13.18,13.3,12.42,12.5,12.67,0.51,4.0253,8.1423,3358684,43808727.06,1228705500.0,543675000.0
2011-09-21,'000605,ST 四 环,12.67,12.9,12.22,12.4,12.54,0.13,1.0367,5.3604,2211157,27870793.33,1181160750.0,522637500.0
2011-09-20,'000605,ST 四 环,12.54,12.83,11.88,12.12,12.38,0.16,1.2924,6.0449,2493537,30679532.6,1169041500.0,517275000.0
2011-09-19,'000605,ST 四 环,12.38,13.0,12.38,12.61,12.38,0.0,0.0,10.9411,4513208,57753183.22,1154125500.0,510675000.0
2011-09-16,'000605,ST 四 环,12.38,12.38,11.68,11.79,11.79,0.59,5.0042,2.5787,1063713,13024317.78,1154125500.0,510675000.0
2011-09-15,'000605,ST 四 环,11.79,11.85,11.52,11.69,11.69,0.1,0.8554,1.4108,581937,6804343.08,1099122750.0,486337500.0
2011-09-14,'000605,ST 四 环,11.69,12.16,11.56,11.99,11.74,-0.05,-0.4259,2.8874,1191061,14055681.23,1089800250.0,482212500.0
2011-09-13,'000605,ST 四 环,11.74,11.74,11.02,11.02,11.18,0.56,5.0089,3.0684,1265696,14736818.52,1094461500.0,484275000.0
2011-09-09,'000605,ST 四 环,11.18,11.31,11.16,11.17,11.29,-0.11,-0.9743,0.7108,293200,3288696.0,1042255500.0,461175000.0
2011-09-08,'000605,ST 四 环,11.29,11.36,11.2,11.22,11.27,0.02,0.1775,0.6524,269109,3034974.06,1052510250.0,465712500.0
2011-09-07,'000605,ST 四 环,11.27,11.38,11.05,11.05,11.02,0.25,2.2686,0.8536,352110,3955431.8,1050645750.0,464887500.0
2011-09-06,'000605,ST 四 环,11.02,11.17,11.01,11.1,11.12,-0.1,-0.8993,0.7195,296800,3292151.0,1027339500.0,454575000.0
2011-09-05,'000605,ST 四 环,11.12,11.34,11.05,11.29,11.48,-0.36,-3.1359,0.8188,337759,3770842.31,1036662000.0,458700000.0
2011-09-02,'000605,ST 四 环,11.48,11.52,11.29,11.37,11.43,0.05,0.4374,1.0651,439349,5009158.2,1070223000.0,473550000.0
2011-09-01,'000605,ST 四 环,11.43,11.65,11.35,11.35,11.41,0.02,0.1753,0.9999,412449,4758823.69,1065561750.0,471487500.0
2011-08-31,'000605,ST 四 环,11.41,11.5,11.26,11.48,11.48,-0.07,-0.6098,0.7055,290999,3318410.06,1063697250.0,470662500.0
2011-08-30,'000605,ST 四 环,11.48,11.89,11.47,11.78,11.71,-0.23,-1.9641,1.5105,623066,7291567.59,1070223000.0,473550000.0
2011-08-29,'000605,ST 四 环,11.71,11.76,11.5,11.6,11.77,-0.06,-0.5098,1.1541,476062,5532619.9,1091664750.0,483037500.0
2011-08-26,'000605,ST 四 环,11.77,11.77,11.26,11.35,11.36,0.41,3.6092,1.5657,645833,7411744.82,1097258250.0,485512500.0
2011-08-25,'000605,ST 四 环,11.36,11.45,11.02,11.14,11.15,0.21,1.8834,1.1934,492281,5528042.58,1059036000.0,468600000.0
2011-08-24,'000605,ST 四 环,11.15,11.28,11.13,11.23,11.23,-0.08,-0.7124,0.7524,310345,3472684.57,1039458750.0,459937500.0
2011-08-23,'000605,ST 四 环,11.23,11.38,10.81,10.86,10.88,0.35,3.2169,1.2136,500592,5569043.61,1046916750.0,463237500.0
2011-08-22,'000605,ST 四 环,10.88,11.04,10.85,10.87,10.94,-0.06,-0.5484,0.6368,262686,2865867.98,1014288000.0,448800000.0
2011-08-19,'000605,ST 四 环,10.94,10.99,10.49,10.59,10.8,0.14,1.2963,0.9067,373994,4050654.27,1019881500.0,451275000.0
2011-08-18,'000605,ST 四 环,10.8,11.25,10.7,11.1,11.17,-0.37,-3.3124,0.9862,406802,4518460.98,1006830000.0,445500000.0
2011-08-17,'000605,ST 四 环,11.17,11.21,10.98,11.15,11.07,0.1,0.9033,0.7279,300260,3338692.68,1041323250.0,460762500.0
2011-08-16,'000605,ST 四 环,11.07,11.25,11.06,11.15,11.16,-0.09,-0.8065,0.6308,260195,2897587.55,1032000750.0,456637500.0
2011-08-15,'000605,ST 四 环,11.16,11.27,10.9,10.9,10.92,0.24,2.1978,1.5085,622263,6916713.14,1040391000.0,460350000.0
2011-08-12,'000605,ST 四 环,10.92,11.0,10.75,10.75,10.76,0.16,1.487,1.494,616288,6731274.66,1018017000.0,450450000.0
2011-08-11,'000605,ST 四 环,10.76,10.76,10.07,10.3,10.5,0.26,2.4762,1.1301,466168,4908341.13,1003101000.0,443850000.0
2011-08-10,'000605,ST 四 环,10.5,10.7,10.49,10.6,10.47,0.03,0.2865,1.1794,486501,5142380.0,978862500.0,433125000.0
2011-08-09,'000605,ST 四 环,10.47,10.48,10.08,10.16,10.61,-0.14,-1.3195,2.0215,833850,8514065.58,976065750.0,431887500.0
2011-08-08,'000605,ST 四 环,10.61,11.17,10.61,10.92,11.17,-0.56,-5.0134,2.2847,942432,10091968.49,989117250.0,437662500.0
2011-08-05,'000605,ST 四 环,11.17,11.25,11.01,11.09,11.4,-0.23,-2.0175,1.1158,460262,5132971.65,1041323250.0,460762500.0
2011-08-04,'000605,ST 四 环,11.4,11.49,11.28,11.46,11.35,0.05,0.4405,1.3475,555856,6328881.49,1062765000.0,470250000.0
2011-08-03,'000605,ST 四 环,11.35,11.55,11.23,11.25,11.39,-0.04,-0.3512,1.6641,686427,7834093.77,1058103750.0,468187500.0
2011-08-02,'000605,ST 四 环,11.39,11.93,11.2,11.76,11.75,-0.36,-3.0638,2.3923,986809,11287650.27,1061832750.0,469837500.0
2011-08-01,'000605,ST 四 环,11.75,11.95,11.7,11.92,11.93,-0.18,-1.5088,1.5886,655301,7730285.16,1095393750.0,484687500.0
2011-07-29,'000605,ST 四 环,11.93,12.05,11.9,11.95,11.94,-0.01,-0.0838,1.2952,534289,6385305.82,1112174250.0,492112500.0
2011-07-28,'000605,ST 四 环,11.94,12.04,11.83,11.98,11.98,-0.04,-0.3339,1.5036,620250,7395525.85,1113106500.0,492525000.0
2011-07-27,'000605,ST 四 环,11.98,12.08,11.75,11.81,11.87,0.11,0.9267,1.7751,732210,8751552.75,1116835500.0,494175000.0
2011-07-26,'000605,ST 四 环,11.87,11.97,11.81,11.88,11.87,0.0,0.0,1.7866,736969,8779907.36,1106580750.0,489637500.0
2011-07-25,'000605,ST 四 环,11.87,12.49,11.87,12.36,12.49,-0.62,-4.964,4.6051,1899600,22861071.58,1106580750.0,489637500.0
2011-07-22,'000605,ST 四 环,12.49,12.9,12.3,12.67,12.7,-0.21,-1.6535,3.7347,1540551,19394546.48,1164380250.0,515212500.0
2011-07-21,'000605,ST 四 环,12.7,13.03,12.62,12.62,12.68,0.02,0.1577,3.2348,1334335,17145900.88,1183957500.0,523875000.0
2011-07-20,'000605,ST 四 环,12.68,12.8,12.5,12.5,12.47,0.21,1.684,2.9604,1221178,15432644.68,1182093000.0,523050000.0
2011-07-19,'000605,ST 四 环,12.47,12.8,12.3,12.79,12.76,-0.29,-2.2727,3.5185,1451397,18143937.03,1162515750.0,514387500.0
2011-07-18,'000605,ST 四 环,12.76,12.76,12.22,12.22,12.15,0.61,5.0206,8.3957,3463233,43738300.43,1189551000.0,526350000.0
2011-07-15,'000605,ST 四 环,12.15,12.16,11.75,11.83,11.81,0.34,2.8789,5.8578,2416351,29009938.86,1132683750.0,501187500.0
2011-07-14,'000605,ST 四 环,11.81,12.0,11.77,11.94,12.0,-0.19,-1.5833,6.6789,2755037,32686664.68,1100987250.0,487162500.0
2011-07-13,'000605,ST 四 环,12.0,12.14,11.61,11.61,12.13,-0.13,-1.0717,10.6665,4399914,51934047.98,1118700000.0,495000000.0
2011-07-12,'000605,ST 四 环,12.13,12.13,12.13,12.13,12.77,-0.64,-5.0117,0.7648,315500,3827015.0,1130819250.0,500362500.0
2011-07-11,'000605,ST 四 环,12.77,12.77,12.77,12.77,13.44,-0.67,-4.9851,0.799,329600,4208992.0,1190483250.0,526762500.0
2011-07-08,'000605,ST 四 环,0.0,0.0,0.0,0.0,13.44,None,None,0.0,0,0.0,1252944000.0,554400000.0
2011-07-07,'000605,ST 四 环,0.0,0.0,0.0,0.0,13.44,None,None,0.0,0,0.0,1252944000.0,554400000.0
2011-07-06,'000605,ST 四 环,0.0,0.0,0.0,0.0,13.44,None,None,0.0,0,0.0,1252944000.0,554400000.0
2011-07-05,'000605,ST 四 环,0.0,0.0,0.0,0.0,13.44,None,None,0.0,0,0.0,1252944000.0,554400000.0
2011-07-04,'000605,ST 四 环,0.0,0.0,0.0,0.0,13.44,None,None,0.0,0,0.0,1252944000.0,554400000.0
2011-07-01,'000605,ST 四 环,0.0,0.0,0.0,0.0,13.44,None,None,0.0,0,0.0,1252944000.0,554400000.0
2011-06-30,'000605,ST 四 环,0.0,0.0,0.0,0.0,13.44,None,None,0.0,0,0.0,1252944000.0,554400000.0
2011-06-29,'000605,ST 四 环,0.0,0.0,0.0,0.0,13.44,None,None,0.0,0,0.0,1252944000.0,554400000.0
2011-06-28,'000605,ST 四 环,0.0,0.0,0.0,0.0,13.44,None,None,0.0,0,0.0,1252944000.0,554400000.0
2011-06-27,'000605,ST 四 环,0.0,0.0,0.0,0.0,13.44,None,None,0.0,0,0.0,1252944000.0,554400000.0
2011-06-24,'000605,ST 四 环,0.0,0.0,0.0,0.0,13.44,None,None,0.0,0,0.0,1252944000.0,554400000.0
2011-06-23,'000605,ST 四 环,0.0,0.0,0.0,0.0,13.44,None,None,0.0,0,0.0,1252944000.0,554400000.0
2011-06-22,'000605,ST 四 环,0.0,0.0,0.0,0.0,13.44,None,None,0.0,0,0.0,1252944000.0,554400000.0
2011-06-21,'000605,ST 四 环,0.0,0.0,0.0,0.0,13.44,None,None,0.0,0,0.0,1252944000.0,554400000.0
2011-06-20,'000605,ST 四 环,0.0,0.0,0.0,0.0,13.44,None,None,0.0,0,0.0,1252944000.0,554400000.0
2011-06-17,'000605,ST 四 环,0.0,0.0,0.0,0.0,13.44,None,None,0.0,0,0.0,1252944000.0,554400000.0
2011-06-16,'000605,ST 四 环,0.0,0.0,0.0,0.0,13.44,None,None,0.0,0,0.0,1252944000.0,554400000.0
2011-06-15,'000605,ST 四 环,0.0,0.0,0.0,0.0,13.44,None,None,0.0,0,0.0,1252944000.0,554400000.0
2011-06-14,'000605,ST 四 环,0.0,0.0,0.0,0.0,13.44,None,None,0.0,0,0.0,1252944000.0,554400000.0
2011-06-13,'000605,ST 四 环,0.0,0.0,0.0,0.0,13.44,None,None,0.0,0,0.0,1252944000.0,554400000.0
2011-06-10,'000605,ST 四 环,0.0,0.0,0.0,0.0,13.44,None,None,0.0,0,0.0,1252944000.0,554400000.0
2011-06-09,'000605,ST 四 环,0.0,0.0,0.0,0.0,13.44,None,None,0.0,0,0.0,1252944000.0,554400000.0
2011-06-08,'000605,ST 四 环,0.0,0.0,0.0,0.0,13.44,None,None,0.0,0,0.0,1252944000.0,554400000.0
2011-06-07,'000605,ST 四 环,0.0,0.0,0.0,0.0,13.44,None,None,0.0,0,0.0,1252944000.0,554400000.0
2011-06-03,'000605,ST 四 环,0.0,0.0,0.0,0.0,13.44,None,None,0.0,0,0.0,1252944000.0,554400000.0
2011-06-02,'000605,ST 四 环,0.0,0.0,0.0,0.0,13.44,None,None,0.0,0,0.0,1252944000.0,554400000.0
2011-06-01,'000605,ST 四 环,0.0,0.0,0.0,0.0,13.44,None,None,0.0,0,0.0,1252944000.0,554400000.0
2011-05-31,'000605,ST 四 环,0.0,0.0,0.0,0.0,13.44,None,None,0.0,0,0.0,1252944000.0,554400000.0
2011-05-30,'000605,ST 四 环,0.0,0.0,0.0,0.0,13.44,None,None,0.0,0,0.0,1252944000.0,554400000.0
2011-05-27,'000605,ST 四 环,0.0,0.0,0.0,0.0,13.44,None,None,0.0,0,0.0,1252944000.0,554400000.0
2011-05-26,'000605,ST 四 环,0.0,0.0,0.0,0.0,13.44,None,None,0.0,0,0.0,1252944000.0,554400000.0
2011-05-25,'000605,ST 四 环,0.0,0.0,0.0,0.0,13.44,None,None,0.0,0,0.0,1252944000.0,554400000.0
2011-05-24,'000605,ST 四 环,0.0,0.0,0.0,0.0,13.44,None,None,0.0,0,0.0,1252944000.0,554400000.0
2011-05-23,'000605,ST 四 环,0.0,0.0,0.0,0.0,13.44,None,None,0.0,0,0.0,1252944000.0,554400000.0
2011-05-20,'000605,ST 四 环,0.0,0.0,0.0,0.0,13.44,None,None,0.0,0,0.0,1252944000.0,554400000.0
2011-05-19,'000605,ST 四 环,0.0,0.0,0.0,0.0,13.44,None,None,0.0,0,0.0,1252944000.0,554400000.0
2011-05-18,'000605,ST 四 环,0.0,0.0,0.0,0.0,13.44,None,None,0.0,0,0.0,1252944000.0,554400000.0
2011-05-17,'000605,ST 四 环,0.0,0.0,0.0,0.0,13.44,None,None,0.0,0,0.0,1252944000.0,554400000.0
2011-05-16,'000605,ST 四 环,0.0,0.0,0.0,0.0,13.44,None,None,0.0,0,0.0,1252944000.0,554400000.0
2011-05-13,'000605,ST 四 环,0.0,0.0,0.0,0.0,13.44,None,None,0.0,0,0.0,1252944000.0,554400000.0
2011-05-12,'000605,ST 四 环,0.0,0.0,0.0,0.0,13.44,None,None,0.0,0,0.0,1252944000.0,554400000.0
2011-05-11,'000605,ST 四 环,0.0,0.0,0.0,0.0,13.44,None,None,0.0,0,0.0,1252944000.0,554400000.0
2011-05-10,'000605,ST 四 环,0.0,0.0,0.0,0.0,13.44,None,None,0.0,0,0.0,1252944000.0,554400000.0
2011-05-09,'000605,ST 四 环,0.0,0.0,0.0,0.0,13.44,None,None,0.0,0,0.0,1252944000.0,554400000.0
2011-05-06,'000605,ST 四 环,0.0,0.0,0.0,0.0,13.44,None,None,0.0,0,0.0,1252944000.0,554400000.0
2011-05-05,'000605,ST 四 环,0.0,0.0,0.0,0.0,13.44,None,None,0.0,0,0.0,1252944000.0,554400000.0
2011-05-04,'000605,ST 四 环,0.0,0.0,0.0,0.0,13.44,None,None,0.0,0,0.0,1252944000.0,554400000.0
2011-05-03,'000605,ST 四 环,0.0,0.0,0.0,0.0,13.44,None,None,0.0,0,0.0,1252944000.0,554400000.0
2011-04-29,'000605,ST 四 环,0.0,0.0,0.0,0.0,13.44,None,None,0.0,0,0.0,1252944000.0,554400000.0
2011-04-28,'000605,ST 四 环,0.0,0.0,0.0,0.0,13.44,None,None,0.0,0,0.0,1252944000.0,554400000.0
2011-04-27,'000605,ST 四 环,0.0,0.0,0.0,0.0,13.44,None,None,0.0,0,0.0,1252944000.0,554400000.0
2011-04-26,'000605,ST 四 环,0.0,0.0,0.0,0.0,13.44,None,None,0.0,0,0.0,1252944000.0,554400000.0
2011-04-25,'000605,ST 四 环,0.0,0.0,0.0,0.0,13.44,None,None,0.0,0,0.0,1252944000.0,554400000.0
2011-04-22,'000605,ST 四 环,0.0,0.0,0.0,0.0,13.44,None,None,0.0,0,0.0,1252944000.0,554400000.0
2011-04-21,'000605,ST 四 环,0.0,0.0,0.0,0.0,13.44,None,None,0.0,0,0.0,1252944000.0,554400000.0
2011-04-20,'000605,ST 四 环,0.0,0.0,0.0,0.0,13.44,None,None,0.0,0,0.0,1252944000.0,554400000.0
2011-04-19,'000605,ST 四 环,0.0,0.0,0.0,0.0,13.44,None,None,0.0,0,0.0,1252944000.0,554400000.0
2011-04-18,'000605,ST 四 环,0.0,0.0,0.0,0.0,13.44,None,None,0.0,0,0.0,1252944000.0,554400000.0
2011-04-15,'000605,ST 四 环,0.0,0.0,0.0,0.0,13.44,None,None,0.0,0,0.0,1252944000.0,554400000.0
2011-04-14,'000605,ST 四 环,0.0,0.0,0.0,0.0,13.44,None,None,0.0,0,0.0,1252944000.0,554400000.0
2011-04-13,'000605,ST 四 环,0.0,0.0,0.0,0.0,13.44,None,None,0.0,0,0.0,1252944000.0,554400000.0
2011-04-12,'000605,ST 四 环,0.0,0.0,0.0,0.0,13.44,None,None,0.0,0,0.0,1252944000.0,554400000.0
2011-04-11,'000605,ST 四 环,0.0,0.0,0.0,0.0,13.44,None,None,0.0,0,0.0,1252944000.0,554400000.0
2011-04-08,'000605,ST 四 环,0.0,0.0,0.0,0.0,13.44,None,None,0.0,0,0.0,1252944000.0,554400000.0
2011-04-07,'000605,ST 四 环,0.0,0.0,0.0,0.0,13.44,None,None,0.0,0,0.0,1252944000.0,554400000.0
2011-04-06,'000605,ST 四 环,0.0,0.0,0.0,0.0,13.44,None,None,0.0,0,0.0,1252944000.0,554400000.0
2011-04-01,'000605,ST 四 环,0.0,0.0,0.0,0.0,13.44,None,None,0.0,0,0.0,1252944000.0,554400000.0
2011-03-31,'000605,ST 四 环,0.0,0.0,0.0,0.0,13.44,None,None,0.0,0,0.0,1252944000.0,554400000.0
2011-03-30,'000605,ST 四 环,0.0,0.0,0.0,0.0,13.44,None,None,0.0,0,0.0,1252944000.0,554400000.0
2011-03-29,'000605,ST 四 环,0.0,0.0,0.0,0.0,13.44,None,None,0.0,0,0.0,1252944000.0,554400000.0
2011-03-28,'000605,ST 四 环,0.0,0.0,0.0,0.0,13.44,None,None,0.0,0,0.0,1252944000.0,554400000.0
2011-03-25,'000605,ST 四 环,0.0,0.0,0.0,0.0,13.44,None,None,0.0,0,0.0,1252944000.0,554400000.0
2011-03-24,'000605,ST 四 环,0.0,0.0,0.0,0.0,13.44,None,None,0.0,0,0.0,1252944000.0,554400000.0
2011-03-23,'000605,ST 四 环,0.0,0.0,0.0,0.0,13.44,None,None,0.0,0,0.0,1252944000.0,554400000.0
2011-03-22,'000605,ST 四 环,0.0,0.0,0.0,0.0,13.44,None,None,0.0,0,0.0,1252944000.0,554400000.0
2011-03-21,'000605,ST 四 环,0.0,0.0,0.0,0.0,13.44,None,None,0.0,0,0.0,1252944000.0,554400000.0
2011-03-18,'000605,ST 四 环,0.0,0.0,0.0,0.0,13.44,None,None,0.0,0,0.0,1252944000.0,554400000.0
2011-03-17,'000605,ST 四 环,0.0,0.0,0.0,0.0,13.44,None,None,0.0,0,0.0,1252944000.0,554400000.0
2011-03-16,'000605,ST 四 环,0.0,0.0,0.0,0.0,13.44,None,None,0.0,0,0.0,1252944000.0,554400000.0
2011-03-15,'000605,ST 四 环,0.0,0.0,0.0,0.0,13.44,None,None,0.0,0,0.0,1252944000.0,554400000.0
2011-03-14,'000605,ST 四 环,0.0,0.0,0.0,0.0,13.44,None,None,0.0,0,0.0,1252944000.0,554400000.0
2011-03-11,'000605,ST 四 环,0.0,0.0,0.0,0.0,13.44,None,None,0.0,0,0.0,1252944000.0,554400000.0
2011-03-10,'000605,ST 四 环,0.0,0.0,0.0,0.0,13.44,None,None,0.0,0,0.0,1252944000.0,554400000.0
2011-03-09,'000605,ST 四 环,0.0,0.0,0.0,0.0,13.44,None,None,0.0,0,0.0,1252944000.0,554400000.0
2011-03-08,'000605,ST 四 环,0.0,0.0,0.0,0.0,13.44,None,None,0.0,0,0.0,1252944000.0,554400000.0
2011-03-07,'000605,ST 四 环,0.0,0.0,0.0,0.0,13.44,None,None,0.0,0,0.0,1252944000.0,554400000.0
2011-03-04,'000605,ST 四 环,0.0,0.0,0.0,0.0,13.44,None,None,0.0,0,0.0,1252944000.0,554400000.0
2011-03-03,'000605,ST 四 环,0.0,0.0,0.0,0.0,13.44,None,None,0.0,0,0.0,1252944000.0,554400000.0
2011-03-02,'000605,ST 四 环,0.0,0.0,0.0,0.0,13.44,None,None,0.0,0,0.0,1252944000.0,554400000.0
2011-03-01,'000605,ST 四 环,0.0,0.0,0.0,0.0,13.44,None,None,0.0,0,0.0,1252944000.0,554400000.0
2011-02-28,'000605,ST 四 环,0.0,0.0,0.0,0.0,13.44,None,None,0.0,0,0.0,1252944000.0,554400000.0
2011-02-25,'000605,ST 四 环,0.0,0.0,0.0,0.0,13.44,None,None,0.0,0,0.0,1252944000.0,554400000.0
2011-02-24,'000605,ST 四 环,0.0,0.0,0.0,0.0,13.44,None,None,0.0,0,0.0,1252944000.0,554400000.0
2011-02-23,'000605,ST 四 环,0.0,0.0,0.0,0.0,13.44,None,None,0.0,0,0.0,1252944000.0,554400000.0
2011-02-22,'000605,ST 四 环,0.0,0.0,0.0,0.0,13.44,None,None,0.0,0,0.0,1252944000.0,554400000.0
2011-02-21,'000605,ST 四 环,0.0,0.0,0.0,0.0,13.44,None,None,0.0,0,0.0,1252944000.0,554400000.0
2011-02-18,'000605,ST 四 环,0.0,0.0,0.0,0.0,13.44,None,None,0.0,0,0.0,1252944000.0,554400000.0
2011-02-17,'000605,ST 四 环,0.0,0.0,0.0,0.0,13.44,None,None,0.0,0,0.0,1252944000.0,554400000.0
2011-02-16,'000605,ST 四 环,0.0,0.0,0.0,0.0,13.44,None,None,0.0,0,0.0,1252944000.0,554400000.0
2011-02-15,'000605,ST 四 环,0.0,0.0,0.0,0.0,13.44,None,None,0.0,0,0.0,1252944000.0,554400000.0
2011-02-14,'000605,ST 四 环,0.0,0.0,0.0,0.0,13.44,None,None,0.0,0,0.0,1252944000.0,554400000.0
2011-02-11,'000605,ST 四 环,0.0,0.0,0.0,0.0,13.44,None,None,0.0,0,0.0,1252944000.0,554400000.0
2011-02-10,'000605,ST 四 环,0.0,0.0,0.0,0.0,13.44,None,None,0.0,0,0.0,1252944000.0,554400000.0
2011-02-09,'000605,ST 四 环,0.0,0.0,0.0,0.0,13.44,None,None,0.0,0,0.0,1252944000.0,554400000.0
2011-02-01,'000605,ST 四 环,0.0,0.0,0.0,0.0,13.44,None,None,0.0,0,0.0,1252944000.0,554400000.0
2011-01-31,'000605,ST 四 环,0.0,0.0,0.0,0.0,13.44,None,None,0.0,0,0.0,1252944000.0,554400000.0
2011-01-28,'000605,ST 四 环,0.0,0.0,0.0,0.0,13.44,None,None,0.0,0,0.0,1252944000.0,554400000.0
2011-01-27,'000605,ST 四 环,0.0,0.0,0.0,0.0,13.44,None,None,0.0,0,0.0,1252944000.0,554400000.0
2011-01-26,'000605,ST 四 环,0.0,0.0,0.0,0.0,13.44,None,None,0.0,0,0.0,1252944000.0,554400000.0
2011-01-25,'000605,ST 四 环,0.0,0.0,0.0,0.0,13.44,None,None,0.0,0,0.0,1252944000.0,554400000.0
2011-01-24,'000605,ST 四 环,0.0,0.0,0.0,0.0,13.44,None,None,0.0,0,0.0,1252944000.0,554400000.0
2011-01-21,'000605,ST 四 环,0.0,0.0,0.0,0.0,13.44,None,None,0.0,0,0.0,1252944000.0,554400000.0
2011-01-20,'000605,ST 四 环,0.0,0.0,0.0,0.0,13.44,None,None,0.0,0,0.0,1252944000.0,554400000.0
2011-01-19,'000605,ST 四 环,0.0,0.0,0.0,0.0,13.44,None,None,0.0,0,0.0,1252944000.0,554400000.0
2011-01-18,'000605,ST 四 环,0.0,0.0,0.0,0.0,13.44,None,None,0.0,0,0.0,1252944000.0,554400000.0
2011-01-17,'000605,ST 四 环,0.0,0.0,0.0,0.0,13.44,None,None,0.0,0,0.0,1252944000.0,554400000.0
2011-01-14,'000605,ST 四 环,0.0,0.0,0.0,0.0,13.44,None,None,0.0,0,0.0,1252944000.0,554400000.0
2011-01-13,'000605,ST 四 环,0.0,0.0,0.0,0.0,13.44,None,None,0.0,0,0.0,1252944000.0,554400000.0
2011-01-12,'000605,ST 四 环,0.0,0.0,0.0,0.0,13.44,None,None,0.0,0,0.0,1252944000.0,554400000.0
2011-01-11,'000605,ST 四 环,0.0,0.0,0.0,0.0,13.44,None,None,0.0,0,0.0,1252944000.0,554400000.0
2011-01-10,'000605,ST 四 环,0.0,0.0,0.0,0.0,13.44,None,None,0.0,0,0.0,1252944000.0,554400000.0
2011-01-07,'000605,ST 四 环,0.0,0.0,0.0,0.0,13.44,None,None,0.0,0,0.0,1252944000.0,554400000.0
2011-01-06,'000605,ST 四 环,0.0,0.0,0.0,0.0,13.44,None,None,0.0,0,0.0,1252944000.0,554400000.0
2011-01-05,'000605,ST 四 环,0.0,0.0,0.0,0.0,13.44,None,None,0.0,0,0.0,1252944000.0,554400000.0
2011-01-04,'000605,ST 四 环,0.0,0.0,0.0,0.0,13.44,None,None,0.0,0,0.0,1252944000.0,554400000.0
2010-12-31,'000605,ST 四 环,0.0,0.0,0.0,0.0,13.44,None,None,0.0,0,0.0,1252944000.0,554400000.0
2010-12-30,'000605,ST 四 环,0.0,0.0,0.0,0.0,13.44,None,None,0.0,0,0.0,1252944000.0,554400000.0
2010-12-29,'000605,ST 四 环,0.0,0.0,0.0,0.0,13.44,None,None,0.0,0,0.0,1252944000.0,554400000.0
2010-12-28,'000605,ST 四 环,0.0,0.0,0.0,0.0,13.44,None,None,0.0,0,0.0,1252944000.0,554400000.0
2010-12-27,'000605,ST 四 环,0.0,0.0,0.0,0.0,13.44,None,None,0.0,0,0.0,1252944000.0,554400000.0
2010-12-24,'000605,ST 四 环,0.0,0.0,0.0,0.0,13.44,None,None,0.0,0,0.0,1252944000.0,554400000.0
2010-12-23,'000605,ST 四 环,0.0,0.0,0.0,0.0,13.44,None,None,0.0,0,0.0,1252944000.0,554400000.0
2010-12-22,'000605,ST 四 环,0.0,0.0,0.0,0.0,13.44,None,None,0.0,0,0.0,1252944000.0,554400000.0
2010-12-21,'000605,ST 四 环,0.0,0.0,0.0,0.0,13.44,None,None,0.0,0,0.0,1252944000.0,554400000.0
2010-12-20,'000605,ST 四 环,0.0,0.0,0.0,0.0,13.44,None,None,0.0,0,0.0,1252944000.0,554400000.0
2010-12-17,'000605,ST 四 环,0.0,0.0,0.0,0.0,13.44,None,None,0.0,0,0.0,1252944000.0,554400000.0
2010-12-16,'000605,ST 四 环,0.0,0.0,0.0,0.0,13.44,None,None,0.0,0,0.0,1252944000.0,554400000.0
2010-12-15,'000605,ST 四 环,0.0,0.0,0.0,0.0,13.44,None,None,0.0,0,0.0,1252944000.0,554400000.0
2010-12-14,'000605,ST 四 环,0.0,0.0,0.0,0.0,13.44,None,None,0.0,0,0.0,1252944000.0,554400000.0
2010-12-13,'000605,ST 四 环,0.0,0.0,0.0,0.0,13.44,None,None,0.0,0,0.0,1252944000.0,554400000.0
2010-12-10,'000605,ST 四 环,0.0,0.0,0.0,0.0,13.44,None,None,0.0,0,0.0,1252944000.0,554400000.0
2010-12-09,'000605,ST 四 环,0.0,0.0,0.0,0.0,13.44,None,None,0.0,0,0.0,1252944000.0,554400000.0
2010-12-08,'000605,ST 四 环,0.0,0.0,0.0,0.0,13.44,None,None,0.0,0,0.0,1252944000.0,554400000.0
2010-12-07,'000605,ST 四 环,0.0,0.0,0.0,0.0,13.44,None,None,0.0,0,0.0,1252944000.0,554400000.0
2010-12-06,'000605,ST 四 环,0.0,0.0,0.0,0.0,13.44,None,None,0.0,0,0.0,1252944000.0,554400000.0
2010-12-03,'000605,ST 四 环,0.0,0.0,0.0,0.0,13.44,None,None,0.0,0,0.0,1252944000.0,554400000.0
2010-12-02,'000605,ST 四 环,0.0,0.0,0.0,0.0,13.44,None,None,0.0,0,0.0,1252944000.0,554400000.0
2010-12-01,'000605,ST 四 环,0.0,0.0,0.0,0.0,13.44,None,None,0.0,0,0.0,1252944000.0,554400000.0
2010-11-30,'000605,ST 四 环,0.0,0.0,0.0,0.0,13.44,None,None,0.0,0,0.0,1252944000.0,554400000.0
2010-11-29,'000605,ST 四 环,0.0,0.0,0.0,0.0,13.44,None,None,0.0,0,0.0,1252944000.0,554400000.0
2010-11-26,'000605,ST 四 环,0.0,0.0,0.0,0.0,13.44,None,None,0.0,0,0.0,1252944000.0,554400000.0
2010-11-25,'000605,ST 四 环,0.0,0.0,0.0,0.0,13.44,None,None,0.0,0,0.0,1252944000.0,554400000.0
2010-11-24,'000605,ST 四 环,0.0,0.0,0.0,0.0,13.44,None,None,0.0,0,0.0,1252944000.0,554400000.0
2010-11-23,'000605,ST 四 环,0.0,0.0,0.0,0.0,13.44,None,None,0.0,0,0.0,1252944000.0,554400000.0
2010-11-22,'000605,ST 四 环,0.0,0.0,0.0,0.0,13.44,None,None,0.0,0,0.0,1252944000.0,554400000.0
2010-11-19,'000605,ST 四 环,13.44,13.44,12.8,12.8,12.8,0.64,5.0,6.9272,2857471,38329072.15,1252944000.0,554400000.0
2010-11-18,'000605,ST 四 环,12.8,12.85,12.33,12.51,12.51,0.29,2.3181,1.5169,625723,7875190.82,1193280000.0,528000000.0
2010-11-17,'000605,ST 四 环,12.51,12.92,12.4,12.5,12.72,-0.21,-1.6509,0.9918,409100,5174746.0,1166244750.0,516037500.0
2010-11-16,'000605,ST 四 环,12.72,13.39,12.5,13.0,13.09,-0.37,-2.8266,1.9709,813006,10611907.78,1185822000.0,524700000.0
2010-11-15,'000605,ST 四 环,13.09,13.14,12.48,12.58,13.02,0.07,0.5376,2.1587,890474,11455105.16,1220315250.0,539962500.0
2010-11-12,'000605,ST 四 环,13.02,13.6,13.02,13.53,13.7,-0.68,-4.9635,4.107,1694137,22476298.34,1213789500.0,537075000.0
2010-11-11,'000605,ST 四 环,13.7,14.01,13.61,13.85,13.93,-0.23,-1.6511,2.3375,964230,13388461.71,1277182500.0,565125000.0
2010-11-10,'000605,ST 四 环,13.93,14.18,13.9,13.9,14.05,-0.12,-0.8541,2.1017,866943,12157399.82,1298624250.0,574612500.0
2010-11-09,'000605,ST 四 环,14.05,14.16,13.96,13.96,13.97,0.08,0.5727,2.4245,1000107,14056171.27,1309811250.0,579562500.0
2010-11-08,'000605,ST 四 环,13.97,14.2,13.6,13.64,13.64,0.33,2.4194,3.0357,1252231,17444711.61,1302353250.0,576262500.0
2010-11-05,'000605,ST 四 环,13.64,13.75,13.49,13.58,13.58,0.06,0.4418,2.5709,1060490,14454731.98,1271589000.0,562650000.0
2010-11-04,'000605,ST 四 环,13.58,13.69,13.45,13.51,13.5,0.08,0.5926,1.7265,712173,9652115.99,1265995500.0,560175000.0
2010-11-03,'000605,ST 四 环,13.5,13.77,13.36,13.39,13.38,0.12,0.8969,2.6892,1109314,15047865.39,1258537500.0,556875000.0
2010-11-02,'000605,ST 四 环,13.38,13.84,13.31,13.48,13.55,-0.17,-1.2546,3.2504,1340801,18147897.83,1247350500.0,551925000.0
2010-11-01,'000605,ST 四 环,13.55,13.7,13.4,13.56,13.57,-0.02,-0.1474,3.9597,1633376,22053840.22,1263198750.0,558937500.0
2010-10-29,'000605,ST 四 环,13.57,14.2,13.52,14.0,14.04,-0.47,-3.3476,2.975,1227182,16854097.53,1265063250.0,559762500.0
2010-10-28,'000605,ST 四 环,14.04,14.09,13.66,14.0,14.0,0.04,0.2857,5.6997,2351123,32605319.42,1308879000.0,579150000.0
2010-10-27,'000605,ST 四 环,14.0,14.53,13.78,14.03,13.95,0.05,0.3584,6.2608,2582582,36537045.11,1305150000.0,577500000.0
2010-10-26,'000605,ST 四 环,13.95,13.99,13.45,13.59,13.61,0.34,2.4982,4.8316,1993038,27448744.44,1300488750.0,575437500.0
2010-10-25,'000605,ST 四 环,13.61,13.61,12.82,12.98,12.96,0.65,5.0154,5.9215,2442601,32814374.97,1268792250.0,561412500.0
2010-10-22,'000605,ST 四 环,12.96,12.96,12.4,12.5,12.58,0.38,3.0207,2.1915,903978,11438855.35,1208196000.0,534600000.0
2010-10-21,'000605,ST 四 环,12.58,12.76,12.43,12.56,12.7,-0.12,-0.9449,1.7414,718338,9028690.09,1172770500.0,518925000.0
2010-10-20,'000605,ST 四 环,12.7,12.8,11.92,12.1,12.39,0.31,2.502,2.7739,1144250,14323561.17,1183957500.0,523875000.0
2010-10-19,'000605,ST 四 环,12.39,12.39,11.88,11.88,11.95,0.44,3.682,1.7936,739867,8963511.6,1155057750.0,511087500.0
2010-10-18,'000605,ST 四 环,11.95,12.1,11.67,12.1,12.08,-0.13,-1.0762,1.4955,616889,7316018.81,1114038750.0,492937500.0
2010-10-15,'000605,ST 四 环,12.08,12.4,11.93,12.15,12.23,-0.15,-1.2265,2.2436,925502,11253215.3,1126158000.0,498300000.0
2010-10-14,'000605,ST 四 环,12.23,12.9,12.22,12.8,12.77,-0.54,-4.2287,2.5918,1069116,13331185.26,1140141750.0,504487500.0
2010-10-13,'000605,ST 四 环,12.77,12.96,12.51,12.75,12.71,0.06,0.4721,2.8152,1161254,14794419.19,1190483250.0,526762500.0
2010-10-12,'000605,ST 四 环,12.71,12.86,12.45,12.6,12.42,0.29,2.3349,3.5375,1459214,18592455.02,1184889750.0,524287500.0
2010-10-11,'000605,ST 四 环,12.42,12.58,12.17,12.49,12.49,-0.07,-0.5604,3.7207,1534773,19062021.02,1157854500.0,512325000.0
2010-10-08,'000605,ST 四 环,12.49,12.6,12.26,12.35,12.3,0.19,1.5447,2.6628,1098400,13700541.51,1164380250.0,515212500.0
2010-09-30,'000605,ST 四 环,12.3,12.32,12.0,12.29,12.14,0.16,1.318,1.5173,625870,7635008.34,1146667500.0,507375000.0
2010-09-29,'000605,ST 四 环,12.14,12.5,12.08,12.24,12.18,-0.04,-0.3284,2.0998,866178,10645503.84,1131751500.0,500775000.0
2010-09-28,'000605,ST 四 环,12.18,12.3,11.86,11.86,11.95,0.23,1.9247,1.8703,771490,9356839.17,1135480500.0,502425000.0
2010-09-27,'000605,ST 四 环,11.95,12.02,11.68,11.68,11.7,0.25,2.1368,1.3538,558452,6637238.7,1114038750.0,492937500.0
2010-09-21,'000605,ST 四 环,11.7,11.8,11.57,11.65,11.66,0.04,0.3431,0.8302,342450,3997448.37,1090732500.0,482625000.0
2010-09-20,'000605,ST 四 环,11.66,12.19,11.55,12.11,12.14,-0.48,-3.9539,1.6332,673695,7975537.06,1087003500.0,480975000.0
2010-09-17,'000605,ST 四 环,12.14,12.4,11.97,12.3,12.33,-0.19,-1.541,2.2226,916836,11132608.86,1131751500.0,500775000.0
2010-09-16,'000605,ST 四 环,12.33,12.68,12.01,12.6,12.64,-0.31,-2.4525,3.0834,1271888,15528566.85,1149464250.0,508612500.0
2010-09-15,'000605,ST 四 环,12.64,12.85,12.3,12.49,12.46,0.18,1.4446,3.4153,1408803,17735789.22,1178364000.0,521400000.0
2010-09-14,'000605,ST 四 环,12.46,12.64,12.26,12.37,12.49,-0.03,-0.2402,2.166,893458,11105151.56,1161583500.0,513975000.0
2010-09-13,'000605,ST 四 环,12.49,12.75,12.16,12.16,12.16,0.33,2.7138,4.3096,1777714,22102741.84,1164380250.0,515212500.0
2010-09-10,'000605,ST 四 环,12.16,12.29,11.7,11.72,11.7,0.46,3.9316,3.7218,1535261,18460118.6,1133616000.0,501600000.0
2010-09-09,'000605,ST 四 环,11.7,12.17,11.7,11.96,11.94,-0.24,-2.0101,2.1409,883130,10549700.46,1090732500.0,482625000.0
2010-09-08,'000605,ST 四 环,11.94,12.0,11.85,11.92,11.98,-0.04,-0.3339,1.528,630295,7523174.58,1113106500.0,492525000.0
2010-09-07,'000605,ST 四 环,11.98,12.03,11.75,11.8,11.8,0.18,1.5254,1.9165,790571,9394284.89,1116835500.0,494175000.0
2010-09-06,'000605,ST 四 环,11.8,11.93,11.62,11.66,11.62,0.18,1.5491,2.7854,1148976,13509590.07,1100055000.0,486750000.0
2010-09-03,'000605,ST 四 环,11.62,11.65,11.49,11.62,11.61,0.01,0.0861,1.6306,672615,7785848.35,1083274500.0,479325000.0
2010-09-02,'000605,ST 四 环,11.61,11.69,11.45,11.5,11.46,0.15,1.3089,2.1596,890829,10338114.66,1082342250.0,478912500.0
2010-09-01,'000605,ST 四 环,11.46,11.9,11.33,11.9,11.9,-0.44,-3.6975,2.8594,1179486,13786285.05,1068358500.0,472725000.0
2010-08-31,'000605,ST 四 环,11.9,12.27,11.88,11.98,11.99,-0.09,-0.7506,3.0896,1274448,15300951.42,1109377500.0,490875000.0
2010-08-30,'000605,ST 四 环,11.99,12.07,11.88,11.88,11.81,0.18,1.5241,1.5093,622588,7460009.65,1117767750.0,494587500.0
2010-08-27,'000605,ST 四 环,11.81,11.94,11.71,11.77,11.84,-0.03,-0.2534,1.0472,431990,5104272.8,1100987250.0,487162500.0
2010-08-26,'000605,ST 四 环,11.84,12.29,11.77,12.0,11.99,-0.15,-1.251,1.9716,813293,9747502.32,1103784000.0,488400000.0
2010-08-25,'000605,ST 四 环,11.99,12.43,11.82,11.82,11.93,0.06,0.5029,2.95,1216870,14718361.41,1117767750.0,494587500.0
2010-08-24,'000605,ST 四 环,11.93,12.09,11.71,11.96,11.95,-0.02,-0.1674,3.2111,1324576,15769999.89,1112174250.0,492112500.0
2010-08-23,'000605,ST 四 环,11.95,11.95,11.18,11.25,11.38,0.57,5.0088,3.1328,1292275,15169567.28,1114038750.0,492937500.0
2010-08-20,'000605,ST 四 环,11.38,11.92,11.2,11.8,11.79,-0.41,-3.4775,2.8131,1160402,13425540.94,1060900500.0,469425000.0
2010-08-19,'000605,ST 四 环,11.79,11.79,11.2,11.26,11.23,0.56,4.9866,3.2316,1333015,15513060.62,1099122750.0,486337500.0
2010-08-18,'000605,ST 四 环,11.23,11.28,11.1,11.22,11.27,-0.04,-0.3549,1.3578,560095,6255511.05,1046916750.0,463237500.0
2010-08-17,'000605,ST 四 环,11.27,11.52,11.1,11.26,11.26,0.01,0.0888,2.3819,982539,11020203.7,1050645750.0,464887500.0
2010-08-16,'000605,ST 四 环,11.26,11.3,10.87,10.87,10.93,0.33,3.0192,1.7572,724840,8110119.2,1049713500.0,464475000.0
2010-08-13,'000605,ST 四 环,10.93,10.97,10.62,10.75,10.73,0.2,1.8639,0.8635,356180,3858986.53,1018949250.0,450862500.0
2010-08-12,'000605,ST 四 环,10.73,10.94,10.5,10.76,10.93,-0.2,-1.8298,1.2886,531548,5729988.51,1000304250.0,442612500.0
2010-08-11,'000605,ST 四 环,10.93,10.99,10.77,10.85,10.9,0.03,0.2752,0.8999,371200,4043414.5,1018949250.0,450862500.0
2010-08-10,'000605,ST 四 环,10.9,11.33,10.9,11.25,11.35,-0.45,-3.9648,1.4803,610633,6780384.85,1016152500.0,449625000.0
2010-08-09,'000605,ST 四 环,11.35,11.35,11.15,11.3,11.28,0.07,0.6206,1.2522,516528,5803409.55,1058103750.0,468187500.0
2010-08-06,'000605,ST 四 环,11.28,11.39,10.91,10.92,10.97,0.31,2.8259,2.055,847691,9447457.66,1051578000.0,465300000.0
2010-08-05,'000605,ST 四 环,10.97,11.09,10.88,11.0,11.0,-0.03,-0.2727,1.0357,427206,4684045.41,1022678250.0,452512500.0
2010-08-04,'000605,ST 四 环,11.0,11.0,10.7,10.81,10.8,0.2,1.8519,1.1684,481973,5216361.11,1025475000.0,453750000.0
2010-08-03,'000605,ST 四 环,10.8,11.48,10.8,11.16,11.15,-0.35,-3.139,1.7081,704593,7884353.24,1006830000.0,445500000.0
2010-08-02,'000605,ST 四 环,11.15,11.15,10.79,10.79,10.88,0.27,2.4816,1.3181,543697,5980290.63,1039458750.0,459937500.0
2010-07-30,'000605,ST 四 环,10.88,10.9,10.75,10.88,10.84,0.04,0.369,1.1205,462201,4995527.64,1014288000.0,448800000.0
2010-07-29,'000605,ST 四 环,10.84,10.9,10.68,10.68,10.8,0.04,0.3704,1.5092,622539,6725019.99,1010559000.0,447150000.0
2010-07-28,'000605,ST 四 环,10.8,10.8,10.51,10.56,10.56,0.24,2.2727,1.8413,759525,8099645.57,1006830000.0,445500000.0
2010-07-27,'000605,ST 四 环,10.56,10.68,10.43,10.62,10.63,-0.07,-0.6585,1.1486,473783,4996796.52,984456000.0,435600000.0
2010-07-26,'000605,ST 四 环,10.63,10.72,10.55,10.61,10.48,0.15,1.4313,1.3352,550759,5851558.91,990981750.0,438487500.0
2010-07-23,'000605,ST 四 环,10.48,10.58,10.37,10.49,10.49,-0.01,-0.0953,1.0631,438549,4594834.05,976998000.0,432300000.0
2010-07-22,'000605,ST 四 环,10.49,10.6,10.25,10.31,10.31,0.18,1.7459,1.7672,728985,7575971.42,977930250.0,432712500.0
2010-07-21,'000605,ST 四 环,10.31,10.47,10.25,10.26,10.35,-0.04,-0.3865,1.343,553986,5738686.36,961149750.0,425287500.0
2010-07-20,'000605,ST 四 环,10.35,10.4,10.12,10.25,10.16,0.19,1.8701,1.0833,446848,4596932.64,964878750.0,426937500.0
2010-07-19,'000605,ST 四 环,10.16,10.17,9.72,9.72,9.9,0.26,2.6263,0.5897,243268,2444724.98,947166000.0,419100000.0
2010-07-16,'000605,ST 四 环,9.9,9.9,9.61,9.82,9.91,-0.01,-0.1009,0.4887,201608,1969737.96,922927500.0,408375000.0
2010-07-15,'000605,ST 四 环,9.91,10.11,9.91,10.0,10.04,-0.13,-1.2948,0.585,241300,2417173.0,923859750.0,408787500.0
2010-07-14,'000605,ST 四 环,10.04,10.11,9.92,9.92,9.91,0.13,1.3118,0.7174,295910,2970370.68,935979000.0,414150000.0
2010-07-13,'000605,ST 四 环,9.91,10.16,9.85,10.11,10.22,-0.31,-3.0333,1.0563,435744,4356009.88,923859750.0,408787500.0
2010-07-12,'000605,ST 四 环,10.22,10.25,10.03,10.05,10.16,0.06,0.5906,0.7879,324994,3308063.47,952759500.0,421575000.0
2010-07-09,'000605,ST 四 环,10.16,10.29,9.89,9.96,9.96,0.2,2.008,1.1768,485450,4900124.7,947166000.0,419100000.0
2010-07-08,'000605,ST 四 环,9.96,10.02,9.84,9.91,9.89,0.07,0.7078,0.9722,401042,3974182.32,928521000.0,410850000.0
2010-07-07,'000605,ST 四 环,9.89,10.11,9.85,10.1,9.95,-0.06,-0.603,1.2403,511615,5093627.42,921995250.0,407962500.0
2010-07-06,'000605,ST 四 环,9.95,9.95,9.35,9.4,9.48,0.47,4.9578,1.5101,622920,6067926.11,927588750.0,410437500.0
2010-07-05,'000605,ST 四 环,9.48,9.53,9.28,9.41,9.5,-0.02,-0.2105,0.4613,190301,1792324.42,883773000.0,391050000.0
2010-07-02,'000605,ST 四 环,9.5,9.58,9.2,9.56,9.56,-0.06,-0.6276,1.1987,494461,4660079.34,885637500.0,391875000.0
2010-07-01,'000605,ST 四 环,9.56,9.88,9.5,9.82,9.84,-0.28,-2.8455,1.0858,447910,4328433.0,891231000.0,394350000.0
2010-06-30,'000605,ST 四 环,9.84,10.0,9.7,10.0,10.16,-0.32,-3.1496,0.9143,377147,3692524.23,917334000.0,405900000.0
2010-06-29,'000605,ST 四 环,10.16,10.85,10.16,10.5,10.69,-0.53,-4.9579,1.736,716109,7350413.33,947166000.0,419100000.0
2010-06-28,'000605,ST 四 环,10.69,11.2,10.69,11.12,11.25,-0.56,-4.9778,1.2913,532680,5821506.57,996575250.0,440962500.0
2010-06-25,'000605,ST 四 环,11.25,11.4,11.16,11.37,11.42,-0.17,-1.4886,1.0323,425821,4795044.54,1048781250.0,464062500.0
2010-06-24,'000605,ST 四 环,11.42,11.47,11.15,11.3,11.33,0.09,0.7944,2.1819,900041,10161919.52,1064629500.0,471075000.0
2010-06-23,'000605,ST 四 环,11.33,11.48,11.12,11.31,11.36,-0.03,-0.2641,1.4066,580218,6550452.78,1056239250.0,467362500.0
2010-06-22,'000605,ST 四 环,11.36,11.42,11.29,11.33,11.4,-0.04,-0.3509,0.702,289575,3291617.29,1059036000.0,468600000.0
2010-06-21,'000605,ST 四 环,11.4,11.51,11.0,11.16,11.28,0.12,1.0638,1.5311,631570,7154291.38,1062765000.0,470250000.0
2010-06-18,'000605,ST 四 环,11.28,11.8,11.16,11.78,11.75,-0.47,-4.0,2.0513,846180,9780579.67,1051578000.0,465300000.0
2010-06-17,'000605,ST 四 环,11.75,11.93,11.62,11.69,11.62,0.13,1.1188,1.9581,807721,9499399.3,1095393750.0,484687500.0
2010-06-11,'000605,ST 四 环,11.62,11.99,11.61,11.88,11.8,-0.18,-1.5254,2.3031,950008,11212258.51,1083274500.0,479325000.0
2010-06-10,'000605,ST 四 环,11.8,11.8,11.48,11.67,11.6,0.2,1.7241,2.4892,1026802,11956113.71,1100055000.0,486750000.0
2010-06-09,'000605,ST 四 环,11.6,11.64,11.23,11.3,11.28,0.32,2.8369,3.1228,1288167,14778192.92,1081410000.0,478500000.0
2010-06-08,'000605,ST 四 环,11.28,11.42,11.18,11.35,11.35,-0.07,-0.6167,1.7668,728799,8248330.61,1051578000.0,465300000.0
2010-06-07,'000605,ST 四 环,11.35,11.57,11.2,11.39,11.58,-0.23,-1.9862,1.9284,795451,9063072.34,1058103750.0,468187500.0
2010-06-04,'000605,ST 四 环,11.58,11.59,11.25,11.36,11.42,0.16,1.4011,2.4135,995561,11391842.14,1079545500.0,477675000.0
2010-06-03,'000605,ST 四 环,11.42,11.65,11.29,11.43,11.42,0.0,0.0,2.8944,1193934,13721425.01,1064629500.0,471075000.0
2010-06-02,'000605,ST 四 环,11.42,11.45,10.8,10.9,11.09,0.33,2.9757,3.6132,1490454,16685696.56,1064629500.0,471075000.0
2010-06-01,'000605,ST 四 环,11.09,11.34,10.9,11.03,11.28,-0.19,-1.6844,2.9948,1235364,13719269.89,1033865250.0,457462500.0
2010-05-31,'000605,ST 四 环,11.28,11.46,11.1,11.27,11.39,-0.11,-0.9658,1.7945,740226,8358024.62,1051578000.0,465300000.0
2010-05-28,'000605,ST 四 环,11.39,11.56,11.25,11.28,11.39,0.0,0.0,2.2174,914687,10446339.43,1061832750.0,469837500.0
2010-05-27,'000605,ST 四 环,11.39,11.47,10.85,11.09,11.0,0.39,3.5455,2.0238,834836,9284215.2,1061832750.0,469837500.0
2010-05-26,'000605,ST 四 环,11.0,11.28,10.85,11.26,11.32,-0.32,-2.8269,2.0686,853316,9436889.79,1025475000.0,453750000.0
2010-05-25,'000605,ST 四 环,11.32,11.48,10.81,11.08,11.15,0.17,1.5247,3.2672,1347725,14996388.18,1055307000.0,466950000.0
2010-05-24,'000605,ST 四 环,11.15,11.17,10.38,10.6,10.64,0.51,4.7932,2.8165,1161808,12651680.88,1039458750.0,459937500.0
2010-05-21,'000605,ST 四 环,10.64,10.64,9.8,9.86,10.24,0.4,3.9063,2.1368,881431,9008945.83,991914000.0,438900000.0
2010-05-20,'000605,ST 四 环,10.24,10.56,10.21,10.28,10.38,-0.14,-1.3487,1.7557,724236,7548816.16,954624000.0,422400000.0
2010-05-19,'000605,ST 四 环,10.38,10.55,10.22,10.28,10.48,-0.1,-0.9542,1.6021,660878,6862551.88,967675500.0,428175000.0
2010-05-18,'000605,ST 四 环,10.48,10.58,10.1,10.58,10.62,-0.14,-1.3183,1.8519,763903,7854170.18,976998000.0,432300000.0
2010-05-17,'000605,ST 四 环,10.62,11.12,10.62,11.1,11.18,-0.56,-5.0089,2.1125,871409,9417177.78,990049500.0,438075000.0
2010-05-14,'000605,ST 四 环,11.18,11.28,11.06,11.15,11.18,0.0,0.0,1.2185,502635,5618233.29,1042255500.0,461175000.0
2010-05-13,'000605,ST 四 环,11.18,11.18,10.85,10.95,10.97,0.21,1.9143,1.1794,486495,5371566.9,1042255500.0,461175000.0
2010-05-12,'000605,ST 四 环,10.97,11.23,10.7,10.73,10.91,0.06,0.55,1.3214,545097,5934863.57,1022678250.0,452512500.0
2010-05-11,'000605,ST 四 环,10.91,11.48,10.82,11.48,11.18,-0.27,-2.415,1.713,706613,7863997.46,1017084750.0,450037500.0
2010-05-10,'000605,ST 四 环,11.18,11.41,10.82,11.18,11.33,-0.15,-1.3239,1.968,811790,9035285.96,1042255500.0,461175000.0
2010-05-07,'000605,ST 四 环,11.33,11.84,11.33,11.75,11.93,-0.6,-5.0293,2.5468,1050558,12073486.36,1056239250.0,467362500.0
2010-05-06,'000605,ST 四 环,11.93,12.58,11.87,12.38,12.49,-0.56,-4.4836,2.0125,830166,10218243.65,1112174250.0,492112500.0
2010-05-05,'000605,ST 四 环,12.49,12.5,12.02,12.09,12.23,0.26,2.1259,1.3994,577267,7101863.2,1164380250.0,515212500.0
2010-05-04,'000605,ST 四 环,12.23,12.45,12.0,12.01,12.25,-0.02,-0.1633,1.8085,746002,9172052.22,1140141750.0,504487500.0
2010-04-30,'000605,ST 四 环,12.25,12.81,12.25,12.61,12.89,-0.64,-4.9651,2.9141,1202064,14855443.3,1142006250.0,505312500.0
2010-04-29,'000605,ST 四 环,12.89,13.46,12.89,13.23,13.23,-0.34,-2.5699,1.9742,814359,10763635.92,1201670250.0,531712500.0
2010-04-28,'000605,ST 四 环,0.0,0.0,0.0,0.0,13.23,None,None,0.0,0,0.0,1233366750.0,545737500.0
2010-04-27,'000605,ST 四 环,13.23,13.88,13.19,13.88,13.88,-0.65,-4.683,3.052,1258938,16771593.34,1233366750.0,545737500.0
2010-04-26,'000605,ST 四 环,13.88,14.41,13.79,14.31,14.34,-0.46,-3.2078,3.9217,1617716,22647164.24,1293963000.0,572550000.0
2010-04-23,'000605,ST 四 环,14.34,14.99,14.21,14.7,14.78,-0.44,-2.977,4.4097,1819020,26373784.28,1336846500.0,591525000.0
2010-04-22,'000605,ST 四 环,14.78,15.18,14.65,14.65,14.78,0.0,0.0,4.0759,1681310,25078724.69,1377865500.0,609675000.0
2010-04-21,'000605,ST 四 环,14.78,14.93,14.53,14.75,14.74,0.04,0.2714,4.1909,1728747,25464067.92,1377865500.0,609675000.0
2010-04-20,'000605,ST 四 环,14.74,14.75,14.0,14.45,14.38,0.36,2.5035,4.0177,1657305,23739847.42,1374136500.0,608025000.0
2010-04-19,'000605,ST 四 环,14.38,15.2,14.3,14.38,14.64,-0.26,-1.776,4.9123,2026303,29984513.74,1340575500.0,593175000.0
2010-04-16,'000605,ST 四 环,14.64,15.12,14.62,15.03,14.91,-0.27,-1.8109,4.1582,1715258,25403241.55,1364814000.0,603900000.0
2010-04-15,'000605,ST 四 环,14.91,14.91,14.03,14.28,14.2,0.71,5.0,6.9614,2871596,42171371.06,1389984750.0,615037500.0
2010-04-14,'000605,ST 四 环,14.2,14.33,13.81,13.96,13.97,0.23,1.6464,2.7177,1121068,15825445.79,1323795000.0,585750000.0
2010-04-13,'000605,ST 四 环,13.97,14.6,13.77,14.51,14.49,-0.52,-3.5887,5.7382,2366992,33248379.8,1302353250.0,576262500.0
2010-04-12,'000605,ST 四 环,14.49,14.88,14.3,14.76,14.4,0.09,0.625,6.2448,2575994,37587772.0,1350830250.0,597712500.0
2010-04-09,'000605,ST 四 环,14.4,14.4,13.71,13.71,13.71,0.69,5.0328,5.2733,2175243,31062467.81,1342440000.0,594000000.0
2010-04-08,'000605,ST 四 环,13.71,14.0,13.65,14.0,14.02,-0.31,-2.2111,2.6677,1100436,15192919.16,1278114750.0,565537500.0
2010-04-07,'000605,ST 四 环,14.02,14.27,13.9,14.08,14.01,0.01,0.0714,2.5845,1066091,15023624.81,1307014500.0,578325000.0
2010-04-06,'000605,ST 四 环,14.01,14.15,13.81,14.14,14.03,-0.02,-0.1426,2.3582,972744,13554534.81,1306082250.0,577912500.0
2010-04-02,'000605,ST 四 环,14.03,14.12,13.65,13.68,13.68,0.35,2.5585,3.3352,1375756,19092496.13,1307946750.0,578737500.0
2010-04-01,'000605,ST 四 环,13.68,13.8,13.46,13.47,13.46,0.22,1.6345,2.4774,1021945,13928796.88,1275318000.0,564300000.0
2010-03-31,'000605,ST 四 环,13.46,13.66,13.41,13.6,13.61,-0.15,-1.1021,1.9874,819812,11107976.86,1254808500.0,555225000.0
2010-03-30,'000605,ST 四 环,13.61,13.79,13.56,13.67,13.55,0.06,0.4428,1.7054,703457,9610821.89,1268792250.0,561412500.0
2010-03-29,'000605,ST 四 环,13.55,13.71,13.48,13.6,13.59,-0.04,-0.2943,2.2402,924080,12542900.37,1263198750.0,558937500.0
2010-03-26,'000605,ST 四 环,13.59,13.81,13.42,13.43,13.55,0.04,0.2952,2.7446,1132167,15390264.86,1266927750.0,560587500.0
2010-03-25,'000605,ST 四 环,13.55,13.75,13.42,13.67,13.63,-0.08,-0.5869,3.4776,1434525,19442828.56,1263198750.0,558937500.0
2010-03-24,'000605,ST 四 环,13.63,14.15,13.58,13.89,13.88,-0.25,-1.8012,4.7504,1959557,26998106.61,1270656750.0,562237500.0
2010-03-23,'000605,ST 四 环,13.88,14.54,13.81,14.0,13.92,-0.04,-0.2874,7.479,3085087,43584774.97,1293963000.0,572550000.0
2010-03-22,'000605,ST 四 环,13.92,13.92,13.2,13.26,13.26,0.66,4.9774,4.4481,1834822,25252146.24,1297692000.0,574200000.0
2010-03-19,'000605,ST 四 环,13.26,13.33,13.14,13.14,13.14,0.12,0.9132,1.9053,785928,10399264.2,1236163500.0,546975000.0
2010-03-18,'000605,ST 四 环,13.14,13.26,12.97,12.97,13.09,0.05,0.382,1.9693,812319,10670296.19,1224976500.0,542025000.0
2010-03-17,'000605,ST 四 环,13.09,13.15,12.9,12.96,12.89,0.2,1.5516,1.5902,655958,8555726.38,1220315250.0,539962500.0
2010-03-16,'000605,ST 四 环,12.89,12.95,12.62,12.7,12.64,0.25,1.9778,1.2378,510600,6525199.7,1201670250.0,531712500.0
2010-03-15,'000605,ST 四 环,12.64,12.95,12.5,12.83,12.83,-0.19,-1.4809,1.3897,573270,7266644.22,1178364000.0,521400000.0
2010-03-12,'000605,ST 四 环,12.83,13.08,12.82,13.0,13.06,-0.23,-1.7611,1.2814,528591,6836445.22,1196076750.0,529237500.0
2010-03-11,'000605,ST 四 环,13.06,13.09,12.8,12.98,12.86,0.2,1.5552,1.4439,595629,7713203.57,1217518500.0,538725000.0
2010-03-10,'000605,ST 四 环,12.86,13.01,12.82,12.96,12.99,-0.13,-1.0008,1.154,476031,6136243.35,1198873500.0,530475000.0
2010-03-09,'000605,ST 四 环,12.99,13.02,12.8,12.95,12.98,0.01,0.077,1.545,637318,8231257.47,1210992750.0,535837500.0
2010-03-08,'000605,ST 四 环,12.98,13.12,12.82,12.87,12.88,0.1,0.7764,1.2341,509075,6598456.33,1210060500.0,535425000.0
2010-03-05,'000605,ST 四 环,12.88,13.01,12.78,12.82,12.83,0.05,0.3897,1.234,509012,6546178.41,1200738000.0,531300000.0
2010-03-04,'000605,ST 四 环,12.83,13.25,12.82,13.22,13.22,-0.39,-2.9501,1.9951,822975,10701621.23,1196076750.0,529237500.0
2010-03-03,'000605,ST 四 环,13.22,13.27,13.07,13.1,13.15,0.07,0.5323,1.3515,557489,7340111.38,1232434500.0,545325000.0
2010-03-02,'000605,ST 四 环,13.15,13.44,13.11,13.44,13.35,-0.2,-1.4981,1.6599,684718,9054607.28,1225908750.0,542437500.0
2010-03-01,'000605,ST 四 环,13.35,13.45,13.1,13.2,13.23,0.12,0.907,2.0042,826734,11002638.28,1244553750.0,550687500.0
2010-02-26,'000605,ST 四 环,13.23,13.25,13.06,13.15,13.26,-0.03,-0.2262,1.5378,634351,8327170.76,1233366750.0,545737500.0
2010-02-25,'000605,ST 四 环,13.26,13.35,13.0,13.01,13.07,0.19,1.4537,2.357,972273,12835376.96,1236163500.0,546975000.0
2010-02-24,'000605,ST 四 环,13.07,13.18,12.68,12.88,12.83,0.24,1.8706,1.7015,701859,9137359.38,1218450750.0,539137500.0
2010-02-23,'000605,ST 四 环,12.83,12.89,12.44,12.79,12.75,0.08,0.6275,1.3507,557154,7038726.22,1196076750.0,529237500.0
2010-02-22,'000605,ST 四 环,12.75,12.86,12.65,12.68,12.68,0.07,0.5521,1.1843,488520,6234399.64,1188618750.0,525937500.0
2010-02-12,'000605,ST 四 环,12.68,12.71,12.55,12.55,12.61,0.07,0.5551,0.8861,365531,4616632.39,1182093000.0,523050000.0
2010-02-11,'000605,ST 四 环,12.61,12.71,12.53,12.6,12.58,0.03,0.2385,1.1062,456313,5768430.9,1175567250.0,520162500.0
2010-02-10,'000605,ST 四 环,12.58,12.65,12.45,12.51,12.45,0.13,1.0442,0.5899,243321,3051179.38,1172770500.0,518925000.0
2010-02-09,'000605,ST 四 环,12.45,12.61,12.38,12.57,12.58,-0.13,-1.0334,0.7046,290629,3618077.24,1160651250.0,513562500.0
2010-02-08,'000605,ST 四 环,12.58,12.75,12.5,12.5,12.54,0.04,0.319,1.0043,414288,5221319.26,1172770500.0,518925000.0
2010-02-05,'000605,ST 四 环,12.54,12.92,12.11,12.27,12.47,0.07,0.5613,1.4098,581554,7297574.15,1169041500.0,517275000.0
2010-02-04,'000605,ST 四 环,12.47,12.59,12.3,12.4,12.46,0.01,0.0803,1.266,522234,6527185.29,1162515750.0,514387500.0
2010-02-03,'000605,ST 四 环,12.46,12.47,12.08,12.26,12.33,0.13,1.0543,1.2994,536014,6593131.54,1161583500.0,513975000.0
2010-02-02,'000605,ST 四 环,12.33,12.59,12.28,12.45,12.48,-0.15,-1.2019,1.0625,438270,5444751.09,1149464250.0,508612500.0
2010-02-01,'000605,ST 四 环,12.48,12.6,12.16,12.49,12.5,-0.02,-0.16,1.122,462839,5723353.09,1163448000.0,514800000.0
2010-01-29,'000605,ST 四 环,12.5,12.6,12.23,12.47,12.49,0.01,0.0801,0.9452,389899,4860167.78,1165312500.0,515625000.0
2010-01-28,'000605,ST 四 环,12.49,12.54,12.21,12.25,12.4,0.09,0.7258,0.8947,369082,4582888.57,1164380250.0,515212500.0
2010-01-27,'000605,ST 四 环,12.4,12.8,12.21,12.5,12.34,0.06,0.4862,1.4542,599847,7436429.82,1155990000.0,511500000.0
2010-01-26,'000605,ST 四 环,12.34,12.73,12.3,12.51,12.47,-0.13,-1.0425,1.9268,794814,9921208.84,1150396500.0,509025000.0
2010-01-25,'000605,ST 四 环,12.47,12.89,12.34,12.89,12.99,-0.52,-4.0031,3.2888,1356642,17129091.77,1162515750.0,514387500.0
2010-01-22,'000605,ST 四 环,12.99,13.26,12.69,13.26,13.32,-0.33,-2.4775,2.0737,855407,11020796.86,1210992750.0,535837500.0
2010-01-21,'000605,ST 四 环,13.32,13.37,12.88,13.05,13.27,0.05,0.3768,2.5376,1046755,13753489.82,1241757000.0,549450000.0
2010-01-20,'000605,ST 四 环,13.27,14.15,13.27,14.15,13.97,-0.7,-5.0107,4.4361,1829879,24616515.41,1237095750.0,547387500.0
2010-01-19,'000605,ST 四 环,0.0,0.0,0.0,0.0,13.97,None,None,0.0,0,0.0,1302353250.0,576262500.0
2010-01-18,'000605,ST 四 环,13.97,14.26,13.68,13.97,13.86,0.11,0.7937,3.3728,1391262,19451264.93,1302353250.0,576262500.0
2010-01-15,'000605,ST 四 环,13.86,13.99,13.5,13.5,13.42,0.44,3.2787,3.8242,1577465,21849387.05,1292098500.0,571725000.0
2010-01-14,'000605,ST 四 环,13.42,13.5,13.22,13.3,13.25,0.17,1.283,1.9977,824045,11045502.09,1251079500.0,553575000.0
2010-01-13,'000605,ST 四 环,13.25,13.48,13.0,13.44,13.67,-0.42,-3.0724,2.7325,1127151,14954094.67,1235231250.0,546562500.0
2010-01-12,'000605,ST 四 环,13.67,13.82,13.21,13.38,13.35,0.32,2.397,3.3438,1379313,18706792.57,1274385750.0,563887500.0
2010-01-11,'000605,ST 四 环,13.35,13.6,13.15,13.23,13.25,0.1,0.7547,2.7538,1135961,15113559.89,1244553750.0,550687500.0
2010-01-08,'000605,ST 四 环,13.25,13.28,12.81,13.18,13.04,0.21,1.6104,1.3896,573193,7449511.53,1235231250.0,546562500.0
2010-01-07,'000605,ST 四 环,13.04,13.4,12.92,13.23,13.31,-0.27,-2.0285,2.0327,838500,10958632.12,1215654000.0,537900000.0
2010-01-06,'000605,ST 四 环,13.31,13.52,12.85,12.96,12.99,0.32,2.4634,3.0444,1255804,16554503.51,1240824750.0,549037500.0
2010-01-05,'000605,ST 四 环,12.99,13.08,12.8,12.88,12.89,0.1,0.7758,1.7196,709320,9172719.85,1210992750.0,535837500.0
2010-01-04,'000605,ST 四 环,12.89,13.18,12.85,13.04,13.09,-0.2,-1.5279,1.7523,722836,9357378.76,1201670250.0,531712500.0
2009-12-31,'000605,ST 四 环,13.09,13.14,12.89,12.93,12.89,0.2,1.5516,1.3824,570251,7425804.26,1220315250.0,539962500.0
2009-12-30,'000605,ST 四 环,12.89,13.13,12.82,13.1,13.15,-0.26,-1.9772,1.7039,702865,9094798.04,1201670250.0,531712500.0
2009-12-29,'000605,ST 四 环,13.15,13.18,12.95,13.17,13.06,0.09,0.6891,1.7983,741799,9696521.74,1225908750.0,542437500.0
2009-12-28,'000605,ST 四 环,13.06,13.2,12.92,13.06,12.99,0.07,0.5389,1.7539,723468,9443385.87,1217518500.0,538725000.0
2009-12-25,'000605,ST 四 环,12.99,12.99,12.71,12.9,12.91,0.08,0.6197,1.2635,521200,6687541.5,1210992750.0,535837500.0
2009-12-24,'000605,ST 四 环,12.91,12.99,12.67,12.9,12.77,0.14,1.0963,1.6859,695438,8941705.25,1203534750.0,532537500.0
2009-12-23,'000605,ST 四 环,12.77,12.77,11.91,12.0,12.16,0.61,5.0164,3.4098,1406545,17641287.46,1190483250.0,526762500.0
2009-12-22,'000605,ST 四 环,12.16,12.2,11.62,12.05,12.05,0.11,0.9129,1.5295,630900,7540987.4,1133616000.0,501600000.0
2009-12-21,'000605,ST 四 环,12.05,12.19,11.83,12.19,11.89,0.16,1.3457,0.9565,394551,4727766.14,1123361250.0,497062500.0
2009-12-18,'000605,ST 四 环,11.89,12.37,11.85,12.37,12.47,-0.58,-4.6512,1.3942,575100,6957244.19,1108445250.0,490462500.0
2009-12-17,'000605,ST 四 环,12.47,13.09,12.45,13.09,13.0,-0.53,-4.0769,2.2318,920601,11633955.48,1162515750.0,514387500.0
2009-12-16,'000605,ST 四 环,13.0,13.22,12.91,12.92,13.11,-0.11,-0.8391,1.4509,598498,7821831.03,1211925000.0,536250000.0
2009-12-15,'000605,ST 四 环,13.11,13.25,12.86,12.86,12.97,0.14,1.0794,1.8019,743265,9727251.94,1222179750.0,540787500.0
2009-12-14,'000605,ST 四 环,12.97,13.34,12.69,13.34,13.35,-0.38,-2.8464,2.467,1017636,13178243.57,1209128250.0,535012500.0
2009-12-11,'000605,ST 四 环,13.35,13.5,12.88,13.06,13.0,0.35,2.6923,2.8171,1162039,15409865.1,1244553750.0,550687500.0
2009-12-10,'000605,ST 四 环,13.0,13.01,12.68,12.89,12.7,0.3,2.3622,2.5215,1040128,13395886.51,1211925000.0,536250000.0
2009-12-09,'000605,ST 四 环,12.7,13.3,12.65,13.3,13.32,-0.62,-4.6547,3.4786,1434909,18566079.44,1183957500.0,523875000.0
2009-12-08,'000605,ST 四 环,0.0,0.0,0.0,0.0,13.32,None,None,0.0,0,0.0,1241757000.0,549450000.0
2009-12-07,'000605,ST 四 环,13.32,13.32,12.59,12.59,12.69,0.63,4.9645,2.83,1167386,15443746.65,1241757000.0,549450000.0
2009-12-04,'000605,ST 四 环,12.69,13.0,12.3,12.9,12.95,-0.26,-2.0077,3.6227,1494350,18819634.18,1183025250.0,523462500.0
2009-12-03,'000605,ST 四 环,12.95,13.08,12.51,12.6,12.6,0.35,2.7778,3.7247,1536433,19743421.59,1207263750.0,534187500.0
2009-12-02,'000605,ST 四 环,12.6,12.68,12.45,12.55,12.5,0.1,0.8,3.137,1294008,16239299.02,1174635000.0,519750000.0
2009-12-01,'000605,ST 四 环,12.5,12.66,12.14,12.2,12.2,0.3,2.459,2.5817,1064931,13202405.04,1165312500.0,515625000.0
2009-11-30,'000605,ST 四 环,12.2,12.23,11.85,11.85,11.78,0.42,3.5654,3.0353,1252052,15129488.72,1137345000.0,503250000.0
2009-11-27,'000605,ST 四 环,11.78,12.2,11.75,12.2,12.26,-0.48,-3.9152,3.718,1533675,18364674.21,1098190500.0,485925000.0
2009-11-26,'000605,ST 四 环,12.26,12.99,12.26,12.81,12.9,-0.64,-4.9612,4.8636,2006217,25036752.07,1142938500.0,505725000.0
2009-11-25,'000605,ST 四 环,12.9,12.96,12.26,12.7,12.91,-0.01,-0.0775,4.633,1911119,24104006.65,1202602500.0,532125000.0
2009-11-24,'000605,ST 四 环,12.91,13.75,12.91,13.58,13.59,-0.68,-5.0037,4.152,1712706,22842067.3,1203534750.0,532537500.0
2009-11-23,'000605,ST 四 环,13.59,13.77,13.42,13.42,13.41,0.18,1.3423,3.0,1237502,16768849.31,1266927750.0,560587500.0
2009-11-20,'000605,ST 四 环,13.41,13.56,13.26,13.51,13.5,-0.09,-0.6667,3.2047,1321942,17680986.39,1250147250.0,553162500.0
2009-11-19,'000605,ST 四 环,13.5,13.89,13.23,13.55,13.53,-0.03,-0.2217,4.6604,1922403,25862816.02,1258537500.0,556875000.0
2009-11-18,'000605,ST 四 环,13.53,13.53,12.89,12.89,12.89,0.64,4.9651,7.4932,3090949,41725285.08,1261334250.0,558112500.0
2009-11-17,'000605,ST 四 环,12.89,12.95,12.74,12.82,12.83,0.06,0.4677,2.1926,904433,11647008.73,1201670250.0,531712500.0
2009-11-16,'000605,ST 四 环,12.83,12.98,12.66,12.7,12.7,0.13,1.0236,2.7663,1141109,14623889.31,1196076750.0,529237500.0
2009-11-13,'000605,ST 四 环,12.7,12.75,12.45,12.49,12.55,0.15,1.1952,1.9066,786462,9912064.72,1183957500.0,523875000.0
2009-11-12,'000605,ST 四 环,12.55,12.75,12.55,12.65,12.65,-0.1,-0.7905,2.9343,1210388,15310836.86,1169973750.0,517687500.0
2009-11-11,'000605,ST 四 环,12.65,12.73,12.34,12.73,12.7,-0.05,-0.3937,2.6709,1101730,13827797.35,1179296250.0,521812500.0
2009-11-10,'000605,ST 四 环,12.7,12.99,12.68,12.81,12.82,-0.12,-0.936,2.7367,1128901,14451490.3,1183957500.0,523875000.0
2009-11-09,'000605,ST 四 环,12.82,12.96,12.66,12.78,12.82,0.0,0.0,3.0552,1260288,16092510.21,1195144500.0,528825000.0
2009-11-06,'000605,ST 四 环,12.82,13.11,12.6,12.66,12.65,0.17,1.3439,4.3581,1797701,23199860.94,1195144500.0,528825000.0
2009-11-05,'000605,ST 四 环,12.65,12.74,12.4,12.4,12.37,0.28,2.2635,3.5143,1449643,18310409.83,1179296250.0,521812500.0
2009-11-04,'000605,ST 四 环,12.37,12.55,12.26,12.5,12.41,-0.04,-0.3223,2.2464,926630,11496924.77,1153193250.0,510262500.0
2009-11-03,'000605,ST 四 环,12.41,12.71,12.26,12.31,12.29,0.12,0.9764,4.5035,1857687,23080856.18,1156922250.0,511912500.0
2009-11-02,'000605,ST 四 环,12.29,12.29,11.3,11.58,11.7,0.59,5.0427,5.2147,2151057,26089140.66,1145735250.0,506962500.0
2009-10-30,'000605,ST 四 环,11.7,12.17,11.7,12.17,11.59,0.11,0.9491,2.4179,997384,11878121.35,1090732500.0,482625000.0
2009-10-29,'000605,ST 四 环,11.59,11.79,11.56,11.56,11.8,-0.21,-1.7797,1.8821,776369,9049369.32,1080477750.0,478087500.0
2009-10-28,'000605,ST 四 环,11.8,11.8,11.54,11.7,11.61,0.19,1.6365,1.9369,798968,9319469.95,1100055000.0,486750000.0
2009-10-27,'000605,ST 四 环,11.61,12.0,11.61,11.9,12.03,-0.42,-3.4913,2.9586,1220408,14329678.6,1082342250.0,478912500.0
2009-10-26,'000605,ST 四 环,12.03,12.3,11.93,12.15,12.21,-0.18,-1.4742,2.9484,1216205,14686930.24,1121496750.0,496237500.0
2009-10-23,'000605,ST 四 环,12.21,12.34,11.76,11.81,11.84,0.37,3.125,5.7739,2381753,28737731.57,1138277250.0,503662500.0
2009-10-22,'000605,ST 四 环,11.84,11.9,11.6,11.9,11.9,-0.06,-0.5042,2.8532,1176949,13778576.33,1103784000.0,488400000.0
2009-10-21,'000605,ST 四 环,11.9,11.98,11.65,11.72,11.7,0.2,1.7094,4.9938,2059938,24369311.78,1109377500.0,490875000.0
2009-10-20,'000605,ST 四 环,11.7,11.79,11.6,11.6,11.59,0.11,0.9491,3.8591,1591899,18599073.59,1090732500.0,482625000.0
2009-10-19,'000605,ST 四 环,11.59,11.65,11.35,11.4,11.4,0.19,1.6667,3.2227,1329364,15356665.16,1080477750.0,478087500.0
2009-10-16,'000605,ST 四 环,11.4,11.52,11.25,11.45,11.39,0.01,0.0878,3.0376,1253010,14250971.77,1062765000.0,470250000.0
2009-10-15,'000605,ST 四 环,11.39,11.85,11.39,11.85,11.85,-0.46,-3.8819,5.0187,2070218,23995929.35,1061832750.0,469837500.0
2009-10-14,'000605,ST 四 环,11.85,12.0,11.8,11.95,11.9,-0.05,-0.4202,3.8751,1598470,18973370.84,1104716250.0,488812500.0
2009-10-13,'000605,ST 四 环,11.9,12.06,11.62,11.74,11.75,0.15,1.2766,7.7798,3209160,37951578.24,1109377500.0,490875000.0
2009-10-12,'000605,ST 四 环,11.75,11.95,11.53,11.75,11.74,0.01,0.0852,4.9365,2036307,23937684.49,1095393750.0,484687500.0
2009-10-09,'000605,ST 四 环,11.74,11.78,11.47,11.49,11.43,0.31,2.7122,3.2084,1323447,15424049.49,1094461500.0,484275000.0
2009-09-30,'000605,ST 四 环,11.43,11.58,11.25,11.4,11.31,0.12,1.061,2.3709,978013,11151980.04,1065561750.0,471487500.0
2009-09-29,'000605,ST 四 环,11.31,11.57,11.02,11.26,11.3,0.01,0.0885,3.4305,1415084,16073223.22,1054374750.0,466537500.0
2009-09-28,'000605,ST 四 环,11.3,11.55,11.06,11.3,11.38,-0.08,-0.703,2.0725,854898,9631253.73,1053442500.0,466125000.0
2009-09-25,'000605,ST 四 环,11.38,11.61,11.26,11.45,11.38,0.0,0.0,4.2957,1771975,20341553.9,1060900500.0,469425000.0
2009-09-24,'000605,ST 四 环,11.38,11.44,10.89,10.9,11.07,0.31,2.8004,4.1462,1710288,19287637.39,1060900500.0,469425000.0
2009-09-23,'000605,ST 四 环,11.07,11.2,10.78,10.98,10.98,0.09,0.8197,2.5453,1049920,11605871.37,1032000750.0,456637500.0
2009-09-22,'000605,ST 四 环,10.98,11.34,10.93,11.17,11.22,-0.24,-2.139,1.7046,703160,7825342.13,1023610500.0,452925000.0
2009-09-21,'000605,ST 四 环,11.22,11.25,10.83,11.25,11.26,-0.04,-0.3552,2.2595,932032,10259874.53,1045984500.0,462825000.0
2009-09-18,'000605,ST 四 环,11.26,11.87,11.13,11.75,11.5,-0.24,-2.087,5.2402,2161562,24936768.4,1049713500.0,464475000.0
2009-09-17,'000605,ST 四 环,11.5,11.5,10.92,10.98,10.95,0.55,5.0228,3.962,1634315,18419626.83,1072087500.0,474375000.0
2009-09-16,'000605,ST 四 环,10.95,11.27,10.75,11.11,11.11,-0.16,-1.4401,2.6186,1080192,11820166.46,1020813750.0,451687500.0
2009-09-15,'000605,ST 四 环,11.11,11.27,10.91,11.01,11.0,0.11,1.0,2.6641,1098937,12186960.64,1035729750.0,458287500.0
2009-09-14,'000605,ST 四 环,11.0,11.14,10.61,10.88,10.77,0.23,2.1356,3.2315,1332987,14594494.38,1025475000.0,453750000.0
2009-09-11,'000605,ST 四 环,10.77,10.87,10.42,10.58,10.54,0.23,2.1822,1.9995,824813,8842506.53,1004033250.0,444262500.0
2009-09-10,'000605,ST 四 环,10.54,10.98,10.52,10.98,10.87,-0.33,-3.0359,2.3104,953039,10184245.18,982591500.0,434775000.0
2009-09-09,'000605,ST 四 环,10.87,10.98,10.72,10.88,10.88,-0.01,-0.0919,1.6076,663136,7188203.2,1013355750.0,448387500.0
2009-09-08,'000605,ST 四 环,10.88,10.95,10.69,10.69,10.86,0.02,0.1842,1.9537,805890,8705058.84,1014288000.0,448800000.0
2009-09-07,'000605,ST 四 环,10.86,11.1,10.62,10.78,10.57,0.29,2.7436,3.0921,1275504,13932685.41,1012423500.0,447975000.0
2009-09-04,'000605,ST 四 环,10.57,10.69,10.31,10.49,10.49,0.08,0.7626,2.0942,863854,9096955.46,985388250.0,436012500.0
2009-09-03,'000605,ST 四 环,10.49,10.55,10.05,10.18,10.05,0.44,4.3781,2.7546,1136289,11722319.18,977930250.0,432712500.0
2009-09-02,'000605,ST 四 环,10.05,10.25,9.92,10.17,10.25,-0.2,-1.9512,1.7015,701867,7082305.71,936911250.0,414562500.0
2009-09-01,'000605,ST 四 环,10.25,10.32,10.06,10.2,10.59,-0.34,-3.2106,3.3066,1363954,13830910.22,955556250.0,422812500.0
2009-08-31,'000605,ST 四 环,10.59,11.15,10.59,11.15,11.15,-0.56,-5.0224,1.6426,677561,7220989.29,987252750.0,436837500.0
2009-08-28,'000605,ST 四 环,11.15,11.6,11.11,11.6,11.6,-0.45,-3.8793,1.8059,744950,8421321.01,1039458750.0,459937500.0
2009-08-27,'000605,ST 四 环,11.6,11.72,11.35,11.49,11.49,0.11,0.9574,3.515,1449947,16750878.04,1081410000.0,478500000.0
2009-08-26,'000605,ST 四 环,11.49,11.6,11.11,11.2,11.35,0.14,1.2335,2.9809,1229635,14005172.1,1071155250.0,473962500.0
2009-08-25,'000605,ST 四 环,11.35,11.4,10.81,10.84,10.93,0.42,3.8426,3.4753,1433550,15841397.31,1058103750.0,468187500.0
2009-08-24,'000605,ST 四 环,10.93,11.06,10.52,10.61,10.73,0.2,1.8639,3.0701,1266435,13600176.56,1018949250.0,450862500.0
2009-08-21,'000605,ST 四 环,10.73,10.75,10.34,10.45,10.48,0.25,2.3855,2.6771,1104323,11658417.59,1000304250.0,442612500.0
2009-08-20,'000605,ST 四 环,10.48,10.55,10.01,10.15,10.22,0.26,2.544,1.9822,817644,8456285.95,976998000.0,432300000.0
2009-08-19,'000605,ST 四 环,10.22,11.18,10.18,10.75,10.72,-0.5,-4.6642,3.0864,1273150,13480634.72,952759500.0,421575000.0
2009-08-18,'000605,ST 四 环,10.72,11.11,10.52,10.83,11.04,-0.32,-2.8986,1.9534,805796,8633343.45,999372000.0,442200000.0
2009-08-17,'000605,ST 四 环,11.04,11.5,11.04,11.5,11.62,-0.58,-4.9914,2.4753,1021075,11355341.42,1029204000.0,455400000.0
2009-08-14,'000605,ST 四 环,11.62,12.4,11.58,12.2,12.19,-0.57,-4.676,4.1873,1727262,20345082.18,1083274500.0,479325000.0
2009-08-13,'000605,ST 四 环,12.19,12.82,12.19,12.42,12.83,-0.64,-4.9883,5.9805,2466947,30206895.79,1136412750.0,502837500.0
2009-08-12,'000605,ST 四 环,12.83,13.5,12.83,13.5,13.5,-0.67,-4.963,3.1784,1311077,16966643.22,1196076750.0,529237500.0
2009-08-11,'000605,ST 四 环,13.5,13.74,13.4,13.66,13.7,-0.2,-1.4599,2.0999,866190,11737742.46,1258537500.0,556875000.0
2009-08-10,'000605,ST 四 环,13.7,13.78,13.3,13.3,13.3,0.4,3.0075,3.171,1308043,17757750.32,1277182500.0,565125000.0
2009-08-07,'000605,ST 四 环,13.3,13.56,13.17,13.4,13.36,-0.06,-0.4491,3.5784,1476088,19738734.23,1239892500.0,548625000.0
2009-08-06,'000605,ST 四 环,13.36,13.72,13.09,13.15,13.11,0.25,1.9069,4.2223,1741712,23361554.02,1245486000.0,551100000.0
2009-08-05,'000605,ST 四 环,13.11,13.77,13.05,13.56,13.57,-0.46,-3.3898,5.3245,2196360,29322462.01,1222179750.0,540787500.0
2009-08-04,'000605,ST 四 环,13.57,14.38,13.48,13.69,13.95,-0.38,-2.724,5.4751,2258466,31216146.84,1265063250.0,559762500.0
2009-08-03,'000605,ST 四 环,13.95,14.55,13.61,13.86,13.96,-0.01,-0.0716,5.0329,2076073,29128577.8,1300488750.0,575437500.0
2009-07-31,'000605,ST 四 环,13.96,13.96,13.4,13.79,13.97,-0.01,-0.0716,7.3054,3013486,41052880.37,1301421000.0,575850000.0
2009-07-30,'000605,ST 四 环,13.97,14.14,13.21,13.35,13.47,0.5,3.712,13.1723,5433553,75599326.69,1302353250.0,576262500.0
2009-07-29,'000605,ST 四 环,13.47,13.47,12.73,12.75,12.83,0.64,4.9883,15.626,6445731,86238021.56,1255740750.0,555637500.0
2009-07-28,'000605,ST 四 环,12.83,12.92,12.69,12.73,12.77,0.06,0.4699,3.076,1268866,16222514.91,1196076750.0,529237500.0
2009-07-27,'000605,ST 四 环,12.77,12.95,12.35,12.38,12.42,0.35,2.818,5.1055,2106028,26908796.76,1190483250.0,526762500.0
2009-07-24,'000605,ST 四 环,12.42,12.59,12.21,12.48,12.47,-0.05,-0.401,2.6138,1078212,13407268.31,1157854500.0,512325000.0
2009-07-23,'000605,ST 四 环,12.47,12.6,12.3,12.4,12.35,0.12,0.9717,2.4824,1023981,12736540.41,1162515750.0,514387500.0
2009-07-22,'000605,ST 四 环,12.35,12.45,12.28,12.31,12.31,0.04,0.3249,2.9679,1224238,15150123.37,1151328750.0,509437500.0
2009-07-21,'000605,ST 四 环,12.31,12.94,12.3,12.9,12.87,-0.56,-4.3512,5.0183,2070064,26157121.37,1147599750.0,507787500.0
2009-07-20,'000605,ST 四 环,12.87,12.88,12.7,12.85,12.84,0.03,0.2336,3.2315,1332986,17082294.26,1199805750.0,530887500.0
2009-07-17,'000605,ST 四 环,12.84,13.18,12.66,13.08,13.05,-0.21,-1.6092,3.392,1399206,17966687.19,1197009000.0,529650000.0
2009-07-16,'000605,ST 四 环,13.05,13.18,12.74,12.87,12.85,0.2,1.5564,5.3711,2215594,28685098.33,1216586250.0,538312500.0
2009-07-15,'000605,ST 四 环,12.85,12.99,12.7,12.94,12.94,-0.09,-0.6955,3.4999,1443691,18505035.68,1197941250.0,530062500.0
2009-07-14,'000605,ST 四 环,12.94,12.97,12.73,12.73,12.79,0.15,1.1728,3.333,1374852,17703647.76,1206331500.0,533775000.0
2009-07-13,'000605,ST 四 环,12.79,12.85,12.65,12.78,12.8,-0.01,-0.0781,2.867,1182651,15095593.2,1192347750.0,527587500.0
2009-07-10,'000605,ST 四 环,12.8,12.85,12.52,12.68,12.64,0.16,1.2658,3.5867,1479501,18794547.63,1193280000.0,528000000.0
2009-07-09,'000605,ST 四 环,12.64,12.67,12.29,12.39,12.42,0.22,1.7713,2.718,1121173,14095670.19,1178364000.0,521400000.0
2009-07-08,'000605,ST 四 环,12.42,12.47,12.15,12.45,12.5,-0.08,-0.64,2.2535,929578,11450736.16,1157854500.0,512325000.0
2009-07-07,'000605,ST 四 环,12.5,12.85,12.45,12.6,12.74,-0.24,-1.8838,2.6531,1094423,13881254.25,1165312500.0,515625000.0
2009-07-06,'000605,ST 四 环,12.74,12.96,12.25,12.41,12.34,0.4,3.2415,3.9137,1614412,20465506.97,1187686500.0,525525000.0
2009-07-03,'000605,ST 四 环,12.34,12.45,12.25,12.35,12.44,-0.1,-0.8039,2.0035,826441,10201505.68,1150396500.0,509025000.0
2009-07-02,'000605,ST 四 环,12.44,12.47,12.26,12.36,12.32,0.12,0.974,2.1161,872888,10793575.47,1159719000.0,513150000.0
2009-07-01,'000605,ST 四 环,12.32,12.5,12.12,12.5,12.5,-0.18,-1.44,2.8428,1172650,14401230.82,1148532000.0,508200000.0
2009-06-30,'000605,ST 四 环,12.5,12.79,12.48,12.51,12.57,-0.07,-0.5569,1.3225,545551,6882009.26,1165312500.0,515625000.0
2009-06-29,'000605,ST 四 环,12.57,12.67,12.5,12.62,12.69,-0.12,-0.9456,2.0369,840222,10560230.7,1171838250.0,518512500.0
2009-06-26,'000605,ST 四 环,12.69,12.88,12.6,12.85,12.79,-0.1,-0.7819,1.8972,782606,9931135.01,1183025250.0,523462500.0
2009-06-25,'000605,ST 四 环,12.79,12.99,12.7,12.75,12.81,-0.02,-0.1561,1.523,628253,8070588.72,1192347750.0,527587500.0
2009-06-24,'000605,ST 四 环,12.81,12.95,12.6,12.88,12.75,0.06,0.4706,1.4732,607676,7764414.86,1194212250.0,528412500.0
2009-06-23,'000605,ST 四 环,12.75,12.98,12.61,12.8,13.02,-0.27,-2.0737,2.505,1033298,13150706.08,1188618750.0,525937500.0
2009-06-22,'000605,ST 四 环,13.02,13.4,12.83,13.09,13.08,-0.06,-0.4587,3.4279,1414007,18525915.19,1213789500.0,537075000.0
2009-06-19,'000605,ST 四 环,13.08,13.29,12.69,12.69,12.75,0.33,2.5882,3.9159,1615314,20966501.54,1219383000.0,539550000.0
2009-06-18,'000605,ST 四 环,12.75,12.99,12.56,12.76,12.88,-0.13,-1.0093,4.2739,1762993,22448457.59,1188618750.0,525937500.0
2009-06-17,'000605,ST 四 环,12.88,13.73,12.85,13.5,13.08,-0.2,-1.5291,8.5849,3541279,47208367.96,1200738000.0,531300000.0
2009-06-16,'000605,ST 四 环,13.08,13.08,12.25,12.38,12.46,0.62,4.9759,2.1054,868482,11218014.19,1219383000.0,539550000.0
2009-06-15,'000605,ST 四 环,12.46,12.55,12.11,12.11,12.1,0.36,2.9752,2.5041,1032926,12827626.96,1161583500.0,513975000.0
2009-06-12,'000605,ST 四 环,12.1,12.58,12.1,12.49,12.46,-0.36,-2.8892,2.7697,1142494,14142081.92,1128022500.0,499125000.0
2009-06-11,'000605,ST 四 环,12.46,12.65,12.23,12.4,12.41,0.05,0.4029,2.634,1086526,13547343.52,1161583500.0,513975000.0
2009-06-10,'000605,ST 四 环,12.41,12.79,12.13,12.28,12.22,0.19,1.5548,3.7764,1557758,19560068.45,1156922250.0,511912500.0
2009-06-09,'000605,ST 四 环,12.22,12.35,11.77,11.77,11.82,0.4,3.3841,3.5247,1453934,17613790.61,1139209500.0,504075000.0
2009-06-08,'000605,ST 四 环,11.82,11.95,11.71,11.9,11.9,-0.08,-0.6723,1.247,514396,6088885.94,1101919500.0,487575000.0
2009-06-05,'000605,ST 四 环,11.9,11.98,11.69,11.95,11.9,0.0,0.0,2.2678,935449,11070759.27,1109377500.0,490875000.0
2009-06-04,'000605,ST 四 环,11.9,12.1,11.82,12.1,12.12,-0.22,-1.8152,2.4062,992560,11831857.43,1109377500.0,490875000.0
2009-06-03,'000605,ST 四 环,12.12,12.14,11.82,11.93,11.92,0.2,1.6779,2.1725,896176,10786025.1,1129887000.0,499950000.0
2009-06-02,'000605,ST 四 环,11.92,12.1,11.7,11.75,11.75,0.17,1.4468,2.5449,1049766,12498092.26,1111242000.0,491700000.0
2009-06-01,'000605,ST 四 环,11.75,11.89,11.66,11.73,11.7,0.05,0.4274,1.9258,794380,9330665.49,1095393750.0,484687500.0
2009-05-27,'000605,ST 四 环,11.7,11.9,11.68,11.85,11.8,-0.1,-0.8475,1.5752,649780,7649394.62,1090732500.0,482625000.0
2009-05-26,'000605,ST 四 环,11.8,11.9,11.51,11.65,11.6,0.2,1.7241,3.2083,1323438,15535777.31,1100055000.0,486750000.0
2009-05-25,'000605,ST 四 环,11.6,11.6,11.0,11.34,11.54,0.06,0.5199,2.5608,1056350,11911576.53,1081410000.0,478500000.0
2009-05-22,'000605,ST 四 环,11.54,11.77,11.36,11.49,11.7,-0.16,-1.3675,1.9075,786845,9074392.45,1075816500.0,476025000.0
2009-05-21,'000605,ST 四 环,11.7,12.28,11.65,12.18,12.16,-0.46,-3.7829,3.9018,1609492,19081959.69,1090732500.0,482625000.0
2009-05-20,'000605,ST 四 环,12.16,12.49,12.01,12.14,12.16,0.0,0.0,3.3499,1381814,16984197.36,1133616000.0,501600000.0
2009-05-19,'000605,ST 四 环,12.16,12.52,12.0,12.4,12.32,-0.16,-1.2987,3.1567,1302151,15818558.4,1133616000.0,501600000.0
2009-05-18,'000605,ST 四 环,0.0,0.0,0.0,0.0,12.32,None,None,0.0,0,0.0,1148532000.0,508200000.0
2009-05-15,'000605,ST 四 环,12.32,12.35,11.95,12.03,12.02,0.3,2.4958,3.2414,1337073,16379446.57,1148532000.0,508200000.0
2009-05-14,'000605,ST 四 环,12.02,12.18,11.9,12.15,12.15,-0.13,-1.07,2.1491,886524,10648105.8,1120564500.0,495825000.0
2009-05-13,'000605,ST 四 环,12.15,12.35,11.95,12.0,12.03,0.12,0.9975,2.2019,908300,11034733.35,1132683750.0,501187500.0
2009-05-12,'000605,ST 四 环,12.03,12.08,11.6,11.62,11.8,0.23,1.9492,2.2935,946085,11224277.11,1121496750.0,496237500.0
2009-05-11,'000605,ST 四 环,11.8,12.5,11.8,12.2,12.31,-0.51,-4.143,4.3342,1787847,21797656.14,1100055000.0,486750000.0
2009-05-08,'000605,ST 四 环,12.31,12.48,11.9,12.05,12.0,0.31,2.5833,4.0637,1676266,20425386.85,1147599750.0,507787500.0
2009-05-07,'000605,ST 四 环,12.0,12.48,11.82,12.28,12.25,-0.25,-2.0408,4.0488,1670130,20255513.52,1118700000.0,495000000.0
2009-05-06,'000605,ST 四 环,12.25,12.35,12.1,12.29,12.3,-0.05,-0.4065,3.2701,1348936,16494656.34,1142006250.0,505312500.0
2009-05-05,'000605,ST 四 环,12.3,12.44,12.04,12.15,12.09,0.21,1.737,3.9411,1625699,19884998.49,1146667500.0,507375000.0
2009-05-04,'000605,ST 四 环,12.09,12.15,11.8,12.14,11.9,0.19,1.5966,3.8084,1570968,18856120.26,1127090250.0,498712500.0
2009-04-30,'000605,ST 四 环,11.9,12.07,11.64,11.75,11.81,0.09,0.7621,3.9429,1626428,19320681.39,1109377500.0,490875000.0
2009-04-29,'000605,ST 四 环,11.81,11.88,11.25,11.54,11.6,0.21,1.8103,4.0157,1656476,19072390.6,1100987250.0,487162500.0
2009-04-28,'000605,ST 四 环,11.6,11.77,10.86,11.05,11.24,0.36,3.2028,3.5007,1444025,16535076.12,1081410000.0,478500000.0
2009-04-27,'000605,ST 四 环,11.24,12.0,11.24,11.84,11.83,-0.59,-4.9873,3.2771,1351810,15408751.4,1047849000.0,463650000.0
2009-04-24,'000605,ST 四 环,11.83,12.27,11.79,11.79,11.77,0.06,0.5098,4.1468,1710564,20520641.57,1102851750.0,487987500.0
2009-04-23,'000605,ST 四 环,11.77,12.14,11.61,11.78,12.22,-0.45,-3.6825,5.6611,2335193,27413001.77,1097258250.0,485512500.0
2009-04-22,'000605,ST 四 环,12.22,13.35,12.22,12.8,12.86,-0.64,-4.9767,8.2757,3413712,43241587.26,1139209500.0,504075000.0
2009-04-21,'000605,ST 四 环,12.86,13.87,12.6,13.87,13.21,-0.35,-2.6495,13.6972,5650113,76089418.13,1198873500.0,530475000.0
2009-04-20,'000605,ST 四 环,13.21,13.21,13.21,13.21,12.58,0.63,5.0079,0.6302,259950,3433939.5,1231502250.0,544912500.0
2009-04-17,'000605,ST 四 环,12.58,12.58,12.1,12.33,11.98,0.6,5.0083,2.3122,953789,11903693.25,1172770500.0,518925000.0
2009-04-16,'000605,ST 四 环,11.98,11.98,11.21,11.42,11.41,0.57,4.9956,5.5458,2287655,26370974.36,1116835500.0,494175000.0
2009-04-15,'000605,ST 四 环,11.41,11.89,11.13,11.55,11.59,-0.18,-1.5531,5.1961,2143384,24537959.49,1063697250.0,470662500.0
2009-04-14,'000605,ST 四 环,11.59,11.66,11.08,11.25,11.25,0.34,3.0222,6.8833,2839363,32358430.63,1080477750.0,478087500.0
2009-04-13,'000605,ST 四 环,11.25,11.5,11.06,11.12,11.0,0.25,2.2727,4.7181,1946226,21888027.85,1048781250.0,464062500.0
2009-04-10,'000605,ST 四 环,11.0,11.11,10.57,10.67,10.58,0.42,3.9698,5.5899,2305846,25355417.48,1025475000.0,453750000.0
2009-04-09,'000605,ST 四 环,10.58,10.67,10.23,10.35,10.48,0.1,0.9542,3.9153,1615063,16838875.63,986320500.0,436425000.0
2009-04-08,'000605,ST 四 环,10.48,11.35,10.48,10.99,10.94,-0.46,-4.2048,6.7981,2804207,30642316.79,976998000.0,432300000.0
2009-04-07,'000605,ST 四 环,10.94,10.94,10.5,10.55,10.42,0.52,4.9904,6.9943,2885142,31410293.12,1019881500.0,451275000.0
2009-04-03,'000605,ST 四 环,10.42,10.69,10.35,10.55,10.5,-0.08,-0.7619,3.2454,1338718,14081708.77,971404500.0,429825000.0
2009-04-02,'000605,ST 四 环,10.5,10.74,10.45,10.74,10.67,-0.17,-1.5933,3.738,1541925,16348669.1,978862500.0,433125000.0
2009-04-01,'000605,ST 四 环,10.67,10.77,10.44,10.55,10.53,0.14,1.3295,3.7381,1541977,16366425.96,994710750.0,440137500.0
2009-03-31,'000605,ST 四 环,10.53,10.79,10.26,10.65,10.8,-0.27,-2.5,4.7673,1966525,20491379.77,981659250.0,434362500.0
2009-03-30,'000605,ST 四 环,10.8,11.18,10.67,10.94,10.78,0.02,0.1855,4.4563,1838216,20016743.79,1006830000.0,445500000.0
2009-03-27,'000605,ST 四 环,10.78,10.85,10.22,10.33,10.33,0.45,4.3562,6.6662,2749827,29403064.8,1004965500.0,444675000.0
2009-03-26,'000605,ST 四 环,10.33,10.39,9.9,10.19,10.28,0.05,0.4864,4.5292,1868278,18968651.74,963014250.0,426112500.0
2009-03-25,'000605,ST 四 环,10.28,10.59,10.11,10.18,10.18,0.1,0.9823,5.1073,2106767,21801660.68,958353000.0,424050000.0
2009-03-24,'000605,ST 四 环,10.18,10.39,9.98,10.15,10.01,0.17,1.6983,4.9297,2033492,20598042.69,949030500.0,419925000.0
2009-03-23,'000605,ST 四 环,10.01,10.07,9.56,9.65,9.66,0.35,3.6232,4.4238,1824830,18089341.23,933182250.0,412912500.0
2009-03-20,'000605,ST 四 环,9.66,9.82,9.47,9.75,9.79,-0.13,-1.3279,3.7662,1553541,15004224.08,900553500.0,398475000.0
2009-03-19,'000605,ST 四 环,9.79,9.79,9.53,9.69,9.64,0.15,1.556,3.5847,1478682,14306059.42,912672750.0,403837500.0
2009-03-18,'000605,ST 四 环,9.64,9.81,9.61,9.72,9.68,-0.04,-0.4132,3.4281,1414081,13734896.37,898689000.0,397650000.0
2009-03-17,'000605,ST 四 环,9.68,9.79,9.37,9.38,9.42,0.26,2.7601,3.6755,1516147,14508520.4,902418000.0,399300000.0
2009-03-16,'000605,ST 四 环,9.42,9.56,9.18,9.25,9.18,0.24,2.6144,3.101,1279162,12014409.77,878179500.0,388575000.0
2009-03-13,'000605,ST 四 环,9.18,9.23,9.09,9.11,9.13,0.05,0.5476,2.0477,844684,7736141.07,855805500.0,378675000.0
2009-03-12,'000605,ST 四 环,9.13,9.17,8.69,9.09,9.15,-0.02,-0.2186,2.8659,1182204,10583914.2,851144250.0,376612500.0
2009-03-11,'000605,ST 四 环,9.15,9.46,9.14,9.3,9.2,-0.05,-0.5435,2.6118,1077380,10014688.1,853008750.0,377437500.0
2009-03-10,'000605,ST 四 环,9.2,9.36,8.86,8.86,9.02,0.18,1.9956,2.0462,844044,7668217.92,857670000.0,379500000.0
2009-03-09,'000605,ST 四 环,9.02,9.56,9.0,9.45,9.36,-0.34,-3.6325,3.177,1310515,12232142.38,840889500.0,372075000.0
2009-03-06,'000605,ST 四 环,9.36,9.4,9.0,9.15,9.35,0.01,0.107,3.8622,1593167,14718949.0,872586000.0,386100000.0
2009-03-05,'000605,ST 四 环,9.35,9.71,9.16,9.46,9.42,-0.07,-0.7431,4.6163,1904234,17972154.07,871653750.0,385687500.0
2009-03-04,'000605,ST 四 环,9.42,9.42,8.88,8.88,8.97,0.45,5.0167,5.1453,2122447,19792070.04,878179500.0,388575000.0
2009-03-03,'000605,ST 四 环,8.97,9.18,8.64,8.88,9.08,-0.11,-1.2115,3.9221,1617865,14462130.99,836228250.0,370012500.0
2009-03-02,'000605,ST 四 环,9.08,9.32,9.08,9.08,9.56,-0.48,-5.0209,5.5238,2278585,20783262.62,846483000.0,374550000.0
2009-02-27,'000605,ST 四 环,9.56,9.8,9.56,9.7,10.06,-0.5,-4.9702,2.5684,1059471,10209736.39,891231000.0,394350000.0
2009-02-26,'000605,ST 四 环,10.06,11.04,9.98,10.58,10.51,-0.45,-4.2816,8.0207,3308533,35298665.8,937843500.0,414975000.0
2009-02-25,'000605,ST 四 环,10.51,10.99,10.21,10.77,10.75,-0.24,-2.2326,5.719,2359087,24790845.6,979794750.0,433537500.0
2009-02-24,'000605,ST 四 环,10.75,11.34,10.61,11.34,10.8,-0.05,-0.463,15.2137,6275664,69661976.45,1002168750.0,443437500.0
2009-02-23,'000605,ST 四 环,10.8,10.8,10.2,10.39,10.29,0.51,4.9563,3.1156,1285200,13817183.5,1006830000.0,445500000.0
2009-02-20,'000605,ST 四 环,10.29,10.29,9.52,9.83,9.8,0.49,5.0,3.2436,1337981,13331020.65,959285250.0,424462500.0
2009-02-19,'000605,ST 四 环,9.8,10.15,9.63,10.09,9.9,-0.1,-1.0101,2.9451,1214853,11959996.2,913605000.0,404250000.0
2009-02-18,'000605,ST 四 环,9.9,10.26,9.87,10.0,10.22,-0.32,-3.1311,4.6245,1907624,19187635.6,922927500.0,408375000.0
2009-02-17,'000605,ST 四 环,10.22,10.69,10.12,10.55,10.6,-0.38,-3.5849,5.7683,2379429,24817856.88,952759500.0,421575000.0
2009-02-16,'000605,ST 四 环,10.6,10.79,10.4,10.79,10.34,0.26,2.5145,8.6945,3586466,37874753.04,988185000.0,437250000.0
2009-02-13,'000605,ST 四 环,10.34,10.37,9.64,9.81,9.89,0.45,4.5501,8.0402,3316574,33208715.42,963946500.0,426525000.0
2009-02-12,'000605,ST 四 环,9.89,10.1,9.69,10.1,10.2,-0.31,-3.0392,5.2738,2175462,21475451.12,921995250.0,407962500.0
2009-02-11,'000605,ST 四 环,10.2,10.23,9.4,9.7,9.74,0.46,4.7228,8.8713,3659426,35788157.41,950895000.0,420750000.0
2009-02-10,'000605,ST 四 环,9.74,9.79,9.48,9.69,9.71,0.03,0.309,3.7927,1564496,15121506.9,908011500.0,401775000.0
2009-02-09,'000605,ST 四 环,9.71,9.71,9.4,9.51,9.48,0.23,2.4262,5.6804,2343151,22394414.18,905214750.0,400537500.0
2009-02-06,'000605,ST 四 环,9.48,9.57,9.28,9.28,9.32,0.16,1.7167,5.0874,2098542,19797381.87,883773000.0,391050000.0
2009-02-05,'000605,ST 四 环,9.32,9.75,9.28,9.6,9.29,0.03,0.3229,8.7227,3598112,34458380.59,868857000.0,384450000.0
2009-02-04,'000605,ST 四 环,9.29,9.29,8.81,8.85,8.85,0.44,4.9718,3.3927,1399507,12845377.36,866060250.0,383212500.0
2009-02-03,'000605,ST 四 环,8.85,8.89,8.59,8.73,8.73,0.12,1.3746,4.0228,1659407,14576875.8,825041250.0,365062500.0
2009-02-02,'000605,ST 四 环,8.73,8.85,8.5,8.63,8.5,0.23,2.7059,2.7913,1151398,10003830.42,813854250.0,360112500.0
2009-01-23,'000605,ST 四 环,8.5,8.73,8.43,8.68,8.67,-0.17,-1.9608,2.8327,1168478,10022569.76,792412500.0,350625000.0
2009-01-22,'000605,ST 四 环,8.67,8.85,8.52,8.69,8.65,0.02,0.2312,3.0723,1267332,10985100.5,808260750.0,357637500.0
2009-01-21,'000605,ST 四 环,8.65,8.78,8.2,8.36,8.36,0.29,3.4689,3.9746,1639512,14057767.17,806396250.0,356812500.0
2009-01-20,'000605,ST 四 环,8.36,8.36,8.08,8.2,8.25,0.11,1.3333,1.752,722695,5932434.4,779361000.0,344850000.0
2009-01-19,'000605,ST 四 环,8.25,8.64,8.23,8.28,8.27,-0.02,-0.2418,4.156,1714333,14362963.08,769106250.0,340312500.0
2009-01-16,'000605,ST 四 环,8.27,8.27,7.88,7.88,7.88,0.39,4.9492,6.2427,2575124,21117375.04,770970750.0,341137500.0
2009-01-15,'000605,ST 四 环,7.88,8.05,7.8,7.98,8.0,-0.12,-1.5,2.4099,994065,7881366.23,734613000.0,325050000.0
2009-01-14,'000605,ST 四 环,8.0,8.0,7.58,7.69,7.62,0.38,4.9869,2.2666,934990,7348552.44,745800000.0,330000000.0
2009-01-13,'000605,ST 四 环,7.62,7.97,7.62,7.97,7.97,-0.35,-4.3915,2.0702,853977,6605931.5,710374500.0,314325000.0
2009-01-12,'000605,ST 四 环,7.97,8.22,7.81,7.85,7.93,0.04,0.5044,2.4381,1005734,8127715.35,743003250.0,328762500.0
2009-01-09,'000605,ST 四 环,7.93,8.0,7.7,7.83,7.83,0.1,1.2771,1.8285,754237,5940791.64,739274250.0,327112500.0
2009-01-08,'000605,ST 四 环,7.83,8.08,7.83,8.08,8.24,-0.41,-4.9757,3.8748,1598346,12683180.64,729951750.0,322987500.0
2009-01-07,'000605,ST 四 环,8.24,8.48,8.01,8.03,8.09,0.15,1.8541,3.5722,1473526,12144958.72,768174000.0,339900000.0
2009-01-06,'000605,ST 四 环,8.09,8.15,7.85,7.87,7.87,0.22,2.7954,2.6966,1112343,8904519.2,754190250.0,333712500.0
2009-01-05,'000605,ST 四 环,7.87,7.98,7.75,7.78,7.78,0.09,1.1568,2.2443,925778,7263118.32,733680750.0,324637500.0
2008-12-31,'000605,ST 四 环,7.78,8.36,7.75,8.22,8.16,-0.38,-4.6569,3.7647,1552930,12299890.14,725290500.0,320925000.0
2008-12-30,'000605,ST 四 环,8.16,8.16,7.86,7.87,7.77,0.39,5.0193,4.5712,1885627,15359199.94,760716000.0,336600000.0
2008-12-29,'000605,ST 四 环,7.77,8.13,7.59,7.88,7.99,-0.22,-2.7534,2.023,834480,6484765.6,724358250.0,320512500.0
2008-12-26,'000605,ST 四 环,7.99,8.26,7.89,8.1,8.15,-0.16,-1.9632,1.4355,592127,4762207.12,744867750.0,329587500.0
2008-12-25,'000605,ST 四 环,8.15,8.19,7.74,8.06,8.07,0.08,0.9913,2.35,969386,7826300.0,759783750.0,336187500.0
2008-12-24,'000605,ST 四 环,8.07,8.37,8.07,8.37,8.49,-0.42,-4.947,2.3334,962531,7793136.08,752325750.0,332887500.0
2008-12-23,'000605,ST 四 环,8.49,8.94,8.49,8.94,8.94,-0.45,-5.0336,2.1207,874788,7505256.43,791480250.0,350212500.0
2008-12-22,'000605,ST 四 环,8.94,9.1,8.63,9.05,9.08,-0.14,-1.5419,2.5973,1071369,9465590.5,833431500.0,368775000.0
2008-12-19,'000605,ST 四 环,9.08,9.1,8.82,8.99,8.99,0.09,1.0011,3.2475,1339577,11977182.7,846483000.0,374550000.0
2008-12-18,'000605,ST 四 环,8.99,9.64,8.83,9.26,9.26,-0.27,-2.9158,3.8313,1580405,14507053.87,838092750.0,370837500.0
2008-12-17,'000605,ST 四 环,9.26,9.26,8.8,8.82,8.82,0.44,4.9887,3.663,1510995,13923669.85,863263500.0,381975000.0
2008-12-16,'000605,ST 四 环,8.82,8.82,8.05,8.29,8.4,0.42,5.0,4.8954,2019348,17514909.06,822244500.0,363825000.0
2008-12-15,'000605,ST 四 环,8.4,8.84,8.4,8.79,8.84,-0.44,-4.9774,3.6669,1512612,12844589.36,783090000.0,346500000.0
2008-12-12,'000605,ST 四 环,8.84,9.7,8.84,9.7,9.3,-0.46,-4.9462,7.5649,3120508,28365702.58,824109000.0,364650000.0
2008-12-11,'000605,ST 四 环,9.3,9.3,9.28,9.3,8.86,0.44,4.9661,1.0737,442900,4118954.0,866992500.0,383625000.0
2008-12-10,'000605,ST 四 环,8.86,8.86,8.61,8.7,8.44,0.42,4.9763,2.0511,846065,7472133.19,825973500.0,365475000.0
2008-12-09,'000605,ST 四 环,8.44,8.44,8.01,8.17,8.04,0.4,4.9751,3.2005,1320200,11065111.99,786819000.0,348150000.0
2008-12-08,'000605,ST 四 环,8.04,8.04,7.62,7.75,7.66,0.38,4.9608,3.6869,1520843,12020887.16,749529000.0,331650000.0
2008-12-05,'000605,ST 四 环,7.66,7.74,7.41,7.49,7.5,0.16,2.1333,2.1936,904868,6866682.82,714103500.0,315975000.0
2008-12-04,'000605,ST 四 环,7.5,7.79,7.48,7.78,7.5,0.0,0.0,2.8068,1157811,8888239.45,699187500.0,309375000.0
2008-12-03,'000605,ST 四 环,7.5,7.53,7.17,7.19,7.17,0.33,4.6025,2.2805,940725,6991334.85,699187500.0,309375000.0
2008-12-02,'000605,ST 四 环,7.17,7.26,6.83,7.0,7.08,0.09,1.2712,2.4939,1028751,7256889.41,668423250.0,295762500.0
2008-12-01,'000605,ST 四 环,7.08,7.4,6.99,7.36,7.36,-0.28,-3.8043,4.5706,1885389,13277848.4,660033000.0,292050000.0
2008-11-28,'000605,ST 四 环,7.36,7.68,7.36,7.53,7.75,-0.39,-5.0323,3.4059,1404916,10422413.07,686136000.0,303600000.0
2008-11-27,'000605,ST 四 环,7.75,8.19,7.51,8.19,7.8,-0.05,-0.641,6.2072,2560480,20564761.83,722493750.0,319687500.0
2008-11-26,'000605,ST 四 环,7.8,7.8,7.51,7.51,7.43,0.37,4.9798,2.3667,976248,7596929.35,727155000.0,321750000.0
2008-11-25,'000605,ST 四 环,7.43,7.43,6.85,7.3,7.08,0.35,4.9435,4.77,1967638,14058791.29,692661750.0,306487500.0
2008-11-24,'000605,ST 四 环,7.08,7.09,6.7,6.8,6.75,0.33,4.8889,4.0312,1662862,11688991.95,660033000.0,292050000.0
2008-11-21,'000605,ST 四 环,6.75,6.75,6.19,6.35,6.43,0.32,4.9767,3.1759,1310059,8569384.1,629268750.0,278437500.0
2008-11-20,'000605,ST 四 环,6.43,6.56,6.22,6.26,6.26,0.17,2.7157,2.9852,1231407,7943449.63,599436750.0,265237500.0
2008-11-19,'000605,ST 四 环,6.26,6.26,5.95,6.0,5.96,0.3,5.0336,3.0368,1252676,7791097.78,583588500.0,258225000.0
2008-11-18,'000605,ST 四 环,5.96,6.36,5.96,6.21,6.27,-0.31,-4.9442,2.9483,1216169,7508085.48,555621000.0,245850000.0
2008-11-17,'000605,ST 四 环,6.27,6.3,6.1,6.2,6.21,0.06,0.9662,2.3631,974793,6034850.63,584520750.0,258637500.0
2008-11-14,'000605,ST 四 环,6.21,6.3,6.05,6.08,6.08,0.13,2.1382,3.2854,1355208,8357597.73,578927250.0,256162500.0
2008-11-13,'000605,ST 四 环,6.08,6.12,5.66,5.7,5.83,0.25,4.2882,2.3171,955809,5695261.14,566808000.0,250800000.0
2008-11-12,'000605,ST 四 环,5.83,5.86,5.57,5.63,5.73,0.1,1.7452,1.3028,537419,3089501.64,543501750.0,240487500.0
2008-11-11,'000605,ST 四 环,5.73,5.76,5.45,5.54,5.49,0.24,4.3716,1.9713,813154,4594600.58,534179250.0,236362500.0
2008-11-10,'000605,ST 四 环,5.49,5.49,5.28,5.29,5.23,0.26,4.9713,1.9974,823930,4488965.07,511805250.0,226462500.0
2008-11-07,'000605,ST 四 环,5.23,5.24,4.91,5.0,5.12,0.11,2.1484,1.179,486332,2499107.58,487566750.0,215737500.0
2008-11-06,'000605,ST 四 环,5.12,5.21,5.02,5.12,5.28,-0.16,-3.0303,1.1632,479812,2452107.14,477312000.0,211200000.0
2008-11-05,'000605,ST 四 环,5.28,5.38,5.1,5.19,5.18,0.1,1.9305,1.6863,695593,3672740.54,492228000.0,217800000.0
2008-11-04,'000605,ST 四 环,5.18,5.42,5.15,5.28,5.42,-0.24,-4.428,1.726,711966,3688897.87,482905500.0,213675000.0
2008-11-03,'000605,ST 四 环,5.42,5.71,5.42,5.6,5.7,-0.28,-4.9123,1.7767,732888,4017455.96,505279500.0,223575000.0
2008-10-31,'000605,ST 四 环,5.7,5.94,5.69,5.88,5.93,-0.23,-3.8786,0.984,405887,2354913.68,531382500.0,235125000.0
2008-10-30,'000605,ST 四 环,5.93,6.0,5.8,5.9,5.85,0.08,1.3675,1.3359,551050,3255311.16,552824250.0,244612500.0
2008-10-29,'000605,ST 四 环,5.85,6.09,5.73,5.81,5.8,0.05,0.8621,2.7697,1142496,6793971.89,545366250.0,241312500.0
2008-10-28,'000605,ST 四 环,5.8,5.91,5.39,5.49,5.67,0.13,2.2928,2.5684,1059448,5998480.47,540705000.0,239250000.0
2008-10-27,'000605,ST 四 环,5.67,6.15,5.67,5.67,5.97,-0.3,-5.0251,1.6019,660774,3789692.02,528585750.0,233887500.0
2008-10-24,'000605,ST 四 环,5.97,6.35,5.84,6.23,6.15,-0.18,-2.9268,2.4023,990948,6033651.59,556553250.0,246262500.0
2008-10-23,'000605,ST 四 环,6.15,6.15,5.67,5.75,5.86,0.29,4.9488,3.4502,1423202,8675450.29,573333750.0,253687500.0
2008-10-22,'000605,ST 四 环,5.86,5.88,5.48,5.49,5.6,0.26,4.6429,2.8271,1166196,6763685.52,546298500.0,241725000.0
2008-10-21,'000605,ST 四 环,5.6,5.87,5.6,5.84,5.73,-0.13,-2.2688,1.538,634415,3655815.62,522060000.0,231000000.0
2008-10-20,'000605,ST 四 环,5.73,5.73,5.4,5.4,5.46,0.27,4.9451,1.6818,693744,3911393.0,534179250.0,236362500.0
2008-10-17,'000605,ST 四 环,5.46,5.59,5.4,5.41,5.41,0.05,0.9242,0.9861,406780,2225851.27,509008500.0,225225000.0
2008-10-16,'000605,ST 四 环,5.41,5.54,5.41,5.41,5.69,-0.28,-4.9209,1.4091,581250,3157569.89,504347250.0,223162500.0
2008-10-15,'000605,ST 四 环,5.69,5.83,5.56,5.62,5.8,-0.11,-1.8966,0.8872,365957,2073891.6,530450250.0,234712500.0
2008-10-14,'000605,ST 四 环,5.8,6.38,5.8,6.24,6.1,-0.3,-4.918,2.0332,838699,5142628.55,540705000.0,239250000.0
2008-10-13,'000605,ST 四 环,6.1,6.14,5.58,5.63,5.87,0.23,3.9182,1.9582,807749,4684731.74,568672500.0,251625000.0
2008-10-10,'000605,ST 四 环,5.87,5.98,5.87,5.98,6.18,-0.31,-5.0162,1.6203,668365,3932881.46,547230750.0,242137500.0
2008-10-09,'000605,ST 四 环,6.18,6.58,6.15,6.58,6.39,-0.21,-3.2864,1.1326,467209,2985335.31,576130500.0,254925000.0
2008-10-08,'000605,ST 四 环,6.39,6.65,6.39,6.49,6.73,-0.34,-5.052,1.2073,498000,3196856.0,595707750.0,263587500.0
2008-10-07,'000605,ST 四 环,6.73,6.86,6.73,6.73,7.08,-0.35,-4.9435,2.0882,861370,5807938.11,627404250.0,277612500.0
2008-10-06,'000605,ST 四 环,7.08,7.32,6.84,7.19,7.2,-0.12,-1.6667,2.8088,1158612,8129648.57,660033000.0,292050000.0
2008-09-26,'000605,ST 四 环,7.2,7.23,7.03,7.16,7.16,0.04,0.5587,3.1257,1289370,9208579.95,671220000.0,297000000.0
2008-09-25,'000605,ST 四 环,7.16,7.16,6.85,6.88,6.82,0.34,4.9853,4.5868,1892054,13479863.8,667491000.0,295350000.0
2008-09-24,'000605,ST 四 环,6.82,6.9,6.6,6.61,6.88,-0.06,-0.8721,2.3855,984035,6637994.92,635794500.0,281325000.0
2008-09-23,'000605,ST 四 环,6.88,6.89,6.58,6.89,6.56,0.32,4.878,8.4318,3478110,23867483.82,641388000.0,283800000.0
2008-09-22,'000605,ST 四 环,6.56,6.56,6.56,6.56,6.25,0.31,4.96,0.2533,104480,685388.8,611556000.0,270600000.0
2008-09-19,'000605,ST 四 环,6.25,6.25,6.25,6.25,5.95,0.3,5.042,0.451,186045,1162781.25,582656250.0,257812500.0
2008-09-18,'000605,ST 四 环,5.95,6.26,5.94,5.94,6.25,-0.3,-4.8,2.1135,871808,5201400.98,554688750.0,245437500.0
2008-09-17,'000605,ST 四 环,6.25,6.64,6.25,6.46,6.58,-0.33,-5.0152,1.2234,504666,3221437.52,582656250.0,257812500.0
2008-09-16,'000605,ST 四 环,6.58,6.89,6.58,6.85,6.93,-0.35,-5.0505,1.2053,497200,3287513.64,613420500.0,271425000.0
2008-09-12,'000605,ST 四 环,6.93,7.05,6.8,7.0,6.98,-0.05,-0.7163,1.0493,432820,3005143.95,646049250.0,285862500.0
2008-09-11,'000605,ST 四 环,6.98,7.33,6.98,7.02,7.35,-0.37,-5.034,1.6004,660168,4647604.86,650710500.0,287925000.0
2008-09-10,'000605,ST 四 环,7.35,7.48,6.87,7.1,7.12,0.23,3.2303,1.8052,744633,5489765.37,685203750.0,303187500.0
2008-09-09,'000605,ST 四 环,7.12,7.45,6.94,7.45,7.3,-0.18,-2.4658,1.6741,690573,4858334.31,663762000.0,293700000.0
2008-09-08,'000605,ST 四 环,7.3,7.77,7.3,7.64,7.64,-0.34,-4.4503,1.1021,454610,3436262.93,680542500.0,301125000.0
2008-09-05,'000605,ST 四 环,7.64,7.79,7.45,7.65,7.79,-0.15,-1.9255,0.7838,323328,2462912.82,712239000.0,315150000.0
2008-09-04,'000605,ST 四 环,7.79,7.94,7.52,7.52,7.69,0.1,1.3004,0.4658,192139,1487194.48,726222750.0,321337500.0
2008-09-03,'000605,ST 四 环,7.69,7.98,7.48,7.8,7.85,-0.16,-2.0382,0.896,369616,2847667.8,716900250.0,317212500.0
2008-09-02,'000605,ST 四 环,7.85,8.05,7.51,7.51,7.67,0.18,2.3468,1.2886,531536,4201145.08,731816250.0,323812500.0
2008-09-01,'000605,ST 四 环,7.67,7.87,7.6,7.78,7.96,-0.29,-3.6432,0.7887,325359,2502808.2,715035750.0,316387500.0
2008-08-29,'000605,ST 四 环,7.96,8.12,7.71,7.95,7.8,0.16,2.0513,1.3599,560970,4426260.64,742071000.0,328350000.0
2008-08-28,'000605,ST 四 环,7.8,7.94,7.61,7.61,7.65,0.15,1.9608,1.2037,496526,3865712.1,727155000.0,321750000.0
2008-08-27,'000605,ST 四 环,7.65,7.92,7.3,7.49,7.54,0.11,1.4589,1.4337,591418,4574588.92,713171250.0,315562500.0
2008-08-26,'000605,ST 四 环,7.54,7.85,7.47,7.5,7.86,-0.32,-4.0712,1.4176,584776,4419953.85,702916500.0,311025000.0
2008-08-25,'000605,ST 四 环,7.86,8.17,7.58,7.95,7.91,-0.05,-0.6321,1.2917,532841,4166837.2,732748500.0,324225000.0
2008-08-22,'000605,ST 四 环,7.91,8.28,7.89,8.22,8.3,-0.39,-4.6988,2.6116,1077265,8567408.04,737409750.0,326287500.0
2008-08-21,'000605,ST 四 环,8.3,8.3,7.81,8.0,7.9,0.4,5.0633,4.7424,1956244,16177763.16,773767500.0,342375000.0
2008-08-20,'000605,ST 四 环,7.9,7.9,7.15,7.53,7.52,0.38,5.0532,1.8761,773911,6003350.1,736477500.0,325875000.0
2008-08-19,'000605,ST 四 环,7.52,7.75,7.52,7.52,7.92,-0.4,-5.0505,1.5278,630214,4750952.32,701052000.0,310200000.0
2008-08-18,'000605,*ST 四环,0.0,0.0,0.0,0.0,7.92,None,None,0.0,0,0.0,738342000.0,326700000.0
2008-08-15,'000605,*ST 四环,7.92,8.2,7.83,7.91,8.08,-0.16,-1.9802,0.8342,344122,2746785.98,738342000.0,326700000.0
2008-08-14,'000605,*ST 四环,8.08,8.18,7.91,8.02,8.18,-0.1,-1.2225,0.6615,272875,2206652.39,753258000.0,333300000.0
2008-08-13,'000605,*ST 四环,8.18,8.35,8.07,8.07,8.49,-0.31,-3.6514,1.5969,658740,5345224.03,762580500.0,337425000.0
2008-08-12,'000605,*ST 四环,8.49,8.49,8.49,8.49,8.94,-0.45,-5.0336,0.2245,92600,786174.0,791480250.0,350212500.0
2008-08-11,'000605,*ST 四环,8.94,9.35,8.94,8.95,9.41,-0.47,-4.9947,0.1086,44800,401246.0,833431500.0,368775000.0
2008-08-08,'000605,*ST 四环,9.41,9.97,9.41,9.97,9.9,-0.49,-4.9495,0.6719,277160,2669836.4,877247250.0,388162500.0
2008-08-07,'000605,*ST 四环,9.9,10.09,9.8,9.99,9.8,0.1,1.0204,1.0796,445346,4415007.96,922927500.0,408375000.0
2008-08-06,'000605,*ST 四环,9.8,10.0,9.65,9.98,9.75,0.05,0.5128,0.6808,280839,2765839.23,913605000.0,404250000.0
2008-08-05,'000605,*ST 四环,9.75,10.1,9.72,10.01,10.0,-0.25,-2.5,0.8257,340606,3373006.5,908943750.0,402187500.0
2008-08-04,'000605,*ST 四环,10.0,10.24,10.0,10.2,10.32,-0.32,-3.1008,0.9508,392213,3963883.28,932250000.0,412500000.0
2008-08-01,'000605,*ST 四环,10.32,10.47,9.85,10.0,10.11,0.21,2.0772,1.3113,540919,5513930.07,962082000.0,425700000.0
2008-07-31,'000605,*ST 四环,10.11,10.45,10.1,10.45,10.46,-0.35,-3.3461,0.8469,349344,3557725.9,942504750.0,417037500.0
2008-07-30,'000605,*ST 四环,10.46,10.68,10.2,10.53,10.3,0.16,1.5534,1.349,556479,5780460.42,975133500.0,431475000.0
2008-07-29,'000605,*ST 四环,10.3,10.55,10.16,10.5,10.63,-0.33,-3.1044,1.2999,536214,5519734.38,960217500.0,424875000.0
2008-07-28,'000605,*ST 四环,10.63,10.86,10.5,10.58,10.52,0.11,1.0456,1.856,765606,8154030.56,990981750.0,438487500.0
2008-07-25,'000605,*ST 四环,10.52,10.59,10.3,10.45,10.59,-0.07,-0.661,1.5393,634945,6634717.76,980727000.0,433950000.0
2008-07-24,'000605,*ST 四环,10.59,10.78,10.4,10.4,10.31,0.28,2.7158,2.0531,846904,8975580.84,987252750.0,436837500.0
2008-07-23,'000605,*ST 四环,10.31,10.68,10.19,10.38,10.24,0.07,0.6836,1.9894,820623,8522849.87,961149750.0,425287500.0
2008-07-22,'000605,*ST 四环,10.24,10.77,10.2,10.62,10.4,-0.16,-1.5385,2.6905,1109829,11657948.44,954624000.0,422400000.0
2008-07-21,'000605,*ST 四环,10.4,10.4,9.66,9.92,9.9,0.5,5.0505,2.478,1022181,10533783.15,969540000.0,429000000.0
2008-07-18,'000605,*ST 四环,9.9,9.9,9.34,9.59,9.58,0.32,3.3403,1.3639,562615,5430434.25,922927500.0,408375000.0
2008-07-17,'000605,*ST 四环,9.58,10.25,9.54,10.04,10.04,-0.46,-4.5817,2.0634,851137,8367513.17,893095500.0,395175000.0
2008-07-16,'000605,*ST 四环,10.04,10.4,10.04,10.28,10.57,-0.53,-5.0142,2.7191,1121632,11342925.64,935979000.0,414150000.0
2008-07-15,'000605,*ST 四环,10.57,10.9,10.22,10.86,10.38,0.19,1.8304,5.3824,2220233,23694632.83,985388250.0,436012500.0
2008-07-14,'000605,*ST 四环,10.38,10.38,9.65,9.8,9.89,0.49,4.9545,2.4373,1005406,10348455.33,967675500.0,428175000.0
2008-07-11,'000605,*ST 四环,9.89,10.14,9.55,10.01,10.01,-0.12,-1.1988,2.1534,888274,8715374.52,921995250.0,407962500.0
2008-07-10,'000605,*ST 四环,10.01,10.53,10.0,10.3,10.35,-0.34,-3.285,2.5584,1055320,10734550.86,933182250.0,412912500.0
2008-07-09,'000605,*ST 四环,10.35,10.55,10.06,10.11,10.12,0.23,2.2727,3.1129,1284080,13118095.59,964878750.0,426937500.0
2008-07-08,'000605,*ST 四环,10.12,10.12,9.66,9.72,9.64,0.48,4.9793,3.9638,1635078,16411661.73,943437000.0,417450000.0
2008-07-07,'000605,*ST 四环,9.64,9.64,9.16,9.2,9.18,0.46,5.0109,2.1798,899172,8583802.66,898689000.0,397650000.0
2008-07-04,'000605,*ST 四环,9.18,9.25,8.9,9.15,9.12,0.06,0.6579,1.6117,664812,6031990.1,855805500.0,378675000.0
2008-07-03,'000605,*ST 四环,9.12,9.32,8.44,8.88,8.88,0.24,2.7027,3.2685,1348246,12034451.48,850212000.0,376200000.0
2008-07-02,'000605,*ST 四环,8.88,9.59,8.88,9.39,9.35,-0.47,-5.0267,1.3343,550407,5027164.81,827838000.0,366300000.0
2008-07-01,'000605,*ST 四环,9.35,10.04,9.35,9.84,9.84,-0.49,-4.9797,1.6849,695039,6624754.74,871653750.0,385687500.0
2008-06-30,'000605,*ST 四环,9.84,10.1,9.84,9.85,10.36,-0.52,-5.0193,1.7478,720973,7117360.72,917334000.0,405900000.0
2008-06-27,'000605,*ST 四环,10.36,10.9,10.36,10.36,10.9,-0.54,-4.9541,1.3574,559938,5807306.38,965811000.0,427350000.0
2008-06-26,'000605,*ST 四环,10.9,11.27,10.7,11.27,10.73,0.17,1.5843,4.1192,1699153,18775494.94,1016152500.0,449625000.0
2008-06-25,'000605,*ST 四环,10.73,10.73,10.1,10.38,10.22,0.51,4.9902,0.8713,359426,3803246.2,1000304250.0,442612500.0
2008-06-24,'000605,*ST 四环,10.22,10.33,9.8,9.8,9.95,0.27,2.7136,1.2752,526025,5302766.81,952759500.0,421575000.0
2008-06-23,'000605,*ST 四环,9.95,10.46,9.79,9.97,10.1,-0.15,-1.4851,1.1597,478373,4811759.37,927588750.0,410437500.0
2008-06-20,'000605,*ST 四环,10.1,10.7,9.76,9.76,10.27,-0.17,-1.6553,2.2417,924701,9416848.47,941572500.0,416625000.0
2008-06-19,'000605,*ST 四环,10.27,10.8,10.27,10.54,10.81,-0.54,-4.9954,1.0588,436762,4527397.76,957420750.0,423637500.0
2008-06-18,'000605,*ST 四环,10.81,10.98,10.02,10.02,10.55,0.26,2.4645,2.5248,1041467,10858513.84,1007762250.0,445912500.0
2008-06-17,'000605,*ST 四环,10.55,11.08,10.55,11.0,11.11,-0.56,-5.0405,1.0954,451860,4816902.0,983523750.0,435187500.0
2008-06-16,'000605,*ST 四环,11.11,11.99,11.11,11.33,11.69,-0.58,-4.9615,0.9476,390900,4402845.4,1035729750.0,458287500.0
2008-06-13,'000605,*ST 四环,11.69,12.48,11.68,12.15,12.19,-0.5,-4.1017,1.2846,529884,6390064.66,1089800250.0,482212500.0
2008-06-12,'000605,*ST 四环,12.19,12.78,12.18,12.2,12.82,-0.63,-4.9142,2.4385,1005894,12286673.16,1136412750.0,502837500.0
2008-06-11,'000605,*ST 四环,12.82,13.45,12.82,12.82,13.49,-0.67,-4.9666,1.8799,775475,9998995.51,1195144500.0,528825000.0
2008-06-10,'000605,*ST 四环,13.49,13.55,13.49,13.49,14.2,-0.71,-5.0,0.6669,275100,3711669.0,1257605250.0,556462500.0
2008-06-06,'000605,*ST 四环,14.2,15.16,13.86,15.16,14.47,-0.27,-1.8659,5.0511,2083587,30890117.51,1323795000.0,585750000.0
2008-06-05,'000605,*ST 四环,14.47,14.47,14.47,14.47,13.78,0.69,5.0073,0.3861,159281,2304796.07,1348965750.0,596887500.0
2008-06-04,'000605,*ST 四环,13.78,13.78,13.12,13.12,13.12,0.66,5.0305,0.8312,342876,4697080.89,1284640500.0,568425000.0
2008-06-03,'000605,*ST 四环,13.12,13.35,13.0,13.03,13.25,-0.13,-0.9811,1.0124,417610,5471605.32,1223112000.0,541200000.0
2008-06-02,'000605,*ST 四环,13.25,13.53,13.0,13.2,13.34,-0.09,-0.6747,0.9321,384493,5110289.09,1235231250.0,546562500.0
2008-05-30,'000605,*ST 四环,13.34,13.54,13.0,13.45,13.25,0.09,0.6792,0.9788,403755,5344259.78,1243621500.0,550275000.0
2008-05-29,'000605,*ST 四环,13.25,13.85,13.15,13.58,13.7,-0.45,-3.2847,1.1222,462914,6268195.81,1235231250.0,546562500.0
2008-05-28,'000605,*ST 四环,13.7,13.85,13.1,13.15,13.21,0.49,3.7093,1.6023,660948,8971189.95,1277182500.0,565125000.0
2008-05-27,'000605,*ST 四环,13.21,13.58,12.71,12.9,13.13,0.08,0.6093,1.0196,420599,5534953.26,1231502250.0,544912500.0
2008-05-26,'000605,*ST 四环,13.13,13.6,13.13,13.59,13.82,-0.69,-4.9928,1.8604,767413,10110799.16,1224044250.0,541612500.0
2008-05-23,'000605,*ST 四环,13.82,13.82,12.59,12.82,13.16,0.66,5.0152,2.793,1152130,15412410.7,1288369500.0,570075000.0
2008-05-22,'000605,*ST 四环,13.16,13.8,13.16,13.66,13.85,-0.69,-4.9819,2.2772,939331,12469451.02,1226841000.0,542850000.0
2008-05-21,'000605,*ST 四环,13.85,14.18,13.46,13.52,14.17,-0.32,-2.2583,2.3832,983086,13340201.2,1291166250.0,571312500.0
2008-05-20,'000605,*ST 四环,14.17,15.14,14.17,14.82,14.92,-0.75,-5.0268,2.2063,910099,13119092.17,1320998250.0,584512500.0
2008-05-19,'000605,*ST 四环,14.92,15.14,14.5,14.7,14.72,0.2,1.3587,1.9595,808288,12043280.71,1390917000.0,615450000.0
2008-05-16,'000605,*ST 四环,14.72,15.15,14.5,14.63,14.9,-0.18,-1.2081,2.9311,1209088,17801250.45,1372272000.0,607200000.0
2008-05-15,'000605,*ST 四环,14.9,15.33,14.6,14.6,14.61,0.29,1.9849,2.7204,1122184,16842469.21,1389052500.0,614625000.0
2008-05-14,'000605,*ST 四环,14.61,14.86,14.09,14.86,14.83,-0.22,-1.4835,3.1445,1297094,18805479.7,1362017250.0,602662500.0
2008-05-13,'000605,*ST 四环,14.83,15.25,13.83,13.9,14.52,0.31,2.135,4.9077,2024438,30015042.82,1382526750.0,611737500.0
2008-05-12,'000605,*ST 四环,14.52,15.0,14.34,14.45,15.09,-0.57,-3.7773,4.5427,1873882,27103540.46,1353627000.0,598950000.0
2008-05-09,'000605,*ST 四环,15.09,16.6,15.04,15.99,15.83,-0.74,-4.6747,4.8851,2015100,31066930.49,1406765250.0,622462500.0
2008-05-08,'000605,*ST 四环,0.0,0.0,0.0,0.0,15.83,None,None,0.0,0,0.0,1475751750.0,652987500.0
2008-05-07,'000605,*ST 四环,15.83,16.4,15.83,16.11,16.66,-0.83,-4.982,9.2519,3816404,60710228.07,1475751750.0,652987500.0
2008-05-06,'000605,*ST 四环,16.66,16.66,15.08,15.08,15.87,0.79,4.9779,10.2018,4208251,65581207.36,1553128500.0,687225000.0
2008-05-05,'000605,*ST 四环,15.87,17.55,15.87,17.55,16.71,-0.84,-5.0269,3.464,1428900,23614239.81,1479480750.0,654637500.0
2008-04-30,'000605,*ST 四环,16.71,16.71,16.71,16.71,15.91,0.8,5.0283,0.3988,164520,2749129.2,1557789750.0,689287500.0
2008-04-29,'000605,*ST 四环,0.0,0.0,0.0,0.0,15.91,None,None,0.0,0,0.0,1483209750.0,656287500.0
2008-04-28,'000605,*ST 四环,0.0,0.0,0.0,0.0,15.91,None,None,0.0,0,0.0,1483209750.0,656287500.0
2008-04-25,'000605,*ST 四环,0.0,0.0,0.0,0.0,15.91,None,None,0.0,0,0.0,1483209750.0,656287500.0
2008-04-24,'000605,*ST 四环,0.0,0.0,0.0,0.0,15.91,None,None,0.0,0,0.0,1483209750.0,656287500.0
2008-04-23,'000605,*ST 四环,0.0,0.0,0.0,0.0,15.91,None,None,0.0,0,0.0,1483209750.0,656287500.0
2008-04-22,'000605,*ST 四环,0.0,0.0,0.0,0.0,15.91,None,None,0.0,0,0.0,1483209750.0,656287500.0
2008-04-21,'000605,*ST 四环,0.0,0.0,0.0,0.0,15.91,None,None,0.0,0,0.0,1483209750.0,656287500.0
2008-04-18,'000605,*ST 四环,0.0,0.0,0.0,0.0,15.91,None,None,0.0,0,0.0,1483209750.0,656287500.0
2008-04-17,'000605,*ST 四环,15.91,15.91,15.91,15.91,15.15,0.76,5.0165,0.9266,382208,6080929.28,1483209750.0,656287500.0
2008-04-16,'000605,*ST 四环,15.15,15.15,15.15,15.15,14.43,0.72,4.9896,0.8001,330060,5000409.0,1412358750.0,624937500.0
2008-04-15,'000605,*ST 四环,14.43,14.43,13.81,14.31,13.74,0.69,5.0218,4.7639,1965121,28173107.51,1345236750.0,595237500.0
2008-04-14,'000605,*ST 四环,13.74,13.74,13.2,13.74,13.09,0.65,4.9656,8.0771,3331797,45607082.81,1280911500.0,566775000.0
2008-04-11,'000605,*ST 四环,13.09,13.09,12.76,13.0,12.47,0.62,4.9719,1.2968,534950,6979376.52,1220315250.0,539962500.0
2008-04-10,'000605,*ST 四环,12.47,12.47,11.88,12.0,11.88,0.59,4.9663,7.851,3238552,39827724.68,1162515750.0,514387500.0
2008-04-09,'000605,*ST 四环,11.88,11.88,11.75,11.88,11.31,0.57,5.0398,5.304,2187882,25988585.72,1107513000.0,490050000.0
2008-04-08,'000605,*ST 四环,11.31,11.31,11.31,11.31,10.77,0.54,5.0139,0.6465,266687,3016229.97,1054374750.0,466537500.0
2008-04-07,'000605,*ST 四环,10.77,10.77,9.87,10.01,10.26,0.51,4.9708,1.5745,649466,6942271.54,1004033250.0,444262500.0
2008-04-03,'000605,*ST 四环,10.26,10.72,10.18,10.18,10.72,-0.46,-4.291,3.3209,1369859,14061672.74,956488500.0,423225000.0
2008-04-02,'000605,*ST 四环,10.72,11.2,10.72,10.9,11.28,-0.56,-4.9645,3.3403,1377894,14812606.19,999372000.0,442200000.0
2008-04-01,'000605,*ST 四环,11.28,11.87,11.28,11.59,11.87,-0.59,-4.9705,1.5699,647595,7360512.39,1051578000.0,465300000.0
2008-03-31,'000605,*ST 四环,11.87,12.3,11.87,11.88,12.49,-0.62,-4.964,2.9997,1237373,14775225.1,1106580750.0,489637500.0
2008-03-28,'000605,*ST 四环,12.49,12.75,11.55,11.55,12.16,0.33,2.7138,4.9346,2035516,24264782.88,1164380250.0,515212500.0
2008-03-27,'000605,*ST 四环,12.16,12.55,12.16,12.52,12.8,-0.64,-5.0,1.4938,616200,7514266.9,1133616000.0,501600000.0
2008-03-26,'000605,*ST 四环,12.8,13.69,12.68,13.37,13.24,-0.44,-3.3233,2.7422,1131168,14885025.92,1193280000.0,528000000.0
2008-03-25,'000605,*ST 四环,13.24,13.68,13.21,13.48,13.9,-0.66,-4.7482,4.2981,1772975,23508995.39,1234299000.0,546150000.0
2008-03-24,'000605,*ST 四环,13.9,15.1,13.9,14.5,14.63,-0.73,-4.9897,3.3963,1400984,20452947.29,1295827500.0,573375000.0
2008-03-21,'000605,*ST 四环,14.63,15.08,14.44,15.0,15.2,-0.57,-3.75,4.7417,1955946,28641185.78,1363881750.0,603487500.0
2008-03-20,'000605,*ST 四环,15.2,15.32,14.43,14.43,15.19,0.01,0.0658,6.7782,2796007,40669552.53,1417020000.0,627000000.0
2008-03-19,'000605,*ST 四环,15.19,15.9,15.19,15.19,15.99,-0.8,-5.0031,8.3484,3443698,52617651.54,1416087750.0,626587500.0
2008-03-18,'000605,*ST 四环,15.99,15.99,15.99,15.99,16.83,-0.84,-4.9911,0.0446,18400,294216.0,1490667750.0,659587500.0
2008-03-17,'000605,*ST 四环,16.83,17.72,16.83,17.72,17.72,-0.89,-5.0226,0.5634,232400,3947074.0,1568976750.0,694237500.0
2008-03-14,'000605,*ST 四环,0.0,0.0,0.0,0.0,17.72,None,None,0.0,0,0.0,1651947000.0,730950000.0
2008-03-13,'000605,*ST 四环,17.72,17.72,16.59,16.76,16.88,0.84,4.9763,10.3856,4284079,75716065.02,1651947000.0,730950000.0
2008-03-12,'000605,*ST 四环,16.88,17.33,16.57,16.86,16.89,-0.01,-0.0592,2.645,1091063,18461359.27,1573638000.0,696300000.0
2008-03-11,'000605,*ST 四环,16.89,16.89,15.59,16.0,16.09,0.8,4.972,3.776,1557618,25689894.11,1574570250.0,696712500.0
2008-03-10,'000605,*ST 四环,16.09,16.9,16.09,16.9,16.94,-0.85,-5.0177,3.2052,1322146,21468741.62,1499990250.0,663712500.0
2008-03-07,'000605,*ST 四环,16.94,17.46,16.8,17.2,17.4,-0.46,-2.6437,1.9436,801728,13689182.56,1579231500.0,698775000.0
2008-03-06,'000605,*ST 四环,17.4,17.99,16.81,17.25,17.19,0.21,1.2216,3.1907,1316168,22891211.33,1622115000.0,717750000.0
2008-03-05,'000605,*ST 四环,17.19,17.64,16.53,17.15,17.1,0.09,0.5263,3.2905,1357333,23238324.85,1602537750.0,709087500.0
2008-03-04,'000605,*ST 四环,17.1,17.99,17.07,17.8,17.66,-0.56,-3.171,3.7734,1556535,27061490.67,1594147500.0,705375000.0
2008-03-03,'000605,*ST 四环,17.66,18.25,17.44,18.1,18.09,-0.43,-2.377,4.2589,1756805,31270686.91,1646353500.0,728475000.0
2008-02-29,'000605,*ST 四环,18.09,18.09,17.24,17.48,17.23,0.86,4.9913,3.4815,1436125,25488096.61,1686440250.0,746212500.0
2008-02-28,'000605,*ST 四环,0.0,0.0,0.0,0.0,17.23,None,None,0.0,0,0.0,1606266750.0,710737500.0
2008-02-27,'000605,*ST 四环,17.23,18.0,17.02,17.02,17.54,-0.31,-1.7674,4.3419,1791044,31492628.52,1606266750.0,710737500.0
2008-02-26,'000605,*ST 四环,17.54,17.98,17.54,17.54,18.46,-0.92,-4.9837,2.4289,1001934,17597870.35,1635166500.0,723525000.0
2008-02-25,'000605,*ST 四环,18.46,18.99,18.46,18.46,19.43,-0.97,-4.9923,0.9808,404600,7478438.0,1720933500.0,761475000.0
2008-02-22,'000605,*ST 四环,19.43,20.2,19.43,20.2,20.45,-1.02,-4.9878,2.8111,1159559,22684268.36,1811361750.0,801487500.0
2008-02-21,'000605,*ST 四环,20.45,21.63,19.6,21.62,20.61,-0.16,-0.7763,9.139,3769844,78275204.7,1906451250.0,843562500.0
2008-02-20,'000605,*ST 四环,20.61,20.61,19.65,19.7,19.63,0.98,4.9924,6.2527,2579232,52663004.3,1921367250.0,850162500.0
2008-02-19,'000605,*ST 四环,19.63,19.96,19.23,19.52,19.61,0.02,0.102,3.8709,1596742,31119139.26,1830006750.0,809737500.0
2008-02-18,'000605,*ST 四环,19.61,20.19,19.15,19.51,19.8,-0.19,-0.9596,4.6959,1937052,38089100.96,1828142250.0,808912500.0
2008-02-15,'000605,*ST 四环,19.8,20.92,19.28,19.6,20.28,-0.48,-2.3669,5.7577,2375049,47354625.59,1845855000.0,816750000.0
2008-02-14,'000605,*ST 四环,20.28,20.28,18.63,18.91,19.31,0.97,5.0233,10.4991,4330899,85466809.27,1890603000.0,836550000.0
2008-02-13,'000605,*ST 四环,19.31,19.9,19.31,19.31,20.33,-1.02,-5.0172,2.6856,1107810,21407856.67,1800174750.0,796537500.0
2008-02-05,'000605,*ST 四环,20.33,20.85,20.33,20.33,21.4,-1.07,-5.0,3.8647,1594171,32497190.33,1895264250.0,838612500.0
2008-02-04,'000605,*ST 四环,21.4,23.24,21.37,21.37,22.49,-1.09,-4.8466,12.0656,4977056,107775053.31,1995015000.0,882750000.0
2008-02-01,'000605,*ST 四环,22.49,22.49,22.49,22.49,23.67,-1.18,-4.9852,0.0807,33300,748917.0,2096630250.0,927712500.0
2008-01-31,'000605,*ST 四环,23.67,23.67,23.67,23.67,24.92,-1.25,-5.0161,0.0313,12900,305343.0,2206635750.0,976387500.0
2008-01-30,'000605,*ST 四环,24.92,24.92,24.92,24.92,26.23,-1.31,-4.9943,0.0536,22100,550732.0,2323167000.0,1027950000.0
2008-01-29,'000605,*ST 四环,26.23,26.23,26.23,26.23,27.61,-1.38,-4.9982,0.0417,17200,451156.0,2445291750.0,1081987500.0
2008-01-28,'000605,*ST 四环,27.61,27.61,27.61,27.61,29.06,-1.45,-4.9897,0.3236,133500,3685935.0,2573942250.0,1138912500.0
2008-01-25,'000605,*ST 四环,0.0,0.0,0.0,0.0,29.06,None,None,0.0,0,0.0,2709118500.0,1198725000.0
2008-01-24,'000605,*ST 四环,0.0,0.0,0.0,0.0,29.06,None,None,0.0,0,0.0,2709118500.0,1198725000.0
2008-01-23,'000605,*ST 四环,0.0,0.0,0.0,0.0,29.06,None,None,0.0,0,0.0,2709118500.0,1198725000.0
2008-01-22,'000605,*ST 四环,0.0,0.0,0.0,0.0,29.06,None,None,0.0,0,0.0,2709118500.0,1198725000.0
2008-01-21,'000605,*ST 四环,0.0,0.0,0.0,0.0,29.06,None,None,0.0,0,0.0,2709118500.0,911031000.0
2008-01-18,'000605,*ST 四环,0.0,0.0,0.0,0.0,29.06,None,None,0.0,0,0.0,2709118500.0,911031000.0
2008-01-17,'000605,*ST 四环,0.0,0.0,0.0,0.0,29.06,None,None,0.0,0,0.0,2709118500.0,911031000.0
2008-01-16,'000605,*ST 四环,0.0,0.0,0.0,0.0,29.06,None,None,0.0,0,0.0,2709118500.0,911031000.0
2008-01-15,'000605,*ST 四环,0.0,0.0,0.0,0.0,29.06,None,None,0.0,0,0.0,2709118500.0,911031000.0
2008-01-14,'000605,*ST 四环,0.0,0.0,0.0,0.0,29.06,None,None,0.0,0,0.0,2709118500.0,911031000.0
2008-01-11,'000605,*ST 四环,29.06,29.06,27.48,29.06,27.68,1.38,4.9855,18.5881,5827355,167545806.64,2709118500.0,911031000.0
2008-01-10,'000605,*ST 四环,27.68,27.68,27.68,27.68,26.36,1.32,5.0076,0.4279,134133,3712801.44,2580468000.0,867768000.0
2008-01-09,'000605,*ST 四环,26.36,26.36,26.13,26.2,25.1,1.26,5.0199,1.2227,383301,10086777.36,2457411000.0,826386000.0
2008-01-08,'000605,*ST 四环,25.1,25.1,24.0,25.1,23.9,1.2,5.0209,7.767,2434939,60905382.93,2339947500.0,786885000.0
2008-01-07,'000605,*ST 四环,23.9,23.9,23.9,23.9,22.76,1.14,5.0088,0.5713,179108,4280681.2,2228077500.0,749265000.0
2008-01-04,'000605,*ST 四环,22.76,22.76,22.0,22.76,21.68,1.08,4.9815,1.2449,390281,8868564.04,2121801000.0,713526000.0
2008-01-03,'000605,*ST 四环,21.68,21.68,21.12,21.68,20.65,1.03,4.9879,1.3773,431783,9357761.44,2021118000.0,679668000.0
2008-01-02,'000605,*ST 四环,20.65,20.65,19.67,19.9,19.67,0.98,4.9822,2.8569,895637,18306427.64,1925096250.0,647377500.0
2007-12-28,'000605,*ST 四环,19.67,19.67,18.48,19.67,18.73,0.94,5.0187,4.9996,1567381,30732090.73,1833735750.0,616654500.0
2007-12-27,'000605,*ST 四环,0.0,0.0,0.0,0.0,18.73,None,None,0.0,0,0.0,1746104250.0,587185500.0
2007-12-26,'000605,*ST 四环,18.73,18.74,17.15,18.74,17.85,0.88,4.93,17.4097,5457938,101079420.89,1746104250.0,587185500.0
2007-12-25,'000605,*ST 四环,17.85,17.85,17.85,17.85,17.0,0.85,5.0,0.3955,123985,2213132.25,1664066250.0,559597500.0
2007-12-24,'000605,*ST 四环,17.0,17.0,16.7,17.0,16.19,0.81,5.0031,2.1535,675112,11455498.16,1584825000.0,532950000.0
2007-12-21,'000605,*ST 四环,16.19,16.19,15.25,15.4,15.42,0.77,4.9935,11.8335,3709791,59461428.83,1509312750.0,507556500.0
2007-12-20,'000605,*ST 四环,15.42,16.7,15.24,15.98,16.04,-0.62,-3.8653,12.8852,4039497,64377560.84,1437529500.0,483417000.0
2007-12-19,'000605,*ST 四环,16.04,16.04,14.7,15.25,15.28,0.76,4.9738,19.8292,6216452,97259286.61,1495329000.0,502854000.0
2007-12-18,'000605,*ST 四环,15.28,15.28,13.82,15.28,14.55,0.73,5.0172,20.2262,6340922,94452302.33,1424478000.0,479028000.0
2007-12-17,'000605,*ST 四环,0.0,0.0,0.0,0.0,14.55,None,None,0.0,0,0.0,1356423750.0,456142500.0
2007-12-14,'000605,*ST 四环,0.0,0.0,0.0,0.0,14.55,None,None,0.0,0,0.0,1356423750.0,456142500.0
2007-12-13,'000605,*ST 四环,0.0,0.0,0.0,0.0,14.55,None,None,0.0,0,0.0,1356423750.0,456142500.0
2007-12-12,'000605,*ST 四环,0.0,0.0,0.0,0.0,14.55,None,None,0.0,0,0.0,1356423750.0,456142500.0
2007-12-11,'000605,*ST 四环,0.0,0.0,0.0,0.0,14.55,None,None,0.0,0,0.0,1356423750.0,456142500.0
2007-12-10,'000605,*ST 四环,0.0,0.0,0.0,0.0,14.55,None,None,0.0,0,0.0,1356423750.0,456142500.0
2007-12-07,'000605,*ST 四环,0.0,0.0,0.0,0.0,14.55,None,None,0.0,0,0.0,1356423750.0,456142500.0
2007-12-06,'000605,*ST 四环,0.0,0.0,0.0,0.0,14.55,None,None,0.0,0,0.0,1356423750.0,456142500.0
2007-12-05,'000605,*ST 四环,0.0,0.0,0.0,0.0,14.55,None,None,0.0,0,0.0,1356423750.0,456142500.0
2007-12-04,'000605,*ST 四环,0.0,0.0,0.0,0.0,14.55,None,None,0.0,0,0.0,1356423750.0,456142500.0
2007-12-03,'000605,*ST 四环,14.55,14.55,14.55,14.55,13.86,0.69,4.9784,0.4678,146655,2133830.25,1356423750.0,456142500.0
2007-11-30,'000605,*ST 四环,13.86,13.86,13.86,13.86,13.2,0.66,5.0,0.1988,62320,863755.2,1292098500.0,434511000.0
2007-11-29,'000605,*ST 四环,13.2,13.2,13.2,13.2,12.57,0.63,5.0119,0.0528,16556,218539.2,1230570000.0,413820000.0
2007-11-28,'000605,*ST 四环,12.57,12.57,12.57,12.57,11.97,0.6,5.0125,0.043,13492,169594.44,1171838250.0,394069500.0
2007-11-27,'000605,*ST 四环,11.97,11.97,11.97,11.97,11.4,0.57,5.0,0.167,52368,626844.96,1115903250.0,375259500.0
2007-11-26,'000605,*ST 四环,11.4,11.4,11.4,11.4,10.86,0.54,4.9724,0.293,91855,1047147.0,1062765000.0,357390000.0
2007-11-23,'000605,*ST 四环,0.0,0.0,0.0,0.0,10.86,None,None,0.0,0,0.0,1012423500.0,340461000.0
2007-11-22,'000605,*ST 四环,0.0,0.0,0.0,0.0,10.86,None,None,0.0,0,0.0,1012423500.0,340461000.0
2007-11-21,'000605,*ST 四环,0.0,0.0,0.0,0.0,10.86,None,None,0.0,0,0.0,1012423500.0,340461000.0
2007-11-20,'000605,*ST 四环,0.0,0.0,0.0,0.0,10.86,None,None,0.0,0,0.0,1012423500.0,340461000.0
2007-11-19,'000605,*ST 四环,0.0,0.0,0.0,0.0,10.86,None,None,0.0,0,0.0,1012423500.0,340461000.0
2007-11-16,'000605,*ST 四环,0.0,0.0,0.0,0.0,10.86,None,None,0.0,0,0.0,1012423500.0,340461000.0
2007-11-15,'000605,*ST 四环,0.0,0.0,0.0,0.0,10.86,None,None,0.0,0,0.0,1012423500.0,340461000.0
2007-11-14,'000605,*ST 四环,0.0,0.0,0.0,0.0,10.86,None,None,0.0,0,0.0,1012423500.0,340461000.0
2007-11-13,'000605,*ST 四环,0.0,0.0,0.0,0.0,10.86,None,None,0.0,0,0.0,1012423500.0,340461000.0
2007-11-12,'000605,*ST 四环,0.0,0.0,0.0,0.0,10.86,None,None,0.0,0,0.0,1012423500.0,340461000.0
2007-11-09,'000605,*ST 四环,0.0,0.0,0.0,0.0,10.86,None,None,0.0,0,0.0,1012423500.0,340461000.0
2007-11-08,'000605,*ST 四环,0.0,0.0,0.0,0.0,10.86,None,None,0.0,0,0.0,1012423500.0,340461000.0
2007-11-07,'000605,*ST 四环,0.0,0.0,0.0,0.0,10.86,None,None,0.0,0,0.0,1012423500.0,340461000.0
2007-11-06,'000605,*ST 四环,0.0,0.0,0.0,0.0,10.86,None,None,0.0,0,0.0,1012423500.0,340461000.0
2007-11-05,'000605,*ST 四环,0.0,0.0,0.0,0.0,10.86,None,None,0.0,0,0.0,1012423500.0,340461000.0
2007-11-02,'000605,*ST 四环,0.0,0.0,0.0,0.0,10.86,None,None,0.0,0,0.0,1012423500.0,340461000.0
2007-11-01,'000605,*ST 四环,0.0,0.0,0.0,0.0,10.86,None,None,0.0,0,0.0,1012423500.0,340461000.0
2007-10-31,'000605,*ST 四环,0.0,0.0,0.0,0.0,10.86,None,None,0.0,0,0.0,1012423500.0,340461000.0
2007-10-30,'000605,*ST 四环,0.0,0.0,0.0,0.0,10.86,None,None,0.0,0,0.0,1012423500.0,340461000.0
2007-10-29,'000605,*ST 四环,0.0,0.0,0.0,0.0,10.86,None,None,0.0,0,0.0,1012423500.0,340461000.0
2007-10-26,'000605,*ST 四环,0.0,0.0,0.0,0.0,10.86,None,None,0.0,0,0.0,1012423500.0,340461000.0
2007-10-25,'000605,*ST 四环,0.0,0.0,0.0,0.0,10.86,None,None,0.0,0,0.0,1012423500.0,340461000.0
2007-10-24,'000605,*ST 四环,0.0,0.0,0.0,0.0,10.86,None,None,0.0,0,0.0,1012423500.0,340461000.0
2007-10-23,'000605,*ST 四环,0.0,0.0,0.0,0.0,10.86,None,None,0.0,0,0.0,1012423500.0,340461000.0
2007-10-22,'000605,*ST 四环,0.0,0.0,0.0,0.0,10.86,None,None,0.0,0,0.0,1012423500.0,340461000.0
2007-10-19,'000605,*ST 四环,0.0,0.0,0.0,0.0,10.86,None,None,0.0,0,0.0,1012423500.0,340461000.0
2007-10-18,'000605,*ST 四环,0.0,0.0,0.0,0.0,10.86,None,None,0.0,0,0.0,1012423500.0,340461000.0
2007-10-17,'000605,*ST 四环,0.0,0.0,0.0,0.0,10.86,None,None,0.0,0,0.0,1012423500.0,340461000.0
2007-10-16,'000605,*ST 四环,0.0,0.0,0.0,0.0,10.86,None,None,0.0,0,0.0,1012423500.0,340461000.0
2007-10-15,'000605,*ST 四环,0.0,0.0,0.0,0.0,10.86,None,None,0.0,0,0.0,1012423500.0,340461000.0
2007-10-12,'000605,*ST 四环,0.0,0.0,0.0,0.0,10.86,None,None,0.0,0,0.0,1012423500.0,340461000.0
2007-10-11,'000605,*ST 四环,0.0,0.0,0.0,0.0,10.86,None,None,0.0,0,0.0,1012423500.0,340461000.0
2007-10-10,'000605,*ST 四环,0.0,0.0,0.0,0.0,10.86,None,None,0.0,0,0.0,1012423500.0,340461000.0
2007-10-09,'000605,*ST 四环,0.0,0.0,0.0,0.0,10.86,None,None,0.0,0,0.0,1012423500.0,340461000.0
2007-10-08,'000605,*ST 四环,0.0,0.0,0.0,0.0,10.86,None,None,0.0,0,0.0,1012423500.0,340461000.0
2007-09-28,'000605,*ST 四环,0.0,0.0,0.0,0.0,10.86,None,None,0.0,0,0.0,1012423500.0,340461000.0
2007-09-27,'000605,*ST 四环,0.0,0.0,0.0,0.0,10.86,None,None,0.0,0,0.0,1012423500.0,340461000.0
2007-09-26,'000605,*ST 四环,0.0,0.0,0.0,0.0,10.86,None,None,0.0,0,0.0,1012423500.0,340461000.0
2007-09-25,'000605,*ST 四环,0.0,0.0,0.0,0.0,10.86,None,None,0.0,0,0.0,1012423500.0,340461000.0
2007-09-24,'000605,*ST 四环,0.0,0.0,0.0,0.0,10.86,None,None,0.0,0,0.0,1012423500.0,340461000.0
2007-09-21,'000605,*ST 四环,0.0,0.0,0.0,0.0,10.86,None,None,0.0,0,0.0,1012423500.0,340461000.0
2007-09-20,'000605,*ST 四环,0.0,0.0,0.0,0.0,10.86,None,None,0.0,0,0.0,1012423500.0,340461000.0
2007-09-19,'000605,*ST 四环,0.0,0.0,0.0,0.0,10.86,None,None,0.0,0,0.0,1012423500.0,340461000.0
2007-09-18,'000605,*ST 四环,0.0,0.0,0.0,0.0,10.86,None,None,0.0,0,0.0,1012423500.0,340461000.0
2007-09-17,'000605,*ST 四环,0.0,0.0,0.0,0.0,10.86,None,None,0.0,0,0.0,1012423500.0,340461000.0
2007-09-14,'000605,*ST 四环,0.0,0.0,0.0,0.0,10.86,None,None,0.0,0,0.0,1012423500.0,340461000.0
2007-09-13,'000605,*ST 四环,0.0,0.0,0.0,0.0,10.86,None,None,0.0,0,0.0,1012423500.0,340461000.0
2007-09-12,'000605,*ST 四环,0.0,0.0,0.0,0.0,10.86,None,None,0.0,0,0.0,1012423500.0,340461000.0
2007-09-11,'000605,*ST 四环,0.0,0.0,0.0,0.0,10.86,None,None,0.0,0,0.0,1012423500.0,340461000.0
2007-09-10,'000605,*ST 四环,0.0,0.0,0.0,0.0,10.86,None,None,0.0,0,0.0,1012423500.0,340461000.0
2007-09-07,'000605,*ST 四环,0.0,0.0,0.0,0.0,10.86,None,None,0.0,0,0.0,1012423500.0,340461000.0
2007-09-06,'000605,*ST 四环,0.0,0.0,0.0,0.0,10.86,None,None,0.0,0,0.0,1012423500.0,340461000.0
2007-09-05,'000605,*ST 四环,0.0,0.0,0.0,0.0,10.86,None,None,0.0,0,0.0,1012423500.0,340461000.0
2007-09-04,'000605,*ST 四环,0.0,0.0,0.0,0.0,10.86,None,None,0.0,0,0.0,1012423500.0,340461000.0
2007-09-03,'000605,*ST 四环,0.0,0.0,0.0,0.0,10.86,None,None,0.0,0,0.0,1012423500.0,340461000.0
2007-08-31,'000605,*ST 四环,0.0,0.0,0.0,0.0,10.86,None,None,0.0,0,0.0,1012423500.0,340461000.0
2007-08-30,'000605,*ST 四环,0.0,0.0,0.0,0.0,10.86,None,None,0.0,0,0.0,1012423500.0,340461000.0
2007-08-29,'000605,*ST 四环,0.0,0.0,0.0,0.0,10.86,None,None,0.0,0,0.0,1012423500.0,340461000.0
2007-08-28,'000605,*ST 四环,0.0,0.0,0.0,0.0,10.86,None,None,0.0,0,0.0,1012423500.0,340461000.0
2007-08-27,'000605,*ST 四环,0.0,0.0,0.0,0.0,10.86,None,None,0.0,0,0.0,1012423500.0,340461000.0
2007-08-24,'000605,*ST 四环,0.0,0.0,0.0,0.0,10.86,None,None,0.0,0,0.0,1012423500.0,340461000.0
2007-08-23,'000605,*ST 四环,0.0,0.0,0.0,0.0,10.86,None,None,0.0,0,0.0,1012423500.0,340461000.0
2007-08-22,'000605,*ST 四环,0.0,0.0,0.0,0.0,10.86,None,None,0.0,0,0.0,1012423500.0,340461000.0
2007-08-21,'000605,*ST 四环,0.0,0.0,0.0,0.0,10.86,None,None,0.0,0,0.0,1012423500.0,340461000.0
2007-08-20,'000605,*ST 四环,0.0,0.0,0.0,0.0,10.86,None,None,0.0,0,0.0,1012423500.0,340461000.0
2007-08-17,'000605,*ST 四环,0.0,0.0,0.0,0.0,10.86,None,None,0.0,0,0.0,1012423500.0,340461000.0
2007-08-16,'000605,*ST 四环,0.0,0.0,0.0,0.0,10.86,None,None,0.0,0,0.0,1012423500.0,340461000.0
2007-08-15,'000605,*ST 四环,0.0,0.0,0.0,0.0,10.86,None,None,0.0,0,0.0,1012423500.0,340461000.0
2007-08-14,'000605,*ST 四环,0.0,0.0,0.0,0.0,10.86,None,None,0.0,0,0.0,1012423500.0,340461000.0
2007-08-13,'000605,*ST 四环,0.0,0.0,0.0,0.0,10.86,None,None,0.0,0,0.0,1012423500.0,340461000.0
2007-08-10,'000605,*ST 四环,0.0,0.0,0.0,0.0,10.86,None,None,0.0,0,0.0,1012423500.0,340461000.0
2007-08-09,'000605,*ST 四环,0.0,0.0,0.0,0.0,10.86,None,None,0.0,0,0.0,1012423500.0,340461000.0
2007-08-08,'000605,*ST 四环,0.0,0.0,0.0,0.0,10.86,None,None,0.0,0,0.0,1012423500.0,340461000.0
2007-08-07,'000605,*ST 四环,0.0,0.0,0.0,0.0,10.86,None,None,0.0,0,0.0,1012423500.0,340461000.0
2007-08-06,'000605,*ST 四环,0.0,0.0,0.0,0.0,10.86,None,None,0.0,0,0.0,1012423500.0,340461000.0
2007-08-03,'000605,*ST 四环,0.0,0.0,0.0,0.0,10.86,None,None,0.0,0,0.0,1012423500.0,340461000.0
2007-08-02,'000605,*ST 四环,0.0,0.0,0.0,0.0,10.86,None,None,0.0,0,0.0,1012423500.0,340461000.0
2007-08-01,'000605,*ST 四环,0.0,0.0,0.0,0.0,10.86,None,None,0.0,0,0.0,1012423500.0,340461000.0
2007-07-31,'000605,*ST 四环,0.0,0.0,0.0,0.0,10.86,None,None,0.0,0,0.0,1012423500.0,340461000.0
2007-07-30,'000605,*ST 四环,0.0,0.0,0.0,0.0,10.86,None,None,0.0,0,0.0,1012423500.0,340461000.0
2007-07-27,'000605,*ST 四环,0.0,0.0,0.0,0.0,10.86,None,None,0.0,0,0.0,1012423500.0,340461000.0
2007-07-26,'000605,*ST 四环,0.0,0.0,0.0,0.0,10.86,None,None,0.0,0,0.0,1012423500.0,340461000.0
2007-07-25,'000605,*ST 四环,0.0,0.0,0.0,0.0,10.86,None,None,0.0,0,0.0,1012423500.0,340461000.0
2007-07-24,'000605,*ST 四环,0.0,0.0,0.0,0.0,10.86,None,None,0.0,0,0.0,1012423500.0,340461000.0
2007-07-23,'000605,*ST 四环,0.0,0.0,0.0,0.0,10.86,None,None,0.0,0,0.0,1012423500.0,340461000.0
2007-07-20,'000605,*ST 四环,0.0,0.0,0.0,0.0,10.86,None,None,0.0,0,0.0,1012423500.0,340461000.0
2007-07-19,'000605,*ST 四环,0.0,0.0,0.0,0.0,10.86,None,None,0.0,0,0.0,1012423500.0,340461000.0
2007-07-18,'000605,*ST 四环,0.0,0.0,0.0,0.0,10.86,None,None,0.0,0,0.0,1012423500.0,340461000.0
2007-07-17,'000605,*ST 四环,0.0,0.0,0.0,0.0,10.86,None,None,0.0,0,0.0,1012423500.0,340461000.0
2007-07-16,'000605,*ST 四环,0.0,0.0,0.0,0.0,10.86,None,None,0.0,0,0.0,1012423500.0,340461000.0
2007-07-13,'000605,*ST 四环,0.0,0.0,0.0,0.0,10.86,None,None,0.0,0,0.0,1012423500.0,340461000.0
2007-07-12,'000605,*ST 四环,0.0,0.0,0.0,0.0,10.86,None,None,0.0,0,0.0,1012423500.0,340461000.0
2007-07-11,'000605,*ST 四环,0.0,0.0,0.0,0.0,10.86,None,None,0.0,0,0.0,1012423500.0,340461000.0
2007-07-10,'000605,*ST 四环,0.0,0.0,0.0,0.0,10.86,None,None,0.0,0,0.0,1012423500.0,340461000.0
2007-07-09,'000605,*ST 四环,0.0,0.0,0.0,0.0,10.86,None,None,0.0,0,0.0,1012423500.0,340461000.0
2007-07-06,'000605,*ST 四环,0.0,0.0,0.0,0.0,10.86,None,None,0.0,0,0.0,1012423500.0,340461000.0
2007-07-05,'000605,*ST 四环,0.0,0.0,0.0,0.0,10.86,None,None,0.0,0,0.0,1012423500.0,340461000.0
2007-07-04,'000605,*ST 四环,0.0,0.0,0.0,0.0,10.86,None,None,0.0,0,0.0,1012423500.0,340461000.0
2007-07-03,'000605,*ST 四环,0.0,0.0,0.0,0.0,10.86,None,None,0.0,0,0.0,1012423500.0,340461000.0
2007-07-02,'000605,*ST 四环,0.0,0.0,0.0,0.0,10.86,None,None,0.0,0,0.0,1012423500.0,340461000.0
2007-06-29,'000605,*ST 四环,0.0,0.0,0.0,0.0,10.86,None,None,0.0,0,0.0,1012423500.0,340461000.0
2007-06-28,'000605,*ST 四环,0.0,0.0,0.0,0.0,10.86,None,None,0.0,0,0.0,1012423500.0,340461000.0
2007-06-27,'000605,*ST 四环,0.0,0.0,0.0,0.0,10.86,None,None,0.0,0,0.0,1012423500.0,340461000.0
2007-06-26,'000605,*ST 四环,0.0,0.0,0.0,0.0,10.86,None,None,0.0,0,0.0,1012423500.0,340461000.0
2007-06-25,'000605,*ST 四环,0.0,0.0,0.0,0.0,10.86,None,None,0.0,0,0.0,1012423500.0,340461000.0
2007-06-22,'000605,*ST 四环,0.0,0.0,0.0,0.0,10.86,None,None,0.0,0,0.0,1012423500.0,340461000.0
2007-06-21,'000605,*ST 四环,0.0,0.0,0.0,0.0,10.86,None,None,0.0,0,0.0,1012423500.0,340461000.0
2007-06-20,'000605,*ST 四环,0.0,0.0,0.0,0.0,10.86,None,None,0.0,0,0.0,1012423500.0,340461000.0
2007-06-19,'000605,*ST 四环,0.0,0.0,0.0,0.0,10.86,None,None,0.0,0,0.0,1012423500.0,340461000.0
2007-06-18,'000605,*ST 四环,0.0,0.0,0.0,0.0,10.86,None,None,0.0,0,0.0,1012423500.0,340461000.0
2007-06-15,'000605,*ST 四环,0.0,0.0,0.0,0.0,10.86,None,None,0.0,0,0.0,1012423500.0,340461000.0
2007-06-14,'000605,*ST 四环,0.0,0.0,0.0,0.0,10.86,None,None,0.0,0,0.0,1012423500.0,340461000.0
2007-06-13,'000605,*ST 四环,0.0,0.0,0.0,0.0,10.86,None,None,0.0,0,0.0,1012423500.0,340461000.0
2007-06-12,'000605,*ST 四环,0.0,0.0,0.0,0.0,10.86,None,None,0.0,0,0.0,1012423500.0,340461000.0
2007-06-11,'000605,*ST 四环,0.0,0.0,0.0,0.0,10.86,None,None,0.0,0,0.0,1012423500.0,340461000.0
2007-06-08,'000605,*ST 四环,0.0,0.0,0.0,0.0,10.86,None,None,0.0,0,0.0,1012423500.0,340461000.0
2007-06-07,'000605,*ST 四环,0.0,0.0,0.0,0.0,10.86,None,None,0.0,0,0.0,1012423500.0,340461000.0
2007-06-06,'000605,*ST 四环,0.0,0.0,0.0,0.0,10.86,None,None,0.0,0,0.0,1012423500.0,340461000.0
2007-06-05,'000605,*ST 四环,0.0,0.0,0.0,0.0,10.86,None,None,0.0,0,0.0,1012423500.0,340461000.0
2007-06-04,'000605,*ST 四环,0.0,0.0,0.0,0.0,10.86,None,None,0.0,0,0.0,1012423500.0,340461000.0
2007-06-01,'000605,*ST 四环,0.0,0.0,0.0,0.0,10.86,None,None,0.0,0,0.0,1012423500.0,340461000.0
2007-05-31,'000605,*ST 四环,0.0,0.0,0.0,0.0,10.86,None,None,0.0,0,0.0,1012423500.0,340461000.0
2007-05-30,'000605,*ST 四环,0.0,0.0,0.0,0.0,10.86,None,None,0.0,0,0.0,1012423500.0,340461000.0
2007-05-29,'000605,*ST 四环,0.0,0.0,0.0,0.0,10.86,None,None,0.0,0,0.0,1012423500.0,340461000.0
2007-05-28,'000605,*ST 四环,0.0,0.0,0.0,0.0,10.86,None,None,0.0,0,0.0,1012423500.0,340461000.0
2007-05-25,'000605,*ST 四环,0.0,0.0,0.0,0.0,10.86,None,None,0.0,0,0.0,1012423500.0,340461000.0
2007-05-24,'000605,*ST 四环,0.0,0.0,0.0,0.0,10.86,None,None,0.0,0,0.0,1012423500.0,340461000.0
2007-05-23,'000605,*ST 四环,0.0,0.0,0.0,0.0,10.86,None,None,0.0,0,0.0,1012423500.0,340461000.0
2007-05-22,'000605,*ST 四环,0.0,0.0,0.0,0.0,10.86,None,None,0.0,0,0.0,1012423500.0,340461000.0
2007-05-21,'000605,*ST 四环,0.0,0.0,0.0,0.0,10.86,None,None,0.0,0,0.0,1012423500.0,340461000.0
2007-05-18,'000605,*ST 四环,0.0,0.0,0.0,0.0,10.86,None,None,0.0,0,0.0,1012423500.0,340461000.0
2007-05-17,'000605,*ST 四环,0.0,0.0,0.0,0.0,10.86,None,None,0.0,0,0.0,1012423500.0,340461000.0
2007-05-16,'000605,*ST 四环,0.0,0.0,0.0,0.0,10.86,None,None,0.0,0,0.0,1012423500.0,340461000.0
2007-05-15,'000605,*ST 四环,0.0,0.0,0.0,0.0,10.86,None,None,0.0,0,0.0,1012423500.0,340461000.0
2007-05-14,'000605,*ST 四环,0.0,0.0,0.0,0.0,10.86,None,None,0.0,0,0.0,1012423500.0,340461000.0
2007-05-11,'000605,*ST 四环,0.0,0.0,0.0,0.0,10.86,None,None,0.0,0,0.0,1012423500.0,340461000.0
2007-05-10,'000605,*ST 四环,0.0,0.0,0.0,0.0,10.86,None,None,0.0,0,0.0,1012423500.0,340461000.0
2007-05-09,'000605,*ST 四环,0.0,0.0,0.0,0.0,10.86,None,None,0.0,0,0.0,1012423500.0,340461000.0
2007-05-08,'000605,*ST 四环,0.0,0.0,0.0,0.0,10.86,None,None,0.0,0,0.0,1012423500.0,340461000.0
2007-04-30,'000605,*ST 四环,0.0,0.0,0.0,0.0,10.86,None,None,0.0,0,0.0,1012423500.0,340461000.0
2007-04-27,'000605,四环药业,0.0,0.0,0.0,0.0,10.86,None,None,0.0,0,0.0,1012423500.0,340461000.0
2007-04-26,'000605,四环药业,0.0,0.0,0.0,0.0,10.86,None,None,0.0,0,0.0,1012423500.0,340461000.0
2007-04-25,'000605,四环药业,0.0,0.0,0.0,0.0,10.86,None,None,0.0,0,0.0,1012423500.0,340461000.0
2007-04-24,'000605,四环药业,0.0,0.0,0.0,0.0,10.86,None,None,0.0,0,0.0,1012423500.0,340461000.0
2007-04-23,'000605,四环药业,0.0,0.0,0.0,0.0,10.86,None,None,0.0,0,0.0,1012423500.0,340461000.0
2007-04-20,'000605,四环药业,0.0,0.0,0.0,0.0,10.86,None,None,0.0,0,0.0,1012423500.0,340461000.0
2007-04-19,'000605,四环药业,0.0,0.0,0.0,0.0,10.86,None,None,0.0,0,0.0,1012423500.0,340461000.0
2007-04-18,'000605,四环药业,0.0,0.0,0.0,0.0,10.86,None,None,0.0,0,0.0,1012423500.0,340461000.0
2007-04-17,'000605,四环药业,0.0,0.0,0.0,0.0,10.86,None,None,0.0,0,0.0,1012423500.0,340461000.0
2007-04-16,'000605,四环药业,0.0,0.0,0.0,0.0,10.86,None,None,0.0,0,0.0,1012423500.0,340461000.0
2007-04-13,'000605,四环药业,0.0,0.0,0.0,0.0,10.86,None,None,0.0,0,0.0,1012423500.0,340461000.0
2007-04-12,'000605,四环药业,0.0,0.0,0.0,0.0,10.86,None,None,0.0,0,0.0,1012423500.0,340461000.0
2007-04-11,'000605,四环药业,0.0,0.0,0.0,0.0,10.86,None,None,0.0,0,0.0,1012423500.0,340461000.0
2007-04-10,'000605,四环药业,0.0,0.0,0.0,0.0,10.86,None,None,0.0,0,0.0,1012423500.0,340461000.0
2007-04-09,'000605,四环药业,0.0,0.0,0.0,0.0,10.86,None,None,0.0,0,0.0,1012423500.0,340461000.0
2007-04-06,'000605,四环药业,0.0,0.0,0.0,0.0,10.86,None,None,0.0,0,0.0,1012423500.0,340461000.0
2007-04-05,'000605,四环药业,0.0,0.0,0.0,0.0,10.86,None,None,0.0,0,0.0,1012423500.0,340461000.0
2007-04-04,'000605,四环药业,0.0,0.0,0.0,0.0,10.86,None,None,0.0,0,0.0,1012423500.0,340461000.0
2007-04-03,'000605,四环药业,0.0,0.0,0.0,0.0,10.86,None,None,0.0,0,0.0,1012423500.0,340461000.0
2007-04-02,'000605,四环药业,0.0,0.0,0.0,0.0,10.86,None,None,0.0,0,0.0,1012423500.0,340461000.0
2007-03-30,'000605,四环药业,0.0,0.0,0.0,0.0,10.86,None,None,0.0,0,0.0,1012423500.0,340461000.0
2007-03-29,'000605,四环药业,0.0,0.0,0.0,0.0,10.86,None,None,0.0,0,0.0,1012423500.0,340461000.0
2007-03-28,'000605,四环药业,0.0,0.0,0.0,0.0,10.86,None,None,0.0,0,0.0,1012423500.0,340461000.0
2007-03-27,'000605,四环药业,0.0,0.0,0.0,0.0,10.86,None,None,0.0,0,0.0,1012423500.0,340461000.0
2007-03-26,'000605,四环药业,0.0,0.0,0.0,0.0,10.86,None,None,0.0,0,0.0,1012423500.0,340461000.0
2007-03-23,'000605,四环药业,10.86,10.86,10.86,10.86,9.87,0.99,10.0304,0.6943,217678,2363983.08,1012423500.0,340461000.0
2007-03-22,'000605,四环药业,9.87,9.87,9.87,9.87,8.97,0.9,10.0334,0.1938,60769,599790.03,920130750.0,309424500.0
2007-03-21,'000605,四环药业,8.97,8.97,8.97,8.97,8.15,0.82,10.0613,0.2403,75327,675683.19,836228250.0,281209500.0
2007-03-20,'000605,四环药业,8.15,8.15,8.15,8.15,7.41,0.74,9.9865,0.1714,53733,437923.95,759783750.0,255502500.0
2007-03-19,'000605,四环药业,7.41,7.41,7.41,7.41,6.74,0.67,9.9407,0.1979,62044,459746.04,690797250.0,232303500.0
2007-03-16,'000605,四环药业,6.74,6.74,6.74,6.74,6.13,0.61,9.9511,0.187,58622,395112.28,628336500.0,211299000.0
2007-03-15,'000605,四环药业,6.13,6.13,6.13,6.13,5.57,0.56,10.0539,0.121,37940,232572.2,571469250.0,192175500.0
2007-03-14,'000605,四环药业,5.57,5.57,5.57,5.57,5.06,0.51,10.0791,0.2154,67535,376169.95,519263250.0,174619500.0
2007-03-13,'000605,四环药业,0.0,0.0,0.0,0.0,5.06,None,None,0.0,0,0.0,471718500.0,158631000.0
2007-03-12,'000605,四环药业,0.0,0.0,0.0,0.0,5.06,None,None,0.0,0,0.0,471718500.0,158631000.0
2007-03-09,'000605,四环药业,0.0,0.0,0.0,0.0,5.06,None,None,0.0,0,0.0,471718500.0,158631000.0
2007-03-08,'000605,四环药业,0.0,0.0,0.0,0.0,5.06,None,None,0.0,0,0.0,471718500.0,158631000.0
2007-03-07,'000605,四环药业,0.0,0.0,0.0,0.0,5.06,None,None,0.0,0,0.0,471718500.0,158631000.0
2007-03-06,'000605,四环药业,0.0,0.0,0.0,0.0,5.06,None,None,0.0,0,0.0,471718500.0,158631000.0
2007-03-05,'000605,四环药业,0.0,0.0,0.0,0.0,5.06,None,None,0.0,0,0.0,471718500.0,158631000.0
2007-03-02,'000605,四环药业,0.0,0.0,0.0,0.0,5.06,None,None,0.0,0,0.0,471718500.0,158631000.0
2007-03-01,'000605,四环药业,0.0,0.0,0.0,0.0,5.06,None,None,0.0,0,0.0,471718500.0,158631000.0
2007-02-28,'000605,四环药业,0.0,0.0,0.0,0.0,5.06,None,None,0.0,0,0.0,471718500.0,158631000.0
2007-02-27,'000605,四环药业,0.0,0.0,0.0,0.0,5.06,None,None,0.0,0,0.0,471718500.0,158631000.0
2007-02-26,'000605,四环药业,0.0,0.0,0.0,0.0,5.06,None,None,0.0,0,0.0,471718500.0,158631000.0
2007-02-16,'000605,四环药业,0.0,0.0,0.0,0.0,5.06,None,None,0.0,0,0.0,471718500.0,158631000.0
2007-02-15,'000605,四环药业,0.0,0.0,0.0,0.0,5.06,None,None,0.0,0,0.0,471718500.0,158631000.0
2007-02-14,'000605,四环药业,0.0,0.0,0.0,0.0,5.06,None,None,0.0,0,0.0,471718500.0,158631000.0
2007-02-13,'000605,四环药业,0.0,0.0,0.0,0.0,5.06,None,None,0.0,0,0.0,471718500.0,158631000.0
2007-02-12,'000605,四环药业,0.0,0.0,0.0,0.0,5.06,None,None,0.0,0,0.0,471718500.0,158631000.0
2007-02-09,'000605,四环药业,0.0,0.0,0.0,0.0,5.06,None,None,0.0,0,0.0,471718500.0,158631000.0
2007-02-08,'000605,四环药业,0.0,0.0,0.0,0.0,5.06,None,None,0.0,0,0.0,471718500.0,158631000.0
2007-02-07,'000605,四环药业,0.0,0.0,0.0,0.0,5.06,None,None,0.0,0,0.0,471718500.0,158631000.0
2007-02-06,'000605,四环药业,0.0,0.0,0.0,0.0,5.06,None,None,0.0,0,0.0,471718500.0,158631000.0
2007-02-05,'000605,四环药业,0.0,0.0,0.0,0.0,5.06,None,None,0.0,0,0.0,471718500.0,158631000.0
2007-02-02,'000605,四环药业,0.0,0.0,0.0,0.0,5.06,None,None,0.0,0,0.0,471718500.0,158631000.0
2007-02-01,'000605,四环药业,0.0,0.0,0.0,0.0,5.06,None,None,0.0,0,0.0,471718500.0,158631000.0
2007-01-31,'000605,四环药业,0.0,0.0,0.0,0.0,5.06,None,None,0.0,0,0.0,471718500.0,158631000.0
2007-01-30,'000605,四环药业,0.0,0.0,0.0,0.0,5.06,None,None,0.0,0,0.0,471718500.0,158631000.0
2007-01-29,'000605,四环药业,0.0,0.0,0.0,0.0,5.06,None,None,0.0,0,0.0,471718500.0,158631000.0
2007-01-26,'000605,四环药业,0.0,0.0,0.0,0.0,5.06,None,None,0.0,0,0.0,471718500.0,158631000.0
2007-01-25,'000605,四环药业,0.0,0.0,0.0,0.0,5.06,None,None,0.0,0,0.0,471718500.0,158631000.0
2007-01-24,'000605,四环药业,0.0,0.0,0.0,0.0,5.06,None,None,0.0,0,0.0,471718500.0,158631000.0
2007-01-23,'000605,四环药业,0.0,0.0,0.0,0.0,5.06,None,None,0.0,0,0.0,471718500.0,158631000.0
2007-01-22,'000605,四环药业,5.06,5.06,4.81,4.91,4.6,0.46,10.0,23.6791,7423406,37194807.86,471718500.0,158631000.0
2007-01-19,'000605,四环药业,4.6,4.62,4.26,4.31,4.3,0.3,6.9767,15.0893,4730505,21148693.39,428835000.0,144210000.0
2007-01-18,'000605,四环药业,4.3,4.39,4.12,4.15,4.21,0.09,2.1378,6.671,2091346,8899514.06,400867500.0,134805000.0
2007-01-17,'000605,四环药业,4.21,4.4,4.12,4.32,4.33,-0.12,-2.7714,6.9993,2194271,9411965.23,392477250.0,131983500.0
2007-01-16,'000605,四环药业,4.33,4.37,4.21,4.29,4.29,0.04,0.9324,7.8898,2473446,10565036.18,403664250.0,135745500.0
2007-01-15,'000605,四环药业,4.29,4.29,4.11,4.15,4.19,0.1,2.3866,5.241,1643056,6977129.1,399935250.0,134491500.0
2007-01-12,'000605,四环药业,4.19,4.54,4.16,4.4,4.48,-0.29,-6.4732,6.7665,2121290,9193093.44,390612750.0,131356500.0
2007-01-11,'000605,四环药业,4.48,4.64,4.16,4.26,4.27,0.21,4.918,12.6849,3976703,17605154.8,417648000.0,140448000.0
2007-01-10,'000605,四环药业,4.27,4.31,4.0,4.16,4.16,0.11,2.6442,7.6029,2383524,9850840.0,398070750.0,133864500.0
2007-01-09,'000605,四环药业,4.16,4.24,4.07,4.1,4.11,0.05,1.2165,5.6616,1774927,7381355.04,387816000.0,130416000.0
2007-01-08,'000605,四环药业,4.11,4.14,3.92,3.97,3.98,0.13,3.2663,5.2329,1640514,6610419.23,383154750.0,128848500.0
2007-01-05,'000605,四环药业,3.98,4.1,3.94,4.1,4.14,-0.16,-3.8647,5.1941,1628347,6470738.81,371035500.0,124773000.0
2007-01-04,'000605,四环药业,4.14,4.38,3.8,4.2,4.19,-0.05,-1.1933,11.4841,3600253,15048130.49,385951500.0,129789000.0
2006-12-29,'000605,四环药业,4.19,4.26,3.97,4.02,4.01,0.18,4.4888,9.1131,2856952,11897165.2,390612750.0,131356500.0
2006-12-28,'000605,四环药业,4.01,4.1,3.92,4.0,4.05,-0.04,-0.9877,5.0414,1580467,6364402.88,373832250.0,125713500.0
2006-12-27,'000605,四环药业,4.05,4.25,3.86,4.24,4.29,-0.24,-5.5944,7.2851,2283875,9195264.42,377561250.0,126967500.0
2006-12-26,'000605,四环药业,4.29,4.48,4.1,4.12,4.12,0.17,4.1262,14.8742,4663075,19993188.7,399935250.0,134491500.0
2006-12-25,'000605,四环药业,4.12,4.19,3.93,4.04,4.08,0.04,0.9804,5.3032,1662562,6837518.98,384087000.0,129162000.0
2006-12-22,'000605,四环药业,4.08,4.15,3.88,4.04,4.04,0.04,0.9901,5.1749,1622340,6536779.86,380358000.0,127908000.0
2006-12-21,'000605,四环药业,4.04,4.15,3.92,4.04,4.09,-0.05,-1.2225,4.9427,1549529,6240383.5,376629000.0,126654000.0
2006-12-20,'000605,四环药业,4.09,4.23,3.92,3.98,4.05,0.04,0.9877,6.9477,2178096,8945834.6,381290250.0,128221500.0
2006-12-19,'000605,四环药业,4.05,4.06,3.85,4.0,4.02,0.03,0.7463,7.4485,2335093,9229640.19,377561250.0,126967500.0
2006-12-18,'000605,四环药业,4.02,4.1,3.71,3.73,3.73,0.29,7.7748,10.8642,3405936,13491081.17,374764500.0,126027000.0
2006-12-15,'000605,四环药业,3.73,3.88,3.7,3.73,3.73,0.0,0.0,3.0523,956888,3607844.19,347729250.0,116935500.0
2006-12-14,'000605,四环药业,3.73,3.78,3.54,3.58,3.58,0.15,4.1899,3.3546,1051681,3869651.25,347729250.0,116935500.0
2006-12-13,'000605,四环药业,3.58,3.62,3.55,3.61,3.61,-0.03,-0.831,1.2725,398926,1427855.42,333745500.0,112233000.0
2006-12-12,'000605,四环药业,3.61,3.64,3.52,3.63,3.63,-0.02,-0.551,1.5064,472243,1689214.17,336542250.0,113173500.0
2006-12-11,'000605,四环药业,3.63,3.64,3.5,3.58,3.58,0.05,1.3966,1.4699,460804,1655146.44,338406750.0,113800500.0
2006-12-08,'000605,四环药业,3.58,3.73,3.55,3.7,3.73,-0.15,-4.0214,1.9529,612232,2225720.13,333745500.0,112233000.0
2006-12-07,'000605,四环药业,3.73,3.81,3.68,3.73,3.75,-0.02,-0.5333,2.7959,876507,3262339.86,347729250.0,116935500.0
2006-12-06,'000605,四环药业,3.75,3.94,3.61,3.89,3.91,-0.16,-4.0921,2.9747,932578,3537346.7,349593750.0,117562500.0
2006-12-05,'000605,四环药业,3.91,3.92,3.77,3.81,3.81,0.1,2.6247,4.1339,1295981,4989454.12,364509750.0,122578500.0
2006-12-04,'000605,四环药业,3.81,3.83,3.72,3.76,3.76,0.05,1.3298,3.7243,1167571,4413738.99,355187250.0,119443500.0
2006-12-01,'000605,四环药业,3.76,3.9,3.73,3.85,3.85,-0.09,-2.3377,3.0485,955703,3618305.16,350526000.0,117876000.0
2006-11-30,'000605,四环药业,3.85,3.92,3.81,3.82,3.85,0.0,0.0,2.9324,919319,3545606.14,358916250.0,120697500.0
2006-11-29,'000605,四环药业,3.85,3.91,3.72,3.85,3.87,-0.02,-0.5168,2.7901,874703,3319607.83,358916250.0,120697500.0
2006-11-28,'000605,四环药业,3.87,3.92,3.8,3.92,3.92,-0.05,-1.2755,2.828,886567,3406372.72,360780750.0,121324500.0
2006-11-27,'000605,四环药业,3.92,4.02,3.73,3.73,3.7,0.22,5.9459,8.1832,2565422,9987008.11,365442000.0,122892000.0
2006-11-24,'000605,四环药业,3.7,3.82,3.63,3.7,3.7,0.0,0.0,6.2735,1966753,7392303.46,344932500.0,115995000.0
2006-11-23,'000605,四环药业,3.7,3.7,3.5,3.56,3.56,0.14,3.9326,2.6899,843295,3014073.47,344932500.0,115995000.0
2006-11-22,'000605,四环药业,3.56,3.56,3.38,3.46,3.47,0.09,2.5937,3.2404,1015870,3535908.49,331881000.0,111606000.0
2006-11-21,'000605,四环药业,3.47,3.49,3.37,3.45,3.5,-0.03,-0.8571,2.6051,816710,2811785.65,323490750.0,108784500.0
2006-11-20,'000605,四环药业,3.5,3.68,3.3,3.62,3.65,-0.15,-4.1096,2.5728,806575,2820672.22,326287500.0,109725000.0
2006-11-17,'000605,四环药业,3.65,3.76,3.55,3.72,3.79,-0.14,-3.6939,2.0973,657504,2402418.1,340271250.0,114427500.0
2006-11-16,'000605,四环药业,3.79,3.95,3.71,3.82,3.82,-0.03,-0.7853,8.2009,2570985,9953708.1,353322750.0,118816500.0
2006-11-15,'000605,四环药业,3.82,3.82,3.44,3.44,3.56,0.26,7.3034,2.9612,928347,3376342.88,356119500.0,119757000.0
2006-11-14,'000605,四环药业,3.56,3.64,3.42,3.5,3.52,0.04,1.1364,2.4067,754503,2655874.66,331881000.0,111606000.0
2006-11-13,'000605,四环药业,3.52,3.75,3.52,3.65,3.76,-0.24,-6.383,1.5389,482449,1747829.96,328152000.0,110352000.0
2006-11-10,'000605,四环药业,3.76,3.86,3.66,3.85,3.87,-0.11,-2.8424,2.3478,736023,2749078.8,350526000.0,117876000.0
2006-11-09,'000605,四环药业,3.87,3.9,3.79,3.8,3.79,0.08,2.1108,1.9086,598335,2304507.4,360780750.0,121324500.0
2006-11-08,'000605,四环药业,3.79,3.84,3.77,3.8,3.8,-0.01,-0.2632,1.2575,394226,1496507.0,353322750.0,118816500.0
2006-11-07,'000605,四环药业,3.8,3.93,3.76,3.9,3.95,-0.15,-3.7975,2.062,646434,2462176.32,354255000.0,119130000.0
2006-11-06,'000605,四环药业,3.95,3.97,3.82,3.88,3.94,0.01,0.2538,1.961,614766,2399877.3,368238750.0,123832500.0
2006-11-03,'000605,四环药业,3.94,4.02,3.77,3.85,3.82,0.12,3.1414,2.8222,884768,3454483.67,367306500.0,123519000.0
2006-11-02,'000605,四环药业,3.82,3.88,3.78,3.88,3.88,-0.06,-1.5464,1.5598,488986,1869547.22,356119500.0,119757000.0
2006-11-01,'000605,四环药业,3.88,3.89,3.76,3.89,3.89,-0.01,-0.2571,1.2942,405722,1556964.22,361713000.0,121638000.0
2006-10-31,'000605,四环药业,3.89,3.94,3.75,3.79,3.79,0.1,2.6385,2.3475,735954,2835806.72,362645250.0,121951500.0
2006-10-30,'000605,四环药业,3.79,3.82,3.7,3.82,3.79,0.0,0.0,1.7879,560509,2101189.05,353322750.0,118816500.0
2006-10-27,'000605,四环药业,3.79,4.07,3.66,4.0,4.01,-0.22,-5.4863,3.3278,1043272,4009617.07,353322750.0,118816500.0
2006-10-26,'000605,四环药业,4.01,4.15,4.0,4.15,4.15,-0.14,-3.3735,2.1871,685648,2768240.74,373832250.0,125713500.0
2006-10-25,'000605,四环药业,4.15,4.24,4.09,4.1,4.1,0.05,1.2195,2.8313,887616,3692088.06,386883750.0,130102500.0
2006-10-24,'000605,四环药业,4.1,4.17,4.02,4.08,4.12,-0.02,-0.4854,3.2869,1030456,4231839.12,382222500.0,128535000.0
2006-10-23,'000605,四环药业,4.12,4.48,4.08,4.39,4.53,-0.41,-9.0508,6.1754,1935995,8148334.14,384087000.0,129162000.0
2006-10-20,'000605,四环药业,4.53,4.74,4.52,4.66,4.68,-0.15,-3.2051,3.0414,953480,4394052.62,422309250.0,142015500.0
2006-10-19,'000605,四环药业,4.68,4.85,4.5,4.59,4.55,0.13,2.8571,6.3549,1992274,9333466.07,436293000.0,146718000.0
2006-10-18,'000605,四环药业,4.55,4.64,4.32,4.35,4.37,0.18,4.119,3.9928,1251736,5627148.29,424173750.0,142642500.0
2006-10-17,'000605,四环药业,4.37,4.5,4.33,4.5,4.52,-0.15,-3.3186,3.4654,1086405,4767916.09,407393250.0,136999500.0
2006-10-16,'000605,四环药业,4.52,4.57,4.38,4.46,4.5,0.02,0.4444,2.7372,858099,3826432.26,421377000.0,141702000.0
2006-10-13,'000605,四环药业,4.5,4.67,4.48,4.51,4.51,-0.01,-0.2217,2.9861,936135,4276744.49,419512500.0,141075000.0
2006-10-12,'000605,四环药业,4.51,4.72,4.46,4.67,4.72,-0.21,-4.4492,5.1527,1615378,7408095.18,420444750.0,141388500.0
2006-10-11,'000605,四环药业,4.72,4.83,4.61,4.8,4.81,-0.09,-1.8711,3.7875,1187374,5576099.54,440022000.0,147972000.0
2006-10-10,'000605,四环药业,4.81,4.95,4.77,4.9,4.95,-0.14,-2.8283,4.8759,1528603,7405068.81,448412250.0,150793500.0
2006-10-09,'000605,四环药业,4.95,4.99,4.6,4.69,4.72,0.23,4.8729,7.0453,2208691,10472601.07,461463750.0,155182500.0
2006-09-29,'000605,G 四环药,4.72,4.79,4.65,4.75,4.73,-0.01,-0.2114,5.3641,1681642,7921946.42,440022000.0,147972000.0
2006-09-28,'000605,G 四环药,4.73,4.89,4.7,4.8,4.85,-0.12,-2.4742,4.7478,1488430,7090513.53,440954250.0,148285500.0
2006-09-27,'000605,G 四环药,4.85,4.93,4.69,4.75,4.77,0.08,1.6771,5.364,1681629,8064886.81,452141250.0,152047500.0
2006-09-26,'000605,G 四环药,4.77,5.14,4.75,4.82,4.92,-0.15,-3.0488,9.3621,2935026,14404796.63,444683250.0,149539500.0
2006-09-25,'000605,G 四环药,4.92,5.27,4.6,4.7,4.8,0.12,2.5,17.7356,5560123,27379371.75,458667000.0,154242000.0
2006-09-22,'000605,G 四环药,4.8,4.8,4.2,4.38,4.36,0.44,10.0917,18.4647,5788698,26256262.6,447480000.0,150480000.0
2006-09-21,'000605,G 四环药,4.36,4.56,4.25,4.46,4.47,-0.11,-2.4609,7.7232,2421237,10622632.88,406461000.0,136686000.0
2006-09-20,'000605,G 四环药,4.47,4.64,4.4,4.55,4.65,-0.18,-3.871,7.1686,2247365,10196925.63,416715750.0,140134500.0
2006-09-19,'000605,G 四环药,4.65,4.8,4.45,4.59,4.59,0.06,1.3072,12.9663,4064930,18683913.2,433496250.0,145777500.0
2006-09-18,'000605,G 四环药,4.59,4.59,4.09,4.15,4.17,0.42,10.0719,22.654,7102032,31549337.44,427902750.0,143896500.0
2006-09-15,'000605,G 四环药,4.17,4.17,3.63,3.76,3.79,0.38,10.0264,15.6042,4891902,19483574.96,388748250.0,130729500.0
2006-09-14,'000605,G 四环药,3.79,3.93,3.7,3.79,3.86,-0.07,-1.8135,8.8374,2770534,10516080.46,353322750.0,118816500.0
2006-09-13,'000605,G 四环药,3.86,3.86,3.45,3.51,3.51,0.35,9.9715,12.0194,3768080,14129525.14,359848500.0,121011000.0
2006-09-12,'000605,G 四环药,3.51,3.52,3.44,3.45,3.47,0.04,1.1527,1.8233,571589,1989636.31,327219750.0,110038500.0
2006-09-11,'000605,G 四环药,3.47,3.51,3.39,3.49,3.48,-0.01,-0.2874,1.0461,327952,1129444.88,323490750.0,108784500.0
2006-09-08,'000605,G 四环药,3.48,3.51,3.44,3.44,3.47,0.01,0.2882,0.7601,238287,828605.73,324423000.0,109098000.0
2006-09-07,'000605,G 四环药,3.47,3.57,3.44,3.57,3.57,-0.1,-2.8011,1.4912,467491,1628840.47,323490750.0,108784500.0
2006-09-06,'000605,G 四环药,3.57,3.6,3.49,3.56,3.55,0.02,0.5634,2.0486,642241,2287433.88,332813250.0,111919500.0
2006-09-05,'000605,G 四环药,3.55,3.56,3.48,3.53,3.51,0.04,1.1396,2.3735,744098,2622791.35,330948750.0,111292500.0
2006-09-04,'000605,G 四环药,3.51,3.55,3.37,3.37,3.41,0.1,2.9326,1.7997,564192,1968449.04,327219750.0,110038500.0
2006-09-01,'000605,G 四环药,3.41,3.58,3.41,3.56,3.56,-0.15,-4.2135,1.8344,575089,1994569.68,317897250.0,106903500.0
2006-08-31,'000605,G 四环药,3.56,3.56,3.44,3.45,3.49,0.07,2.0057,2.2034,690774,2430681.53,331881000.0,111606000.0
2006-08-30,'000605,G 四环药,3.49,3.53,3.41,3.41,3.5,-0.01,-0.2857,0.9442,295994,1026379.21,325355250.0,109411500.0
2006-08-29,'000605,G 四环药,3.5,3.58,3.46,3.48,3.49,0.01,0.2865,2.5201,790040,2781024.85,326287500.0,109725000.0
2006-08-28,'000605,G 四环药,3.49,3.49,3.41,3.45,3.43,0.06,1.7493,3.1037,973016,3355257.1,325355250.0,109411500.0
2006-08-25,'000605,G 四环药,3.43,3.54,3.35,3.37,3.37,0.06,1.7804,2.4381,764345,2627561.41,319761750.0,107530500.0
2006-08-24,'000605,G 四环药,3.37,3.38,3.3,3.36,3.36,0.01,0.2976,0.6421,201307,673894.3,314168250.0,105649500.0
2006-08-23,'000605,G 四环药,3.36,3.43,3.33,3.38,3.42,-0.06,-1.7544,1.0568,331307,1116274.05,313236000.0,105336000.0
2006-08-22,'000605,G 四环药,3.42,3.47,3.36,3.36,3.42,0.0,0.0,0.8309,260502,891093.21,318829500.0,107217000.0
2006-08-21,'000605,G 四环药,3.42,3.43,3.2,3.3,3.38,0.04,1.1834,0.8658,271415,905832.13,318829500.0,107217000.0
2006-08-18,'000605,G 四环药,3.38,3.47,3.35,3.42,3.45,-0.07,-2.029,1.198,375586,1277249.7,315100500.0,105963000.0
2006-08-17,'000605,G 四环药,3.45,3.58,3.26,3.32,3.37,0.08,2.3739,2.2214,696402,2381130.72,321626250.0,108157500.0
2006-08-16,'000605,G 四环药,3.37,3.4,3.26,3.32,3.32,0.05,1.506,1.5919,499061,1659976.11,314168250.0,105649500.0
2006-08-15,'000605,G 四环药,3.32,3.35,3.2,3.23,3.28,0.04,1.2195,1.5634,490132,1603243.07,309507000.0,104082000.0
2006-08-14,'000605,G 四环药,3.28,3.43,3.24,3.42,3.42,-0.14,-4.0936,1.5859,497172,1651753.36,305778000.0,102828000.0
2006-08-11,'000605,G 四环药,3.42,3.53,3.35,3.51,3.51,-0.09,-2.5641,3.4242,1073478,3680301.19,318829500.0,107217000.0
2006-08-10,'000605,G 四环药,3.51,3.51,3.19,3.22,3.19,0.32,10.0313,4.5995,1441953,4894183.08,327219750.0,110038500.0
2006-08-09,'000605,G 四环药,3.19,3.2,3.13,3.17,3.19,0.0,0.0,1.1975,375419,1186613.48,297387750.0,100006500.0
2006-08-08,'000605,G 四环药,3.19,3.2,3.06,3.1,3.04,0.15,4.9342,1.7252,540839,1688040.18,297387750.0,100006500.0
2006-08-07,'000605,G 四环药,3.04,3.15,3.01,3.14,3.17,-0.13,-4.1009,1.8958,594328,1835980.56,283404000.0,95304000.0
2006-08-04,'000605,G 四环药,3.17,3.38,3.11,3.36,3.38,-0.21,-6.213,2.5555,801148,2632596.24,295523250.0,99379500.0
2006-08-03,'000605,G 四环药,3.38,3.55,3.35,3.53,3.53,-0.15,-4.2493,1.9102,598842,2041740.29,315100500.0,105963000.0
2006-08-02,'000605,G 四环药,0.0,0.0,0.0,0.0,3.53,None,None,0.0,0,0.0,329084250.0,110665500.0
2006-08-01,'000605,G 四环药,3.53,3.64,3.51,3.57,3.53,0.0,0.0,1.1885,372598,1323708.96,329084250.0,110665500.0
2006-07-31,'000605,G 四环药,3.53,3.74,3.51,3.73,3.76,-0.23,-6.117,2.0114,630576,2271725.4,329084250.0,110665500.0
2006-07-28,'000605,G 四环药,3.76,3.85,3.7,3.81,3.84,-0.08,-2.0833,2.1935,687665,2582066.53,350526000.0,117876000.0
2006-07-27,'000605,G 四环药,3.84,3.94,3.79,3.9,4.0,-0.16,-4.0,3.5113,1100794,4246588.99,357984000.0,120384000.0
2006-07-26,'000605,G 四环药,4.0,4.01,3.95,3.98,4.0,0.0,0.0,1.2097,379227,1510142.88,372900000.0,125400000.0
2006-07-25,'000605,G 四环药,4.0,4.05,3.92,3.92,3.91,0.09,2.3018,2.1634,678240,2701022.33,372900000.0,125400000.0
2006-07-24,'000605,G 四环药,3.91,3.95,3.74,3.84,3.95,-0.04,-1.0127,0.9717,304620,1179320.18,364509750.0,122578500.0
2006-07-21,'000605,G 四环药,3.95,3.95,3.88,3.9,3.9,0.05,1.2821,1.4546,456016,1791844.58,368238750.0,123832500.0
2006-07-20,'000605,G 四环药,3.9,3.91,3.84,3.85,3.85,0.05,1.2987,0.8705,272896,1058601.04,363577500.0,122265000.0
2006-07-19,'000605,G 四环药,3.85,3.95,3.82,3.95,3.94,-0.09,-2.2843,1.2453,390403,1510420.01,358916250.0,120697500.0
2006-07-18,'000605,G 四环药,3.94,3.95,3.86,3.95,3.95,-0.01,-0.2532,1.0814,339011,1324516.15,367306500.0,123519000.0
2006-07-17,'000605,G 四环药,3.95,3.96,3.81,3.86,3.86,0.09,2.3316,1.3911,436108,1690155.89,368238750.0,123832500.0
2006-07-14,'000605,G 四环药,3.86,3.91,3.77,3.8,3.91,-0.05,-1.2788,2.747,861195,3312842.63,359848500.0,121011000.0
2006-07-13,'000605,G 四环药,3.91,4.22,3.91,4.17,4.21,-0.3,-7.1259,4.2959,1346766,5430540.41,364509750.0,122578500.0
2006-07-12,'000605,G 四环药,4.21,4.25,4.2,4.2,4.22,-0.01,-0.237,3.2733,1026193,4335850.12,392477250.0,131983500.0
2006-07-11,'000605,G 四环药,4.22,4.29,4.19,4.29,4.28,-0.06,-1.4019,3.4518,1082151,4565775.32,393409500.0,132297000.0
2006-07-10,'000605,G 四环药,4.28,4.3,4.2,4.2,4.16,0.12,2.8846,4.7618,1492813,6357926.95,399003000.0,134178000.0
2006-07-07,'000605,G 四环药,4.16,4.24,4.1,4.12,4.1,0.06,1.4634,3.0275,949115,3957879.96,387816000.0,130416000.0
2006-07-06,'000605,G 四环药,4.1,4.13,4.01,4.06,4.05,0.05,1.2346,2.579,808525,3308788.43,382222500.0,128535000.0
2006-07-05,'000605,G 四环药,4.05,4.22,3.88,4.22,4.22,-0.17,-4.0284,4.0085,1256671,5073373.15,377561250.0,126967500.0
2006-07-04,'000605,G 四环药,4.22,4.32,4.21,4.28,4.26,-0.04,-0.939,3.9359,1233900,5235713.12,393409500.0,132297000.0
2006-07-03,'000605,G 四环药,4.26,4.28,4.15,4.16,4.15,0.11,2.6506,5.4841,1719262,7272726.12,397138500.0,133551000.0
2006-06-30,'000605,G 四环药,4.15,4.22,4.11,4.2,4.2,-0.05,-1.1905,4.5741,1433971,5956123.37,386883750.0,130102500.0
2006-06-29,'000605,G 四环药,4.2,4.22,4.1,4.13,4.15,0.05,1.2048,5.086,1594466,6650541.65,391545000.0,131670000.0
2006-06-28,'000605,G 四环药,4.15,4.26,4.03,4.06,4.08,0.07,1.7157,5.134,1609516,6662341.01,386883750.0,130102500.0
2006-06-27,'000605,G 四环药,4.08,4.11,4.03,4.08,4.08,0.0,0.0,2.7789,871193,3549928.67,380358000.0,127908000.0
2006-06-26,'000605,G 四环药,4.08,4.09,3.94,4.0,3.99,0.09,2.2556,4.0878,1281513,5170768.08,380358000.0,127908000.0
2006-06-23,'000605,G 四环药,3.99,4.05,3.91,4.01,4.01,-0.02,-0.4988,3.6834,1154744,4579818.02,371967750.0,125086500.0
2006-06-22,'000605,G 四环药,4.01,4.15,3.96,4.15,4.17,-0.16,-3.8369,6.0183,1886741,7579645.68,373832250.0,125713500.0
2006-06-21,'000605,G 四环药,4.17,4.39,4.1,4.1,6.27,-2.1,-33.4928,11.8223,3706299,15777066.38,388748250.0,130729500.0
2006-06-20,'000605,四环药业,0.0,0.0,0.0,0.0,6.27,None,None,0.0,0,0.0,517275000.0,129318750.0
2006-06-19,'000605,四环药业,0.0,0.0,0.0,0.0,6.27,None,None,0.0,0,0.0,517275000.0,129318750.0
2006-06-16,'000605,四环药业,0.0,0.0,0.0,0.0,6.27,None,None,0.0,0,0.0,517275000.0,129318750.0
2006-06-15,'000605,四环药业,0.0,0.0,0.0,0.0,6.27,None,None,0.0,0,0.0,517275000.0,129318750.0
2006-06-14,'000605,四环药业,0.0,0.0,0.0,0.0,6.27,None,None,0.0,0,0.0,517275000.0,129318750.0
2006-06-13,'000605,四环药业,0.0,0.0,0.0,0.0,6.27,None,None,0.0,0,0.0,517275000.0,129318750.0
2006-06-12,'000605,四环药业,0.0,0.0,0.0,0.0,6.27,None,None,0.0,0,0.0,517275000.0,129318750.0
2006-06-09,'000605,四环药业,0.0,0.0,0.0,0.0,6.27,None,None,0.0,0,0.0,517275000.0,129318750.0
2006-06-08,'000605,四环药业,0.0,0.0,0.0,0.0,6.27,None,None,0.0,0,0.0,517275000.0,129318750.0
2006-06-07,'000605,四环药业,0.0,0.0,0.0,0.0,6.27,None,None,0.0,0,0.0,517275000.0,129318750.0
2006-06-06,'000605,四环药业,0.0,0.0,0.0,0.0,6.27,None,None,0.0,0,0.0,517275000.0,129318750.0
2006-06-05,'000605,四环药业,6.27,6.75,6.1,6.7,6.75,-0.48,-7.1111,10.1117,2085539,13338141.28,517275000.0,129318750.0
2006-06-02,'000605,四环药业,6.75,7.07,6.4,6.51,6.47,0.28,4.3277,7.9685,1643513,10950592.58,556875000.0,139218750.0
2006-06-01,'000605,四环药业,6.47,6.47,5.75,5.8,5.88,0.59,10.034,9.6691,1994246,12436028.01,533775000.0,133443750.0
2006-05-31,'000605,四环药业,5.88,6.0,5.65,5.82,5.82,0.06,1.0309,5.8725,1211194,7051786.6,485100000.0,121275000.0
2006-05-30,'000605,四环药业,5.82,5.9,5.43,5.57,5.59,0.23,4.1145,8.4728,1747518,9995640.04,480150000.0,120037500.0
2006-05-29,'000605,四环药业,5.59,5.68,5.42,5.6,5.42,0.17,3.1365,10.7603,2219320,12303429.7,461175000.0,115293750.0
2006-05-26,'000605,四环药业,5.42,5.42,5.42,5.42,4.93,0.49,9.9391,3.3746,696013,3772390.46,447150000.0,111787500.0
2006-05-25,'000605,四环药业,4.93,4.93,4.93,4.93,4.48,0.45,10.0446,0.9107,187842,926061.06,406725000.0,101681250.0
2006-05-24,'000605,四环药业,0.0,0.0,0.0,0.0,4.48,None,None,0.0,0,0.0,369600000.0,92400000.0
2006-05-23,'000605,四环药业,0.0,0.0,0.0,0.0,4.48,None,None,0.0,0,0.0,369600000.0,92400000.0
2006-05-22,'000605,四环药业,0.0,0.0,0.0,0.0,4.48,None,None,0.0,0,0.0,369600000.0,92400000.0
2006-05-19,'000605,四环药业,0.0,0.0,0.0,0.0,4.48,None,None,0.0,0,0.0,369600000.0,92400000.0
2006-05-18,'000605,四环药业,0.0,0.0,0.0,0.0,4.48,None,None,0.0,0,0.0,369600000.0,92400000.0
2006-05-17,'000605,四环药业,0.0,0.0,0.0,0.0,4.48,None,None,0.0,0,0.0,369600000.0,92400000.0
2006-05-16,'000605,四环药业,0.0,0.0,0.0,0.0,4.48,None,None,0.0,0,0.0,369600000.0,92400000.0
2006-05-15,'000605,四环药业,0.0,0.0,0.0,0.0,4.48,None,None,0.0,0,0.0,369600000.0,92400000.0
2006-05-12,'000605,四环药业,4.48,4.53,4.28,4.34,4.32,0.16,3.7037,3.3191,684564,3025068.05,369600000.0,92400000.0
2006-05-11,'000605,四环药业,4.32,4.55,4.31,4.46,4.46,-0.14,-3.139,3.4467,710892,3166725.98,356400000.0,89100000.0
2006-05-10,'000605,四环药业,4.46,4.49,4.28,4.32,4.36,0.1,2.2936,3.0771,634648,2787709.86,367950000.0,91987500.0
2006-05-09,'000605,四环药业,4.36,4.39,4.18,4.26,4.27,0.09,2.1077,2.9159,601398,2580533.6,359700000.0,89925000.0
2006-05-08,'000605,四环药业,4.27,4.28,4.1,4.13,4.13,0.14,3.3898,2.4236,499860,2099868.88,352275000.0,88068750.0
2006-04-28,'000605,四环药业,4.13,4.18,4.04,4.18,4.2,-0.07,-1.6667,1.7898,369141,1509292.6,340725000.0,85181250.0
2006-04-27,'000605,四环药业,4.2,4.26,4.05,4.13,4.15,0.05,1.2048,2.2061,455004,1903740.18,346500000.0,86625000.0
2006-04-26,'000605,四环药业,4.15,4.2,3.93,4.0,4.02,0.13,3.2338,2.6272,541865,2172797.28,342375000.0,85593750.0
2006-04-25,'000605,四环药业,4.02,4.25,3.86,4.25,4.29,-0.27,-6.2937,3.9986,824708,3270728.72,331650000.0,82912500.0
2006-04-24,'000605,四环药业,4.29,4.7,4.29,4.7,4.77,-0.48,-10.0629,1.8012,371500,1602630.0,353925000.0,88481250.0
2006-04-21,'000605,四环药业,4.77,4.89,4.77,4.82,4.85,-0.08,-1.6495,2.4456,504400,2429110.14,393525000.0,98381250.0
2006-04-20,'000605,四环药业,4.85,5.09,4.84,5.09,5.1,-0.25,-4.902,2.4112,497301,2459913.84,400125000.0,100031250.0
2006-04-19,'000605,四环药业,5.1,5.22,5.0,5.22,5.24,-0.14,-2.6718,3.2538,671091,3408641.72,420750000.0,105187500.0
2006-04-18,'000605,四环药业,5.24,5.29,5.2,5.23,5.26,-0.02,-0.3802,1.4406,297125,1555805.75,432300000.0,108075000.0
2006-04-17,'000605,四环药业,5.26,5.33,5.2,5.22,5.36,-0.1,-1.8657,2.9133,600863,3156294.52,433950000.0,108487500.0
2006-04-14,'000605,四环药业,5.36,5.39,5.2,5.26,5.25,0.11,2.0952,1.4982,309009,1638633.85,442200000.0,110550000.0
2006-04-13,'000605,四环药业,5.25,5.55,5.24,5.53,5.54,-0.29,-5.2347,2.5706,530190,2868167.9,433125000.0,108281250.0
2006-04-12,'000605,四环药业,5.54,5.68,5.5,5.53,5.53,0.01,0.1808,2.8086,579280,3233256.03,457050000.0,114262500.0
2006-04-11,'000605,四环药业,5.53,5.6,5.36,5.51,5.51,0.02,0.363,3.5838,739158,4055425.84,456225000.0,114056250.0
2006-04-10,'000605,四环药业,5.51,5.56,5.43,5.43,5.43,0.08,1.4733,2.2114,456105,2512690.46,454575000.0,113643750.0
2006-04-07,'000605,四环药业,5.43,5.6,5.32,5.32,5.38,0.05,0.9294,1.7762,366351,1988474.08,447975000.0,111993750.0
2006-04-06,'000605,四环药业,5.38,5.55,5.31,5.55,5.55,-0.17,-3.0631,2.1081,434798,2351824.8,443850000.0,110962500.0
2006-04-05,'000605,四环药业,5.55,5.7,5.28,5.28,5.29,0.26,4.9149,4.2793,882604,4826665.04,457875000.0,114468750.0
2006-04-04,'000605,四环药业,5.29,5.3,5.17,5.26,5.26,0.03,0.5703,3.3692,694906,3628820.51,436425000.0,109106250.0
2006-04-03,'000605,四环药业,5.26,5.31,5.19,5.29,5.39,-0.13,-2.4119,4.1956,865337,4534787.0,433950000.0,108487500.0
2006-03-31,'000605,四环药业,5.39,5.55,5.38,5.5,5.55,-0.16,-2.8829,2.8019,577900,3145261.0,444675000.0,111168750.0
2006-03-30,'000605,四环药业,5.55,5.66,5.49,5.53,5.57,-0.02,-0.3591,3.1269,644917,3580502.38,457875000.0,114468750.0
2006-03-29,'000605,四环药业,5.57,5.89,5.55,5.86,5.84,-0.27,-4.6233,4.6923,967777,5533458.75,459525000.0,114881250.0
2006-03-28,'000605,四环药业,5.84,5.95,5.67,5.85,5.81,0.03,0.5164,9.9172,2045430,11927011.75,481800000.0,120450000.0
2006-03-27,'000605,四环药业,5.81,6.08,5.56,6.08,5.83,-0.02,-0.3431,11.3814,2347417,13615488.02,479325000.0,119831250.0
2006-03-24,'000605,四环药业,5.83,5.83,5.22,5.26,5.3,0.53,10.0,10.8773,2243450,12867985.73,480975000.0,120243750.0
2006-03-23,'000605,四环药业,5.3,5.32,5.25,5.29,5.29,0.01,0.189,1.1531,237819,1256124.47,437250000.0,109312500.0
2006-03-22,'000605,四环药业,5.29,5.33,5.04,5.05,5.08,0.21,4.1339,4.3317,893415,4692362.45,436425000.0,109106250.0
2006-03-21,'000605,四环药业,5.08,5.09,5.01,5.02,5.07,0.01,0.1972,1.2039,248299,1256167.94,419100000.0,104775000.0
2006-03-20,'000605,四环药业,5.07,5.08,4.98,5.01,5.01,0.06,1.1976,1.4801,305278,1533889.0,418275000.0,104568750.0
2006-03-17,'000605,四环药业,5.01,5.04,4.96,5.0,4.99,0.02,0.4008,0.8489,175089,874957.42,413325000.0,103331250.0
2006-03-16,'000605,四环药业,4.99,5.05,4.97,5.03,5.03,-0.04,-0.7952,0.9524,196430,982012.07,411675000.0,102918750.0
2006-03-15,'000605,四环药业,5.03,5.05,4.95,4.95,4.99,0.04,0.8016,1.0827,223299,1114903.0,414975000.0,103743750.0
2006-03-14,'000605,四环药业,4.99,5.05,4.95,4.95,4.99,0.0,0.0,1.1887,245174,1225045.73,411675000.0,102918750.0
2006-03-13,'000605,四环药业,4.99,5.22,4.93,5.2,5.25,-0.26,-4.9524,5.5695,1148712,5774121.98,411675000.0,102918750.0
2006-03-10,'000605,四环药业,5.25,5.49,5.2,5.3,5.3,-0.05,-0.9434,8.4699,1746914,9422937.07,433125000.0,108281250.0
2006-03-09,'000605,四环药业,5.3,5.31,5.05,5.1,5.1,0.2,3.9216,2.2119,456212,2369357.51,437250000.0,109312500.0
2006-03-08,'000605,四环药业,5.1,5.2,5.01,5.2,5.17,-0.07,-1.354,1.2279,253260,1293565.5,420750000.0,105187500.0
2006-03-07,'000605,四环药业,5.17,5.26,5.12,5.2,5.2,-0.03,-0.5769,1.4982,308999,1603487.55,426525000.0,106631250.0
2006-03-06,'000605,四环药业,5.2,5.38,5.18,5.35,5.39,-0.19,-3.525,2.0992,432955,2270652.65,429000000.0,107250000.0
2006-03-03,'000605,四环药业,5.39,5.45,5.31,5.38,5.39,0.0,0.0,2.2739,468995,2526776.34,444675000.0,111168750.0
2006-03-02,'000605,四环药业,5.39,5.54,5.19,5.23,5.23,0.16,3.0593,7.607,1568949,8510179.24,444675000.0,111168750.0
2006-03-01,'000605,四环药业,5.23,5.29,5.2,5.26,5.26,-0.03,-0.5703,1.4473,298508,1567241.35,431475000.0,107868750.0
2006-02-28,'000605,四环药业,5.26,5.27,5.05,5.12,5.11,0.15,2.9354,2.8276,583189,3031687.99,433950000.0,108487500.0
2006-02-27,'000605,四环药业,5.11,5.15,5.06,5.12,5.09,0.02,0.3929,0.8645,178299,909407.0,421575000.0,105393750.0
2006-02-24,'000605,四环药业,5.09,5.11,5.03,5.11,5.09,0.0,0.0,1.1315,233380,1185387.0,419925000.0,104981250.0
2006-02-23,'000605,四环药业,5.09,5.12,4.92,4.92,4.96,0.13,2.621,2.1102,435229,2194440.13,419925000.0,104981250.0
2006-02-22,'000605,四环药业,4.96,5.0,4.92,4.98,4.98,-0.02,-0.4016,1.5559,320899,1593618.02,409200000.0,102300000.0
2006-02-21,'000605,四环药业,4.98,4.99,4.82,4.93,4.93,0.05,1.0142,1.8551,382615,1868501.12,410850000.0,102712500.0
2006-02-20,'000605,四环药业,4.93,5.1,4.92,5.08,5.08,-0.15,-2.9528,1.4264,294200,1477750.0,406725000.0,101681250.0
2006-02-17,'000605,四环药业,5.08,5.13,5.04,5.1,5.13,-0.05,-0.9747,1.3315,274623,1398057.08,419100000.0,104775000.0
2006-02-16,'000605,四环药业,5.13,5.32,5.1,5.28,5.31,-0.18,-3.3898,1.6139,332870,1733803.4,423225000.0,105806250.0
2006-02-15,'000605,四环药业,5.31,5.35,5.29,5.33,5.33,-0.02,-0.3752,1.3696,282487,1501559.2,438075000.0,109518750.0
2006-02-14,'000605,四环药业,5.33,5.35,5.26,5.31,5.29,0.04,0.7561,1.3593,280356,1487755.69,439725000.0,109931250.0
2006-02-13,'000605,四环药业,5.29,5.31,5.18,5.3,5.34,-0.05,-0.9363,1.8594,383500,2009622.93,436425000.0,109106250.0
2006-02-10,'000605,四环药业,5.34,5.36,5.27,5.35,5.33,0.01,0.1876,1.3292,274157,1459639.59,440550000.0,110137500.0
2006-02-09,'000605,四环药业,5.33,5.44,5.31,5.4,5.39,-0.06,-1.1132,1.5293,315420,1692507.6,439725000.0,109931250.0
2006-02-08,'000605,四环药业,5.39,5.41,5.24,5.35,5.34,0.05,0.9363,1.8058,372447,1991077.76,444675000.0,111168750.0
2006-02-07,'000605,四环药业,5.34,5.38,5.2,5.29,5.29,0.05,0.9452,2.7365,564393,2983245.4,440550000.0,110137500.0
2006-02-06,'000605,四环药业,5.29,5.29,5.19,5.19,5.19,0.1,1.9268,1.7219,355142,1864153.39,436425000.0,109106250.0
2006-01-25,'000605,四环药业,5.19,5.35,5.16,5.25,5.23,-0.04,-0.7648,1.6998,350579,1829375.7,428175000.0,107043750.0
2006-01-24,'000605,四环药业,5.23,5.31,5.15,5.15,5.21,0.02,0.3839,2.3742,489670,2566255.01,431475000.0,107868750.0
2006-01-23,'000605,四环药业,5.21,5.5,5.13,5.5,5.68,-0.47,-8.2746,5.7093,1177538,6201482.14,429825000.0,107456250.0
2006-01-20,'000605,四环药业,0.0,0.0,0.0,0.0,5.68,None,None,0.0,0,0.0,468600000.0,117150000.0
2006-01-19,'000605,四环药业,5.68,5.79,5.65,5.75,5.76,-0.08,-1.3889,2.7942,576296,3276000.74,468600000.0,117150000.0
2006-01-18,'000605,四环药业,5.76,5.77,5.61,5.7,5.7,0.06,1.0526,3.0842,636126,3622725.66,475200000.0,118800000.0
2006-01-17,'000605,四环药业,5.7,5.79,5.67,5.67,5.68,0.02,0.3521,1.1151,229987,1314396.1,470250000.0,117562500.0
2006-01-16,'000605,四环药业,5.68,5.93,5.65,5.85,5.9,-0.22,-3.7288,3.9826,821401,4722781.22,468600000.0,117150000.0
2006-01-13,'000605,四环药业,5.9,6.01,5.86,5.99,5.99,-0.09,-1.5025,2.0293,418534,2471011.6,486750000.0,121687500.0
2006-01-12,'000605,四环药业,5.99,6.02,5.83,5.91,5.96,0.03,0.5034,2.458,506954,3007251.61,494175000.0,123543750.0
2006-01-11,'000605,四环药业,5.96,6.07,5.88,5.88,5.92,0.04,0.6757,3.4879,719380,4304858.17,491700000.0,122925000.0
2006-01-10,'000605,四环药业,5.92,5.96,5.85,5.87,5.96,-0.04,-0.6711,2.3959,494160,2918750.57,488400000.0,122100000.0
2006-01-09,'000605,四环药业,5.96,5.98,5.83,5.91,5.91,0.05,0.846,3.0054,619870,3658390.7,491700000.0,122925000.0
2006-01-06,'000605,四环药业,5.91,6.0,5.86,5.92,5.93,-0.02,-0.3373,3.2852,677579,4014655.56,487575000.0,121893750.0
2006-01-05,'000605,四环药业,5.93,5.94,5.85,5.94,5.94,-0.01,-0.1684,2.8916,596390,3511188.5,489225000.0,122306250.0
2006-01-04,'000605,四环药业,5.94,6.03,5.69,5.69,5.69,0.25,4.3937,4.8211,994345,5919427.29,490050000.0,122512500.0
2005-12-30,'000605,四环药业,5.69,5.87,5.65,5.8,5.84,-0.15,-2.5685,2.4574,506840,2919136.99,469425000.0,117356250.0
2005-12-29,'000605,四环药业,5.84,5.94,5.78,5.91,5.91,-0.07,-1.1844,3.7437,772143,4507022.79,481800000.0,120450000.0
2005-12-28,'000605,四环药业,5.91,5.98,5.85,5.88,5.88,0.03,0.5102,1.8823,388230,2293260.7,487575000.0,121893750.0
2005-12-27,'000605,四环药业,5.88,6.04,5.88,6.02,6.03,-0.15,-2.4876,3.5192,725830,4306639.2,485100000.0,121275000.0
2005-12-26,'000605,四环药业,6.03,6.1,5.88,5.91,5.93,0.1,1.6863,4.091,843762,5071319.87,497475000.0,124368750.0
2005-12-23,'000605,四环药业,5.93,6.04,5.9,6.04,6.04,-0.11,-1.8212,2.8924,596565,3542394.3,489225000.0,122306250.0
2005-12-22,'000605,四环药业,6.04,6.18,5.97,6.13,6.12,-0.08,-1.3072,3.5415,730426,4408135.36,498300000.0,124575000.0
2005-12-21,'000605,四环药业,6.12,6.23,6.01,6.01,6.16,-0.04,-0.6494,9.2497,1907758,11691138.35,504900000.0,126225000.0
2005-12-20,'000605,四环药业,6.16,6.4,5.65,5.8,5.85,0.31,5.2991,10.6098,2188262,13162410.66,508200000.0,127050000.0
2005-12-19,'000605,四环药业,5.85,6.11,5.58,5.58,5.58,0.27,4.8387,7.1655,1477878,8641720.37,482625000.0,120656250.0
2005-12-16,'000605,四环药业,5.58,5.64,5.49,5.53,5.54,0.04,0.722,3.7172,766678,4254883.36,460350000.0,115087500.0
2005-12-15,'000605,四环药业,5.54,5.73,5.52,5.73,5.73,-0.19,-3.3159,3.5797,738316,4157781.33,457050000.0,114262500.0
2005-12-14,'000605,四环药业,5.73,5.75,5.63,5.71,5.79,-0.06,-1.0363,3.2988,680380,3876277.16,472725000.0,118181250.0
2005-12-13,'000605,四环药业,5.79,5.83,5.6,5.7,5.79,0.0,0.0,3.9571,816156,4693347.72,477675000.0,119418750.0
2005-12-12,'000605,四环药业,5.79,6.06,5.68,6.06,6.14,-0.35,-5.7003,8.4511,1743033,10109993.79,477675000.0,119418750.0
2005-12-09,'000605,四环药业,6.14,6.28,5.91,6.15,6.15,-0.01,-0.1626,12.3795,2553265,15530964.49,506550000.0,126637500.0
2005-12-08,'000605,四环药业,6.15,6.23,5.73,6.0,6.07,0.08,1.318,15.631,3223897,19663445.45,507375000.0,126843750.0
2005-12-07,'000605,四环药业,6.07,6.28,5.63,5.81,5.76,0.31,5.3819,18.0988,3732883,22349254.06,500775000.0,125193750.0
2005-12-06,'000605,四环药业,5.76,5.76,5.25,5.25,5.24,0.52,9.9237,13.4381,2771600,15472720.16,475200000.0,118800000.0
2005-12-05,'000605,四环药业,5.24,5.46,5.09,5.37,5.41,-0.17,-3.1423,6.5676,1354559,7139048.73,432300000.0,108075000.0
2005-12-02,'000605,四环药业,5.41,5.79,5.35,5.68,5.74,-0.33,-5.7491,8.0786,1666219,9261209.29,446325000.0,111581250.0
2005-12-01,'000605,四环药业,5.74,5.96,5.7,5.8,5.86,-0.12,-2.0478,21.8728,4511261,26425200.12,473550000.0,118387500.0
2005-11-30,'000605,四环药业,5.86,5.86,5.56,5.78,5.33,0.53,9.9437,22.8399,4710732,27117469.42,483450000.0,120862500.0
2005-11-29,'000605,四环药业,5.33,5.34,5.22,5.25,5.3,0.03,0.566,2.609,538113,2843235.82,439725000.0,109931250.0
2005-11-28,'000605,四环药业,5.3,5.35,5.15,5.16,5.16,0.14,2.7132,4.0305,831294,4385310.93,437250000.0,109312500.0
2005-11-25,'000605,四环药业,5.16,5.2,5.05,5.14,5.17,-0.01,-0.1934,1.4317,295288,1517029.78,425700000.0,106425000.0
2005-11-24,'000605,四环药业,5.17,5.22,5.11,5.2,5.2,-0.03,-0.5769,1.535,316595,1626673.05,426525000.0,106631250.0
2005-11-23,'000605,四环药业,5.2,5.2,4.88,4.88,4.9,0.3,6.1224,4.6897,967241,4955628.48,429000000.0,107250000.0
2005-11-22,'000605,四环药业,4.9,5.06,4.85,5.06,5.11,-0.21,-4.1096,1.7518,361300,1796716.0,404250000.0,101062500.0
2005-11-21,'000605,四环药业,5.11,5.23,5.07,5.14,5.06,0.05,0.9881,2.0296,418600,2154202.7,421575000.0,105393750.0
2005-11-18,'000605,四环药业,5.06,5.09,4.93,5.0,4.99,0.07,1.4028,2.0262,417905,2106672.92,417450000.0,104362500.0
2005-11-17,'000605,四环药业,4.99,5.11,4.93,5.08,5.11,-0.12,-2.3483,1.9643,405134,2035283.18,411675000.0,102918750.0
2005-11-16,'000605,四环药业,5.11,5.11,4.88,4.93,4.96,0.15,3.0242,3.2481,669925,3375981.09,421575000.0,105393750.0
2005-11-15,'000605,四环药业,4.96,5.07,4.82,4.82,4.81,0.15,3.1185,4.0193,828972,4143393.74,409200000.0,102300000.0
2005-11-14,'000605,四环药业,4.81,4.84,4.72,4.72,4.75,0.06,1.2632,0.8727,179997,861475.43,396825000.0,99206250.0
2005-11-11,'000605,四环药业,4.75,4.79,4.58,4.61,4.68,0.07,1.4957,1.3866,285984,1346823.32,391875000.0,97968750.0
2005-11-10,'000605,四环药业,4.68,5.0,4.68,4.99,5.02,-0.34,-6.7729,2.3105,476549,2288429.57,386100000.0,96525000.0
2005-11-09,'000605,四环药业,5.02,5.14,5.0,5.06,5.03,-0.01,-0.1988,2.4888,513319,2606309.84,414150000.0,103537500.0
2005-11-08,'000605,四环药业,5.03,5.05,4.88,4.95,4.93,0.1,2.0284,1.8012,371492,1847118.58,414975000.0,103743750.0
2005-11-07,'000605,四环药业,4.93,4.95,4.7,4.8,4.74,0.19,4.0084,2.1051,434180,2107790.43,406725000.0,101681250.0
2005-11-04,'000605,四环药业,4.74,4.79,4.65,4.79,4.74,0.0,0.0,0.7986,164701,775662.52,391050000.0,97762500.0
2005-11-03,'000605,四环药业,4.74,4.86,4.68,4.81,4.81,-0.07,-1.4553,0.8734,180136,856719.66,391050000.0,97762500.0
2005-11-02,'000605,四环药业,4.81,4.83,4.63,4.63,4.69,0.12,2.5586,1.603,330611,1577098.53,396825000.0,99206250.0
2005-11-01,'000605,四环药业,4.69,4.74,4.5,4.69,4.69,0.0,0.0,1.3249,273259,1263677.51,386925000.0,96731250.0
2005-10-31,'000605,四环药业,4.69,4.92,4.4,4.78,4.89,-0.2,-4.09,2.7368,564471,2628186.64,386925000.0,96731250.0
2005-10-28,'000605,四环药业,4.89,5.44,4.84,5.38,5.32,-0.43,-8.0827,3.0453,628099,3186443.76,403425000.0,100856250.0
2005-10-27,'000605,四环药业,5.32,5.33,5.14,5.18,5.24,0.08,1.5267,1.9462,401401,2095620.74,438900000.0,109725000.0
2005-10-26,'000605,四环药业,5.24,5.48,5.13,5.24,5.21,0.03,0.5758,2.9415,606681,3230959.13,432300000.0,108075000.0
2005-10-25,'000605,四环药业,5.21,5.45,5.2,5.4,5.45,-0.24,-4.4037,1.7644,363899,1934859.84,429825000.0,107456250.0
2005-10-24,'000605,四环药业,5.45,5.83,5.41,5.83,5.57,-0.12,-2.1544,3.5623,734714,4091543.52,449625000.0,112406250.0
2005-10-21,'000605,四环药业,5.57,5.64,5.16,5.2,5.2,0.37,7.1154,7.1984,1484663,8093061.26,459525000.0,114881250.0
2005-10-20,'000605,四环药业,5.2,5.25,5.02,5.19,5.13,0.07,1.3645,2.8581,589480,3042123.77,429000000.0,107250000.0
2005-10-19,'000605,四环药业,5.13,5.28,5.02,5.05,5.02,0.11,2.1912,3.323,685373,3546000.57,423225000.0,105806250.0
2005-10-18,'000605,四环药业,5.02,5.06,4.81,4.84,4.94,0.08,1.6194,2.2701,468203,2334060.45,414150000.0,103537500.0
2005-10-17,'000605,四环药业,4.94,4.96,4.78,4.85,4.88,0.06,1.2295,1.7299,356800,1722806.96,407550000.0,101887500.0
2005-10-14,'000605,四环药业,4.88,5.04,4.81,4.95,4.97,-0.09,-1.8109,2.1322,439774,2151844.24,402600000.0,100650000.0
2005-10-13,'000605,四环药业,4.97,5.08,4.95,5.04,5.04,-0.07,-1.3889,1.7932,369840,1860000.93,410025000.0,102506250.0
2005-10-12,'000605,四环药业,5.04,5.08,4.86,4.95,4.98,0.06,1.2048,1.8907,389967,1938856.18,415800000.0,103950000.0
2005-10-11,'000605,四环药业,4.98,4.99,4.81,4.82,4.87,0.11,2.2587,2.0532,423478,2081144.7,410850000.0,102712500.0
2005-10-10,'000605,四环药业,4.87,5.12,4.82,5.04,5.16,-0.29,-5.6202,3.3895,699080,3477998.09,401775000.0,100443750.0
2005-09-30,'000605,四环药业,5.16,5.6,5.16,5.55,5.73,-0.57,-9.9476,8.0765,1665779,8875976.2,425700000.0,106425000.0
2005-09-29,'000605,四环药业,5.73,5.79,5.5,5.51,5.59,0.14,2.5045,6.3395,1307526,7434887.22,472725000.0,118181250.0
2005-09-28,'000605,四环药业,5.59,5.89,5.35,5.42,5.37,0.22,4.0968,7.2106,1487187,8411189.98,461175000.0,115293750.0
2005-09-27,'000605,四环药业,5.37,5.65,5.2,5.53,5.48,-0.11,-2.0073,4.4941,926909,5143546.19,443025000.0,110756250.0
2005-09-26,'000605,四环药业,5.48,5.5,5.16,5.41,5.45,0.03,0.5505,2.1009,433301,2328737.77,452100000.0,113025000.0
2005-09-23,'000605,四环药业,5.45,5.55,5.33,5.35,5.34,0.11,2.0599,5.7962,1195459,6485461.39,449625000.0,112406250.0
2005-09-22,'000605,四环药业,5.34,5.69,5.14,5.69,5.71,-0.37,-6.4799,4.3686,901019,4832441.06,440550000.0,110137500.0
2005-09-21,'000605,四环药业,5.71,5.89,5.53,5.53,5.55,0.16,2.8829,7.0353,1451022,8281952.14,471075000.0,117768750.0
2005-09-20,'000605,四环药业,5.55,5.62,5.41,5.5,5.57,-0.02,-0.3591,2.8552,588894,3230384.53,457875000.0,114468750.0
2005-09-19,'000605,四环药业,5.57,5.79,5.45,5.46,5.43,0.14,2.5783,3.5517,732533,4070344.75,459525000.0,114881250.0
2005-09-16,'000605,四环药业,5.43,5.46,5.3,5.37,5.37,0.06,1.1173,2.4525,505837,2714771.24,447975000.0,111993750.0
2005-09-15,'000605,四环药业,5.37,5.47,5.31,5.38,5.38,-0.01,-0.1859,1.9945,411362,2208638.03,443025000.0,110756250.0
2005-09-14,'000605,四环药业,5.38,5.42,5.25,5.3,5.3,0.08,1.5094,3.4895,719710,3857965.42,443850000.0,110962500.0
2005-09-13,'000605,四环药业,5.3,5.31,5.1,5.11,5.15,0.15,2.9126,2.8612,590129,3080922.21,437250000.0,109312500.0
2005-09-12,'000605,四环药业,5.15,5.19,5.02,5.19,5.17,-0.02,-0.3868,1.1409,235309,1200298.51,424875000.0,106218750.0
2005-09-09,'000605,四环药业,5.17,5.19,4.96,5.03,5.03,0.14,2.7833,3.3146,683627,3494736.22,426525000.0,106631250.0
2005-09-08,'000605,四环药业,5.03,5.09,4.95,5.0,5.01,0.02,0.3992,1.7871,368599,1851330.71,414975000.0,103743750.0
2005-09-07,'000605,四环药业,5.01,5.07,4.82,4.87,4.89,0.12,2.454,1.3204,272336,1341095.82,413325000.0,103331250.0
2005-09-06,'000605,四环药业,4.89,5.19,4.85,5.15,5.11,-0.22,-4.3053,3.2398,668209,3367201.93,403425000.0,100856250.0
2005-09-05,'000605,四环药业,5.11,5.22,5.04,5.05,5.08,0.03,0.5906,3.0498,629030,3230570.95,421575000.0,105393750.0
2005-09-02,'000605,四环药业,5.08,5.09,4.85,4.9,4.91,0.17,3.4623,3.8945,803248,4022891.95,419100000.0,104775000.0
2005-09-01,'000605,四环药业,4.91,4.97,4.71,4.8,4.82,0.09,1.8672,3.7649,776512,3788071.58,405075000.0,101268750.0
2005-08-31,'000605,四环药业,4.82,4.84,4.6,4.68,4.76,0.06,1.2605,2.3195,478399,2270846.0,397650000.0,99412500.0
2005-08-30,'000605,四环药业,4.76,4.95,4.73,4.95,4.93,-0.17,-3.4483,2.0533,423498,2028963.06,392700000.0,98175000.0
2005-08-29,'000605,四环药业,4.93,5.12,4.85,4.98,4.96,-0.03,-0.6048,4.3895,905340,4528164.14,406725000.0,101681250.0
2005-08-26,'000605,四环药业,4.96,5.05,4.71,4.71,4.92,0.04,0.813,6.1322,1264769,6197215.64,409200000.0,102300000.0
2005-08-25,'000605,四环药业,4.92,5.1,4.75,4.93,4.81,0.11,2.2869,8.7894,1812813,8865166.32,405900000.0,101475000.0
2005-08-24,'000605,四环药业,4.81,4.81,4.37,4.39,4.37,0.44,10.0686,6.2188,1282626,6011203.39,396825000.0,99206250.0
2005-08-23,'000605,四环药业,4.37,4.49,4.3,4.4,4.45,-0.08,-1.7978,1.8045,372188,1624633.76,360525000.0,90131250.0
2005-08-22,'000605,四环药业,4.45,4.5,4.34,4.45,4.47,-0.02,-0.4474,1.286,265228,1174190.45,367125000.0,91781250.0
2005-08-19,'000605,四环药业,4.47,4.71,4.3,4.5,4.54,-0.07,-1.5419,3.3436,689611,3078260.44,368775000.0,92193750.0
2005-08-18,'000605,四环药业,4.54,4.98,4.5,4.75,4.73,-0.19,-4.0169,5.8662,1209898,5819906.19,374550000.0,93637500.0
2005-08-17,'000605,四环药业,4.73,4.77,4.4,4.56,4.55,0.18,3.956,4.3078,888490,4093976.87,390225000.0,97556250.0
2005-08-16,'000605,四环药业,4.55,4.65,4.45,4.56,4.5,0.05,1.1111,3.2733,675124,3062760.61,375375000.0,93843750.0
2005-08-15,'000605,四环药业,4.5,4.58,4.31,4.35,4.35,0.15,3.4483,3.0222,623334,2750147.64,371250000.0,92812500.0
2005-08-12,'000605,四环药业,4.35,4.61,4.3,4.53,4.55,-0.2,-4.3956,3.7334,770008,3446961.16,358875000.0,89718750.0
2005-08-11,'000605,四环药业,4.55,4.58,4.4,4.5,4.49,0.06,1.3363,3.1794,655748,2955240.56,375375000.0,93843750.0
2005-08-10,'000605,四环药业,4.49,4.53,4.29,4.35,4.33,0.16,3.6952,4.3892,905273,4010945.25,370425000.0,92606250.0
2005-08-09,'000605,四环药业,4.33,4.35,4.15,4.2,4.19,0.14,3.3413,2.4068,496411,2106458.23,357225000.0,89306250.0
2005-08-08,'000605,四环药业,4.19,4.36,4.12,4.15,4.15,0.04,0.9639,3.6776,758499,3206825.2,345675000.0,86418750.0
2005-08-05,'000605,四环药业,4.15,4.16,3.97,4.0,3.98,0.17,4.2714,3.4924,720316,2941298.28,342375000.0,85593750.0
2005-08-04,'000605,四环药业,3.98,4.06,3.9,4.0,4.0,-0.02,-0.5,1.7101,352701,1404721.9,328350000.0,82087500.0
2005-08-03,'000605,四环药业,4.0,4.11,3.93,3.98,3.95,0.05,1.2658,4.0156,828227,3344696.28,330000000.0,82500000.0
2005-08-02,'000605,四环药业,3.95,3.97,3.86,3.91,3.9,0.05,1.2821,1.7883,368832,1444646.06,325875000.0,81468750.0
2005-08-01,'000605,四环药业,3.9,3.99,3.85,3.98,3.99,-0.09,-2.2556,2.4109,497240,1942374.96,321750000.0,80437500.0
2005-07-29,'000605,四环药业,3.99,4.07,3.8,3.84,3.86,0.13,3.3679,4.1811,862345,3383638.18,329175000.0,82293750.0
2005-07-28,'000605,四环药业,3.86,3.9,3.78,3.82,3.86,0.0,0.0,2.7389,564899,2167983.94,318450000.0,79612500.0
2005-07-27,'000605,四环药业,3.86,3.88,3.71,3.76,3.79,0.07,1.847,2.5699,530037,2006413.41,318450000.0,79612500.0
2005-07-26,'000605,四环药业,3.79,3.79,3.65,3.65,3.63,0.16,4.4077,3.7825,780142,2917959.44,312675000.0,78168750.0
2005-07-25,'000605,四环药业,3.63,3.66,3.56,3.56,3.6,0.03,0.8333,1.0233,211059,762975.81,299475000.0,74868750.0
2005-07-22,'000605,四环药业,3.6,3.68,3.48,3.53,3.48,0.12,3.4483,2.8264,582942,2089458.99,297000000.0,74250000.0
2005-07-21,'000605,四环药业,3.48,3.57,3.44,3.57,3.57,-0.09,-2.521,1.2889,265836,922557.84,287100000.0,71775000.0
2005-07-20,'000605,四环药业,3.57,3.62,3.52,3.56,3.6,-0.03,-0.8333,0.51,105185,374355.75,294525000.0,73631250.0
2005-07-19,'000605,四环药业,3.6,3.62,3.42,3.52,3.52,0.08,2.2727,1.9845,409300,1436128.88,297000000.0,74250000.0
2005-07-18,'000605,四环药业,3.52,3.79,3.52,3.72,3.77,-0.25,-6.6313,1.4436,297751,1078794.52,290400000.0,72600000.0
2005-07-15,'000605,四环药业,3.77,3.92,3.75,3.86,3.91,-0.14,-3.5806,2.303,474988,1804643.0,311025000.0,77756250.0
2005-07-14,'000605,四环药业,3.91,3.99,3.74,3.8,3.76,0.15,3.9894,3.3115,682988,2660807.6,322575000.0,80643750.0
2005-07-13,'000605,四环药业,3.76,3.81,3.67,3.77,3.92,-0.16,-4.0816,2.5022,516086,1920371.84,310200000.0,77550000.0
2005-07-12,'000605,四环药业,3.92,3.93,3.75,3.87,3.8,0.12,3.1579,1.5882,327573,1264581.53,323400000.0,80850000.0
2005-07-11,'000605,四环药业,3.8,4.0,3.8,3.86,3.86,-0.06,-1.5544,0.7059,145600,567366.4,313500000.0,78375000.0
2005-07-08,'000605,四环药业,3.86,4.13,3.85,4.13,4.14,-0.28,-6.7633,0.9853,203221,808073.85,318450000.0,79612500.0
2005-07-07,'000605,四环药业,4.14,4.18,4.1,4.15,4.15,-0.01,-0.241,0.5748,118550,491510.0,341550000.0,85387500.0
2005-07-06,'000605,四环药业,4.15,4.18,4.01,4.13,4.2,-0.05,-1.1905,1.6849,347505,1427289.4,342375000.0,85593750.0
2005-07-05,'000605,四环药业,4.2,4.23,4.1,4.22,4.24,-0.04,-0.9434,0.9098,187640,783468.5,346500000.0,86625000.0
2005-07-04,'000605,四环药业,4.24,4.7,4.17,4.56,4.63,-0.39,-8.4233,3.3193,684606,2885348.59,349800000.0,87450000.0
2005-07-01,'000605,四环药业,4.63,5.12,4.61,5.11,5.12,-0.49,-9.5703,1.6667,343750,1645413.1,381975000.0,95493750.0
2005-06-30,'000605,四环药业,5.12,5.2,5.12,5.18,5.22,-0.1,-1.9157,0.4126,85099,439603.82,422400000.0,105600000.0
2005-06-29,'000605,四环药业,5.22,5.3,5.2,5.22,5.23,-0.01,-0.1912,0.2822,58200,304094.2,430650000.0,107662500.0
2005-06-28,'000605,四环药业,5.23,5.33,5.2,5.33,5.39,-0.16,-2.9685,0.6987,144100,758077.6,431475000.0,107868750.0
2005-06-27,'000605,四环药业,5.39,5.42,5.26,5.3,5.2,0.19,3.6538,1.3451,277420,1487656.4,444675000.0,111168750.0
2005-06-24,'000605,四环药业,5.2,5.23,5.16,5.17,5.2,0.0,0.0,0.4517,93171,483999.78,429000000.0,107250000.0
2005-06-23,'000605,四环药业,5.2,5.32,5.2,5.32,5.34,-0.14,-2.6217,0.9459,195100,1021728.0,429000000.0,107250000.0
2005-06-22,'000605,四环药业,5.34,5.35,5.24,5.26,5.38,-0.04,-0.7435,1.9002,391926,2069086.78,440550000.0,110137500.0
2005-06-21,'000605,四环药业,5.38,5.46,5.35,5.37,5.26,0.12,2.2814,0.7961,164200,887341.0,443850000.0,110962500.0
2005-06-20,'000605,四环药业,0.0,0.0,0.0,0.0,5.26,None,None,0.0,0,0.0,433950000.0,108487500.0
2005-06-17,'000605,四环药业,5.26,5.36,5.2,5.36,5.33,-0.07,-1.3133,0.4612,95128,499730.6,433950000.0,108487500.0
2005-06-16,'000605,四环药业,5.33,5.37,5.21,5.23,5.26,0.07,1.3308,0.5464,112700,593726.0,439725000.0,109931250.0
2005-06-15,'000605,四环药业,5.26,5.6,5.25,5.4,5.4,-0.14,-2.5926,1.1961,246700,1320148.94,433950000.0,108487500.0
2005-06-14,'000605,四环药业,5.4,5.66,5.4,5.51,5.58,-0.18,-3.2258,1.1496,237100,1312355.0,445500000.0,111375000.0
2005-06-13,'000605,四环药业,5.58,5.67,5.49,5.49,5.49,0.09,1.6393,1.405,289780,1616434.1,460350000.0,115087500.0
2005-06-10,'000605,四环药业,5.49,5.7,5.47,5.69,5.67,-0.18,-3.1746,2.7869,574800,3174405.2,452925000.0,113231250.0
2005-06-09,'000605,四环药业,5.67,5.87,5.6,5.62,5.73,-0.06,-1.0471,3.5423,730608,4146406.8,467775000.0,116943750.0
2005-06-08,'000605,四环药业,5.73,5.73,5.28,5.39,5.35,0.38,7.1028,1.8083,372956,2086899.08,472725000.0,118181250.0
2005-06-07,'000605,四环药业,5.35,5.51,5.3,5.4,5.4,-0.05,-0.9259,0.5921,122114,657070.62,441375000.0,110343750.0
2005-06-06,'000605,四环药业,5.4,5.4,5.25,5.25,5.37,0.03,0.5587,0.176,36300,194141.0,445500000.0,111375000.0
2005-06-03,'000605,四环药业,5.37,5.4,5.3,5.3,5.35,0.02,0.3738,0.0703,14500,77128.0,443025000.0,110756250.0
2005-06-02,'000605,四环药业,5.35,5.55,5.35,5.48,5.5,-0.15,-2.7273,0.1731,35700,193498.0,441375000.0,110343750.0
2005-06-01,'000605,四环药业,5.5,5.67,5.45,5.67,5.7,-0.2,-3.5088,0.3278,67600,374552.0,453750000.0,113437500.0
2005-05-31,'000605,四环药业,5.7,5.76,5.59,5.61,5.7,0.0,0.0,1.8689,385459,2175320.35,470250000.0,117562500.0
2005-05-30,'000605,四环药业,5.7,6.1,5.54,5.54,5.56,0.14,2.518,0.7627,157299,906188.31,470250000.0,117562500.0
2005-05-27,'000605,四环药业,5.56,5.63,5.5,5.5,5.68,-0.12,-2.1127,0.4228,87201,483422.51,458700000.0,114675000.0
2005-05-26,'000605,四环药业,5.68,5.8,5.58,5.8,5.68,0.0,0.0,2.9932,617340,3505648.6,468600000.0,117150000.0
2005-05-25,'000605,四环药业,5.68,5.69,5.55,5.62,5.63,0.05,0.8881,0.7344,151475,856668.01,468600000.0,117150000.0
2005-05-24,'000605,四环药业,5.63,5.74,5.34,5.4,5.47,0.16,2.925,0.5062,104400,579648.0,464475000.0,116118750.0
2005-05-23,'000605,四环药业,5.47,5.5,5.2,5.41,5.5,-0.03,-0.5455,0.8529,175918,943091.37,451275000.0,112818750.0
2005-05-20,'000605,四环药业,5.5,5.55,5.44,5.44,5.49,0.01,0.1821,0.5072,104600,576508.0,453750000.0,113437500.0
2005-05-19,'000605,四环药业,5.49,5.52,5.4,5.43,5.49,0.0,0.0,0.3675,75800,412940.0,452925000.0,113231250.0
2005-05-18,'000605,四环药业,5.49,5.55,5.4,5.51,5.51,-0.02,-0.363,0.24,49506,269515.88,452925000.0,113231250.0
2005-05-17,'000605,四环药业,5.51,5.57,5.38,5.42,5.52,-0.01,-0.1812,0.4017,82852,453543.01,454575000.0,113643750.0
2005-05-16,'000605,四环药业,5.52,5.53,5.41,5.41,5.52,0.0,0.0,0.2623,54101,296562.41,455400000.0,113850000.0
2005-05-13,'000605,四环药业,5.52,5.58,5.45,5.48,5.48,0.04,0.7299,0.5037,103898,570625.25,455400000.0,113850000.0
2005-05-12,'000605,四环药业,5.48,5.54,5.34,5.46,5.46,0.02,0.3663,0.432,89100,484553.07,452100000.0,113025000.0
2005-05-11,'000605,四环药业,5.46,5.51,5.33,5.35,5.47,-0.01,-0.1828,0.6588,135875,741726.17,450450000.0,112612500.0
2005-05-10,'000605,四环药业,5.47,5.47,5.23,5.45,5.45,0.02,0.367,0.605,124775,673048.75,451275000.0,112818750.0
2005-05-09,'000605,四环药业,5.45,5.45,5.1,5.31,5.41,0.04,0.7394,1.1268,232400,1247618.46,449625000.0,112406250.0
2005-04-29,'000605,四环药业,5.41,5.57,5.41,5.57,5.57,-0.16,-2.8725,0.3884,80100,437294.0,446325000.0,111581250.0
2005-04-28,'000605,四环药业,5.57,5.66,5.21,5.37,5.41,0.16,2.9575,1.0322,212898,1168687.23,459525000.0,114881250.0
2005-04-27,'000605,四环药业,5.41,5.45,5.15,5.35,5.38,0.03,0.5576,1.027,211823,1124537.13,446325000.0,111581250.0
2005-04-26,'000605,四环药业,5.38,5.46,5.07,5.1,5.07,0.31,6.1144,2.0645,425794,2261574.29,443850000.0,110962500.0
2005-04-25,'000605,四环药业,5.07,5.51,5.0,5.51,5.56,-0.49,-8.8129,2.7278,562600,2911612.2,418275000.0,104568750.0
2005-04-22,'000605,四环药业,5.56,6.05,5.56,6.03,6.18,-0.62,-10.0324,4.0567,836699,4691084.44,458700000.0,114675000.0
2005-04-21,'000605,四环药业,0.0,0.0,0.0,0.0,6.18,None,None,0.0,0,0.0,509850000.0,127462500.0
2005-04-20,'000605,四环药业,6.18,6.26,5.98,6.25,6.23,-0.05,-0.8026,2.2689,467954,2863463.9,509850000.0,127462500.0
2005-04-19,'000605,四环药业,6.23,6.24,5.96,6.0,6.03,0.2,3.3167,2.8477,587340,3624017.7,513975000.0,128493750.0
2005-04-18,'000605,四环药业,6.03,6.29,5.94,6.16,6.21,-0.18,-2.8986,2.5066,516991,3121664.5,497475000.0,124368750.0
2005-04-15,'000605,四环药业,6.21,6.42,6.17,6.42,6.47,-0.26,-4.0185,3.4055,702393,4390131.0,512325000.0,128081250.0
2005-04-14,'000605,四环药业,6.47,6.8,6.46,6.8,6.94,-0.47,-6.7723,5.8819,1213141,7990837.85,533775000.0,133443750.0
2005-04-13,'000605,四环药业,6.94,7.13,6.6,6.65,6.52,0.42,6.4417,16.005,3301031,22568102.32,572550000.0,143137500.0
2005-04-12,'000605,四环药业,6.52,6.52,6.09,6.09,5.93,0.59,9.9494,12.9181,2664352,17298431.04,537900000.0,134475000.0
2005-04-11,'000605,四环药业,5.93,6.07,5.89,6.07,6.07,-0.14,-2.3064,1.6148,333050,1984634.75,489225000.0,122306250.0
2005-04-08,'000605,四环药业,6.07,6.25,5.81,5.91,5.91,0.16,2.7073,1.6124,332556,2005439.7,500775000.0,125193750.0
2005-04-07,'000605,四环药业,5.91,6.05,5.78,5.84,5.83,0.08,1.3722,2.442,503654,3003367.21,487575000.0,121893750.0
2005-04-06,'000605,四环药业,5.83,5.95,5.74,5.95,5.77,0.06,1.0399,1.4729,303781,1778055.01,480975000.0,120243750.0
2005-04-05,'000605,四环药业,5.77,5.79,5.61,5.69,5.7,0.07,1.2281,0.8333,171870,980596.3,476025000.0,119006250.0
2005-04-04,'000605,四环药业,5.7,5.81,5.69,5.81,5.89,-0.19,-3.2258,1.0623,219096,1256867.4,470250000.0,117562500.0
2005-04-01,'000605,四环药业,5.89,5.94,5.57,5.75,5.79,0.1,1.7271,2.6072,537745,3099490.07,485925000.0,121481250.0
2005-03-31,'000605,四环药业,5.79,5.83,5.45,5.71,5.78,0.01,0.173,2.8801,594028,3356025.61,477675000.0,119418750.0
2005-03-30,'000605,四环药业,5.78,5.97,5.73,5.85,5.91,-0.13,-2.1997,2.7104,559025,3259968.88,476850000.0,119212500.0
2005-03-29,'000605,四环药业,5.91,5.91,5.43,5.43,5.37,0.54,10.0559,5.7003,1175696,6910029.45,487575000.0,121893750.0
2005-03-28,'000605,四环药业,5.37,5.62,5.34,5.61,5.62,-0.25,-4.4484,0.4019,82900,454950.0,443025000.0,110756250.0
2005-03-25,'000605,四环药业,5.62,5.63,5.55,5.62,5.6,0.02,0.3571,0.2487,51295,287435.26,463650000.0,115912500.0
2005-03-24,'000605,四环药业,5.6,5.62,5.5,5.58,5.58,0.02,0.3584,0.2037,42010,233950.7,462000000.0,115500000.0
2005-03-23,'000605,四环药业,5.58,5.69,5.41,5.62,5.61,-0.03,-0.5348,0.4822,99462,552326.66,460350000.0,115087500.0
2005-03-22,'000605,四环药业,5.61,5.97,5.6,5.97,5.95,-0.34,-5.7143,0.6643,137017,789647.37,462825000.0,115706250.0
2005-03-21,'000605,四环药业,5.95,6.07,5.92,6.0,5.98,-0.03,-0.5017,0.2589,53400,318949.9,490875000.0,122718750.0
2005-03-18,'000605,四环药业,5.98,6.11,5.95,6.11,6.1,-0.12,-1.9672,0.1777,36652,220093.4,493350000.0,123337500.0
2005-03-17,'000605,四环药业,6.1,6.17,6.07,6.12,6.09,0.01,0.1642,0.4192,86450,527851.46,503250000.0,125812500.0
2005-03-16,'000605,四环药业,6.09,6.22,6.08,6.22,6.21,-0.12,-1.9324,0.3716,76638,469890.99,502425000.0,125606250.0
2005-03-15,'000605,四环药业,6.21,6.36,6.2,6.29,6.28,-0.07,-1.1146,0.2884,59475,373876.25,512325000.0,128081250.0
2005-03-14,'000605,四环药业,6.28,6.44,6.27,6.44,6.44,-0.16,-2.4845,0.4587,94601,597812.35,518100000.0,129525000.0
2005-03-11,'000605,四环药业,6.44,6.47,6.37,6.43,6.42,0.02,0.3115,0.2547,52541,337493.4,531300000.0,132825000.0
2005-03-10,'000605,四环药业,6.42,6.63,6.41,6.58,6.58,-0.16,-2.4316,0.4941,101905,664027.52,529650000.0,132412500.0
2005-03-09,'000605,四环药业,6.58,6.61,6.48,6.61,6.63,-0.05,-0.7541,0.5775,119113,779445.35,542850000.0,135712500.0
2005-03-08,'000605,四环药业,6.63,6.63,6.35,6.42,6.39,0.24,3.7559,1.0081,207916,1361930.04,546975000.0,136743750.0
2005-03-07,'000605,四环药业,6.39,6.42,6.33,6.37,6.36,0.03,0.4717,0.3198,65956,420370.49,527175000.0,131793750.0
2005-03-04,'000605,四环药业,6.36,6.43,6.35,6.42,6.39,-0.03,-0.4695,0.3821,78800,504494.5,524700000.0,131175000.0
2005-03-03,'000605,四环药业,6.39,6.42,6.29,6.42,6.4,-0.01,-0.1563,0.6274,129400,819687.0,527175000.0,131793750.0
2005-03-02,'000605,四环药业,6.4,6.56,6.38,6.49,6.49,-0.09,-1.3867,0.4388,90505,586685.84,528000000.0,132000000.0
2005-03-01,'000605,四环药业,6.49,6.49,6.35,6.42,6.41,0.08,1.248,0.5196,107172,687566.36,535425000.0,133856250.0
2005-02-28,'000605,四环药业,6.41,6.54,6.38,6.43,6.49,-0.08,-1.2327,0.5728,118134,759085.57,528825000.0,132206250.0
2005-02-25,'000605,四环药业,6.49,6.6,6.42,6.42,6.47,0.02,0.3091,1.051,216764,1411164.74,535425000.0,133856250.0
2005-02-24,'000605,四环药业,6.47,6.48,6.4,6.42,6.48,-0.01,-0.1543,0.5437,112130,720963.7,533775000.0,133443750.0
2005-02-23,'000605,四环药业,6.48,6.54,6.28,6.29,6.34,0.14,2.2082,0.7866,162244,1047926.41,534600000.0,133650000.0
2005-02-22,'000605,四环药业,6.34,6.39,6.16,6.18,6.18,0.16,2.589,0.7622,157201,985926.61,523050000.0,130762500.0
2005-02-21,'000605,四环药业,6.18,6.2,6.08,6.09,6.08,0.1,1.6447,0.3869,79800,490170.1,509850000.0,127462500.0
2005-02-18,'000605,四环药业,6.08,6.2,6.08,6.19,6.19,-0.11,-1.7771,0.0912,18800,115041.0,501600000.0,125400000.0
2005-02-17,'000605,四环药业,6.19,6.25,6.04,6.17,6.18,0.01,0.1618,0.1985,40950,251104.97,510675000.0,127668750.0
2005-02-16,'000605,四环药业,6.18,6.25,6.11,6.17,6.14,0.04,0.6515,0.3607,74400,461375.0,509850000.0,127462500.0
2005-02-04,'000605,四环药业,6.14,6.14,5.96,6.02,6.01,0.13,2.1631,0.6032,124405,749562.55,506550000.0,126637500.0
2005-02-03,'000605,四环药业,6.01,6.3,6.0,6.3,6.19,-0.18,-2.9079,0.7079,146000,896667.0,495825000.0,123956250.0
2005-02-02,'000605,四环药业,6.19,6.22,5.88,5.89,5.88,0.31,5.2721,0.4023,82975,503582.25,510675000.0,127668750.0
2005-02-01,'000605,四环药业,5.88,6.07,5.88,6.0,6.0,-0.12,-2.0,0.2313,47700,285062.01,485100000.0,121275000.0
2005-01-31,'000605,四环药业,6.0,6.4,5.9,6.4,6.38,-0.38,-5.9561,0.3947,81399,497073.94,495000000.0,123750000.0
2005-01-28,'000605,四环药业,6.38,6.6,6.33,6.59,6.59,-0.21,-3.1866,0.3665,75600,487446.65,526350000.0,131587500.0
2005-01-27,'000605,四环药业,6.59,6.74,6.58,6.64,6.72,-0.13,-1.9345,0.2838,58540,387893.0,543675000.0,135918750.0
2005-01-26,'000605,四环药业,6.72,6.83,6.68,6.83,6.72,0.0,0.0,0.2575,53100,357625.95,554400000.0,138600000.0
2005-01-25,'000605,四环药业,6.72,6.84,6.67,6.84,6.84,-0.12,-1.7544,0.3176,65500,440056.0,554400000.0,138600000.0
2005-01-24,'000605,四环药业,6.84,6.85,6.7,6.75,6.66,0.18,2.7027,0.5285,109005,741064.5,564300000.0,141075000.0
2005-01-21,'000605,四环药业,6.66,6.73,6.42,6.6,6.61,0.05,0.7564,0.644,132830,869379.7,549450000.0,137362500.0
2005-01-20,'000605,四环药业,6.61,6.69,6.61,6.68,6.69,-0.08,-1.1958,0.2061,42504,282584.48,545325000.0,136331250.0
2005-01-19,'000605,四环药业,6.69,6.79,6.66,6.79,6.78,-0.09,-1.3274,0.2161,44570,299168.2,551925000.0,137981250.0
2005-01-18,'000605,四环药业,6.78,6.79,6.63,6.72,6.66,0.12,1.8018,0.3055,63000,424710.8,559350000.0,139837500.0
2005-01-17,'000605,四环药业,6.66,6.8,6.65,6.8,6.85,-0.19,-2.7737,0.3137,64700,433805.6,549450000.0,137362500.0
2005-01-14,'000605,四环药业,6.85,6.96,6.83,6.92,6.84,0.01,0.1462,0.1968,40600,279111.0,565125000.0,141281250.0
2005-01-13,'000605,四环药业,6.84,6.9,6.8,6.84,6.92,-0.08,-1.1561,0.2938,60600,414746.0,564300000.0,141075000.0
2005-01-12,'000605,四环药业,6.92,7.06,6.81,7.0,7.02,-0.1,-1.4245,0.5125,105700,725400.0,570900000.0,142725000.0
2005-01-11,'000605,四环药业,7.02,7.56,6.91,7.56,6.88,0.14,2.0349,1.0662,219905,1582218.42,579150000.0,144787500.0
2005-01-10,'000605,四环药业,6.88,6.89,6.67,6.72,6.72,0.16,2.381,0.449,92600,629931.26,567600000.0,141900000.0
2005-01-07,'000605,四环药业,6.72,6.8,6.64,6.7,6.69,0.03,0.4484,0.3261,67249,450879.3,554400000.0,138600000.0
2005-01-06,'000605,四环药业,6.69,6.7,6.65,6.7,6.7,-0.01,-0.1493,0.1993,41105,274101.25,551925000.0,137981250.0
2005-01-05,'000605,四环药业,6.7,6.76,6.6,6.66,6.65,0.05,0.7519,0.5222,107700,719272.0,552750000.0,138187500.0
2005-01-04,'000605,四环药业,6.65,6.7,6.59,6.61,6.65,0.0,0.0,0.2274,46900,310137.0,548625000.0,137156250.0
2004-12-31,'000605,四环药业,6.65,6.8,6.61,6.7,6.75,-0.1,-1.4815,0.2352,48500,324352.0,548625000.0,137156250.0
2004-12-30,'000605,四环药业,6.75,6.93,6.69,6.8,6.8,-0.05,-0.7353,0.6694,138057,928599.03,556875000.0,139218750.0
2004-12-29,'000605,四环药业,6.8,6.94,6.78,6.8,6.87,-0.07,-1.0189,0.1641,33850,230778.0,561000000.0,140250000.0
2004-12-28,'000605,四环药业,6.87,7.0,6.72,7.0,7.0,-0.13,-1.8571,0.369,76100,522209.0,566775000.0,141693750.0
2004-12-27,'000605,四环药业,7.0,7.07,6.91,7.07,7.06,-0.06,-0.8499,0.2546,52501,366269.91,577500000.0,144375000.0
2004-12-24,'000605,四环药业,7.06,7.09,6.94,7.05,7.18,-0.12,-1.6713,0.3743,77200,543181.0,582450000.0,145612500.0
2004-12-23,'000605,四环药业,0.0,0.0,0.0,0.0,7.18,None,None,0.0,0,0.0,592350000.0,148087500.0
2004-12-22,'000605,四环药业,7.18,7.18,6.88,7.02,6.97,0.21,3.0129,1.3797,284555,2008815.41,592350000.0,148087500.0
2004-12-21,'000605,四环药业,6.97,7.0,6.85,6.92,6.91,0.06,0.8683,0.655,135100,936892.0,575025000.0,143756250.0
2004-12-20,'000605,四环药业,6.91,6.92,6.82,6.91,6.91,0.0,0.0,0.1959,40400,278406.0,570075000.0,142518750.0
2004-12-17,'000605,四环药业,6.91,7.0,6.8,6.97,6.98,-0.07,-1.0029,0.5537,114200,784070.0,570075000.0,142518750.0
2004-12-16,'000605,四环药业,6.98,7.03,6.91,7.03,7.03,-0.05,-0.7112,0.2807,57900,402966.0,575850000.0,143962500.0
2004-12-15,'000605,四环药业,7.03,7.09,6.9,7.09,7.05,-0.02,-0.2837,0.3074,63401,440419.9,579975000.0,144993750.0
2004-12-14,'000605,四环药业,7.05,7.08,7.0,7.07,7.06,-0.01,-0.1416,0.2114,43601,307028.02,581625000.0,145406250.0
2004-12-13,'000605,四环药业,7.06,7.13,6.9,7.13,7.15,-0.09,-1.2587,0.4124,85058,595833.35,582450000.0,145612500.0
2004-12-10,'000605,四环药业,7.15,7.2,7.1,7.15,7.13,0.02,0.2805,0.7384,152300,1088527.43,589875000.0,147468750.0
2004-12-09,'000605,四环药业,7.13,7.23,7.09,7.15,7.09,0.04,0.5642,0.4982,102750,736559.5,588225000.0,147056250.0
2004-12-08,'000605,四环药业,7.09,7.3,7.06,7.3,7.19,-0.1,-1.3908,1.5651,322800,2302854.0,584925000.0,146231250.0
2004-12-07,'000605,四环药业,7.19,7.45,7.17,7.45,7.44,-0.25,-3.3602,0.8645,178300,1301021.0,593175000.0,148293750.0
2004-12-06,'000605,四环药业,7.44,7.55,7.42,7.52,7.43,0.01,0.1346,0.2987,61600,459380.0,613800000.0,153450000.0
2004-12-03,'000605,四环药业,7.43,7.48,7.3,7.3,7.31,0.12,1.6416,0.5167,106568,790806.49,612975000.0,153243750.0
2004-12-02,'000605,四环药业,7.31,7.33,7.22,7.26,7.31,0.0,0.0,0.3384,69800,507988.0,603075000.0,150768750.0
2004-12-01,'000605,四环药业,7.31,7.45,7.3,7.32,7.38,-0.07,-0.9485,0.3675,75800,555287.0,603075000.0,150768750.0
2004-11-30,'000605,四环药业,7.38,7.52,7.32,7.36,7.36,0.02,0.2717,0.4756,98096,727236.56,608850000.0,152212500.0
2004-11-29,'000605,四环药业,7.36,7.65,7.33,7.6,7.59,-0.23,-3.0303,0.6119,126201,936703.35,607200000.0,151800000.0
2004-11-26,'000605,四环药业,7.59,7.88,7.53,7.79,7.79,-0.2,-2.5674,1.1442,236000,1802008.0,626175000.0,156543750.0
2004-11-25,'000605,四环药业,7.79,7.85,7.5,7.64,7.67,0.12,1.5645,1.6605,342477,2629730.57,642675000.0,160668750.0
2004-11-24,'000605,四环药业,7.67,8.05,7.65,7.8,7.85,-0.18,-2.293,1.9491,402000,3137475.85,632775000.0,158193750.0
2004-11-23,'000605,四环药业,7.85,7.97,7.5,7.62,7.62,0.23,3.0184,1.9321,398504,3079411.5,647625000.0,161906250.0
2004-11-22,'000605,四环药业,7.62,7.69,7.44,7.44,7.45,0.17,2.2819,1.191,245635,1853785.18,628650000.0,157162500.0
2004-11-19,'000605,四环药业,7.45,7.5,7.43,7.5,7.51,-0.06,-0.7989,0.8081,166675,1244044.0,614625000.0,153656250.0
2004-11-18,'000605,四环药业,7.51,7.61,7.41,7.61,7.56,-0.05,-0.6614,0.9799,202100,1509961.0,619575000.0,154893750.0
2004-11-17,'000605,四环药业,7.56,7.93,7.39,7.42,7.46,0.1,1.3405,3.4368,708847,5355594.21,623700000.0,155925000.0
2004-11-16,'000605,四环药业,7.46,7.5,7.37,7.41,7.5,-0.04,-0.5333,0.7773,160328,1189634.28,615450000.0,153862500.0
2004-11-15,'000605,四环药业,7.5,7.55,7.3,7.3,7.31,0.19,2.5992,2.03,418683,3120310.32,618750000.0,154687500.0
2004-11-12,'000605,四环药业,7.31,7.35,7.04,7.1,7.11,0.2,2.8129,1.4966,308668,2227228.24,603075000.0,150768750.0
2004-11-11,'000605,四环药业,7.11,7.26,7.06,7.14,7.1,0.01,0.1408,1.0658,219814,1570466.08,586575000.0,146643750.0
2004-11-10,'000605,四环药业,7.1,7.14,6.78,6.87,6.84,0.26,3.8012,0.8035,165724,1163707.67,585750000.0,146437500.0
2004-11-09,'000605,四环药业,6.84,6.84,6.73,6.76,6.75,0.09,1.3333,0.2225,45900,311501.0,564300000.0,141075000.0
2004-11-08,'000605,四环药业,6.75,6.85,6.68,6.81,6.81,-0.06,-0.8811,0.2595,53523,361553.67,556875000.0,139218750.0
2004-11-05,'000605,四环药业,6.81,6.87,6.76,6.85,6.77,0.04,0.5908,0.273,56300,384179.95,561825000.0,140456250.0
2004-11-04,'000605,四环药业,6.77,6.99,6.74,6.9,6.96,-0.19,-2.7299,0.544,112200,772361.13,558525000.0,139631250.0
2004-11-03,'000605,四环药业,6.96,6.96,6.8,6.96,6.8,0.16,2.3529,0.7627,157304,1076210.68,574200000.0,143550000.0
2004-11-02,'000605,四环药业,6.8,6.9,6.76,6.9,6.82,-0.02,-0.2933,0.1875,38680,262776.8,561000000.0,140250000.0
2004-11-01,'000605,四环药业,6.82,6.96,6.76,6.89,6.9,-0.08,-1.1594,0.2503,51620,352085.0,562650000.0,140662500.0
2004-10-29,'000605,四环药业,6.9,6.92,6.61,6.91,6.98,-0.08,-1.1461,0.5144,106100,723440.0,569250000.0,142312500.0
2004-10-28,'000605,四环药业,6.98,7.11,6.92,7.1,7.07,-0.09,-1.273,0.6938,143100,1006361.0,575850000.0,143962500.0
2004-10-27,'000605,四环药业,7.07,7.1,6.7,6.87,6.86,0.21,3.0612,0.5872,121100,838692.8,583275000.0,145818750.0
2004-10-26,'000605,四环药业,6.86,6.96,6.59,6.96,6.83,0.03,0.4392,0.6678,137732,928071.33,565950000.0,141487500.0
2004-10-25,'000605,四环药业,6.83,6.98,6.8,6.87,6.86,-0.03,-0.4373,0.5445,112300,769929.89,563475000.0,140868750.0
2004-10-22,'000605,四环药业,6.86,7.14,6.85,7.05,7.08,-0.22,-3.1073,0.7181,148100,1025964.89,565950000.0,141487500.0
2004-10-21,'000605,四环药业,7.08,7.28,7.0,7.25,7.15,-0.07,-0.979,0.4984,102800,732674.91,584100000.0,146025000.0
2004-10-20,'000605,四环药业,7.15,7.37,7.08,7.37,7.36,-0.21,-2.8533,0.6422,132444,949825.38,589875000.0,147468750.0
2004-10-19,'000605,四环药业,7.36,7.49,7.31,7.45,7.38,-0.02,-0.271,0.4218,86990,644647.7,607200000.0,151800000.0
2004-10-18,'000605,四环药业,7.38,7.41,7.3,7.4,7.35,0.03,0.4082,0.3312,68300,503008.0,608850000.0,152212500.0
2004-10-15,'000605,四环药业,7.35,7.6,7.26,7.51,7.48,-0.13,-1.738,0.6665,137470,1009555.6,606375000.0,151593750.0
2004-10-14,'000605,四环药业,7.48,8.08,7.47,7.84,8.09,-0.61,-7.5402,0.688,141900,1099799.02,617100000.0,154275000.0
2004-10-13,'000605,四环药业,8.09,8.1,7.8,7.81,7.84,0.25,3.1888,0.8439,174056,1378798.58,667425000.0,166856250.0
2004-10-12,'000605,四环药业,7.84,8.01,7.8,7.9,7.95,-0.11,-1.3836,0.4295,88583,698666.4,646800000.0,161700000.0
2004-10-11,'000605,四环药业,7.95,8.17,7.8,7.8,7.85,0.1,1.2739,0.8019,165401,1323352.58,655875000.0,163968750.0
2004-10-08,'000605,四环药业,7.85,7.85,7.5,7.55,7.53,0.32,4.2497,0.432,89098,686696.41,647625000.0,161906250.0
2004-09-30,'000605,四环药业,7.53,7.7,7.51,7.67,7.68,-0.15,-1.9531,0.5697,117499,892061.48,621225000.0,155306250.0
2004-09-29,'000605,四环药业,7.68,7.77,7.67,7.77,7.75,-0.07,-0.9032,0.7534,155399,1197114.33,633600000.0,158400000.0
2004-09-28,'000605,四环药业,7.75,7.85,7.71,7.74,7.74,0.01,0.1292,0.4398,90700,703271.0,639375000.0,159843750.0
2004-09-27,'000605,四环药业,7.74,8.1,7.7,8.05,7.98,-0.24,-3.0075,0.9509,196133,1540022.32,638550000.0,159637500.0
2004-09-24,'000605,四环药业,7.98,8.27,7.96,8.2,8.16,-0.18,-2.2059,1.593,328555,2678287.45,658350000.0,164587500.0
2004-09-23,'000605,四环药业,8.16,8.18,7.91,8.05,8.05,0.11,1.3665,1.19,245445,1976716.04,673200000.0,168300000.0
2004-09-22,'000605,四环药业,8.05,8.37,8.05,8.22,8.22,-0.17,-2.0681,1.1316,233400,1901762.0,664125000.0,166031250.0
2004-09-21,'000605,四环药业,8.22,8.5,8.17,8.42,8.37,-0.15,-1.7921,1.7016,350960,2909224.2,678150000.0,169537500.0
2004-09-20,'000605,四环药业,8.37,8.38,8.0,8.1,8.05,0.32,3.9752,2.1797,449555,3679291.87,690525000.0,172631250.0
2004-09-17,'000605,四环药业,8.05,8.14,7.75,7.77,7.75,0.3,3.871,1.7639,363805,2917763.98,664125000.0,166031250.0
2004-09-16,'000605,四环药业,7.75,7.8,7.6,7.8,7.7,0.05,0.6494,1.1646,240200,1851945.92,639375000.0,159843750.0
2004-09-15,'000605,四环药业,7.7,7.79,7.38,7.38,7.3,0.4,5.4795,1.4462,298275,2285447.12,635250000.0,158812500.0
2004-09-14,'000605,四环药业,7.3,7.37,7.15,7.15,7.09,0.21,2.9619,0.3204,66090,481930.3,602250000.0,150562500.0
2004-09-13,'000605,四环药业,7.09,7.33,7.06,7.25,7.3,-0.21,-2.8767,0.2475,51050,365407.0,584925000.0,146231250.0
2004-09-10,'000605,四环药业,7.3,7.38,7.28,7.35,7.35,-0.05,-0.6803,0.1726,35600,260164.0,602250000.0,150562500.0
2004-09-09,'000605,四环药业,7.35,7.45,7.21,7.3,7.45,-0.1,-1.3423,0.1838,37900,276099.0,606375000.0,151593750.0
2004-09-08,'000605,四环药业,7.45,7.57,7.4,7.57,7.5,-0.05,-0.6667,0.1783,36770,272777.0,614625000.0,153656250.0
2004-09-07,'000605,四环药业,7.5,7.55,7.43,7.5,7.47,0.03,0.4016,0.127,26200,195473.0,618750000.0,154687500.0
2004-09-06,'000605,四环药业,7.47,7.5,7.43,7.45,7.45,0.02,0.2685,0.0868,17900,133512.0,616275000.0,154068750.0
2004-09-03,'000605,四环药业,7.45,7.54,7.41,7.52,7.52,-0.07,-0.9309,0.2502,51600,385743.0,614625000.0,153656250.0
2004-09-02,'000605,四环药业,7.52,7.52,7.35,7.38,7.37,0.15,2.0353,0.2252,46440,345101.4,620400000.0,155100000.0
2004-09-01,'000605,四环药业,7.37,7.43,7.34,7.43,7.58,-0.21,-2.7704,0.192,39600,292463.0,608025000.0,152006250.0
2004-08-31,'000605,四环药业,7.58,7.68,7.48,7.5,7.38,0.2,2.71,0.4938,101852,770078.95,625350000.0,156337500.0
2004-08-30,'000605,四环药业,7.38,7.43,7.26,7.27,7.4,-0.02,-0.2703,0.209,43098,316063.44,608850000.0,152212500.0
2004-08-27,'000605,四环药业,7.4,7.56,7.3,7.56,7.52,-0.12,-1.5957,0.192,39600,293310.0,610500000.0,152625000.0
2004-08-26,'000605,四环药业,7.52,7.59,7.46,7.59,7.48,0.04,0.5348,0.1137,23452,176000.48,620400000.0,155100000.0
2004-08-25,'000605,四环药业,7.48,7.64,7.42,7.42,7.57,-0.09,-1.1889,0.2177,44900,336320.0,617100000.0,154275000.0
2004-08-24,'000605,四环药业,7.57,7.73,7.33,7.33,7.38,0.19,2.5745,0.3923,80920,609323.8,624525000.0,156131250.0
2004-08-23,'000605,四环药业,7.38,7.4,7.31,7.4,7.46,-0.08,-1.0724,0.2011,41470,304805.7,608850000.0,152212500.0
2004-08-20,'000605,四环药业,7.46,7.5,7.3,7.31,7.39,0.07,0.9472,0.4915,101370,747129.0,615450000.0,153862500.0
2004-08-19,'000605,四环药业,7.39,7.69,7.18,7.66,7.74,-0.35,-4.522,0.5176,106757,791985.52,609675000.0,152418750.0
2004-08-18,'000605,四环药业,7.74,7.85,7.63,7.66,7.69,0.05,0.6502,0.3303,68116,526221.56,638550000.0,159637500.0
2004-08-17,'000605,四环药业,7.69,7.77,7.65,7.77,7.7,-0.01,-0.1299,0.4213,86899,669349.61,634425000.0,158606250.0
2004-08-16,'000605,四环药业,7.7,7.85,7.65,7.85,7.85,-0.15,-1.9108,0.5328,109900,848917.09,635250000.0,158812500.0
2004-08-13,'000605,四环药业,7.85,7.95,7.8,7.8,7.82,0.03,0.3836,0.2473,51000,400876.43,647625000.0,161906250.0
2004-08-12,'000605,四环药业,7.82,8.08,7.7,8.08,8.13,-0.31,-3.813,0.6235,128600,1012559.0,645150000.0,161287500.0
2004-08-11,'000605,四环药业,8.13,8.19,8.1,8.19,8.1,0.03,0.3704,0.3509,72380,588125.8,670725000.0,167681250.0
2004-08-10,'000605,四环药业,8.1,8.19,8.06,8.11,8.16,-0.06,-0.7353,0.3926,80980,657401.8,668250000.0,167062500.0
2004-08-09,'000605,四环药业,8.16,8.28,8.08,8.28,8.21,-0.05,-0.609,0.3033,62550,508448.31,673200000.0,168300000.0
2004-08-06,'000605,四环药业,8.21,8.33,8.11,8.26,8.3,-0.09,-1.0843,0.8834,182200,1495948.0,677325000.0,169331250.0
2004-08-05,'000605,四环药业,8.3,8.42,8.25,8.35,8.43,-0.13,-1.5421,0.7822,161323,1340597.62,684750000.0,171187500.0
2004-08-04,'000605,四环药业,8.43,8.57,8.2,8.2,8.21,0.22,2.6797,2.4426,503787,4261825.23,695475000.0,173868750.0
2004-08-03,'000605,四环药业,8.21,8.35,8.1,8.35,8.35,-0.14,-1.6766,1.2494,257695,2108722.45,677325000.0,169331250.0
2004-08-02,'000605,四环药业,8.35,8.55,8.2,8.2,8.1,0.25,3.0864,3.5787,738106,6216555.34,688875000.0,172218750.0
2004-07-30,'000605,四环药业,8.1,8.17,7.98,8.05,8.0,0.1,1.25,0.7318,150936,1213256.4,668250000.0,167062500.0
2004-07-29,'000605,四环药业,8.0,8.02,7.82,7.92,7.82,0.18,2.3018,0.5299,109289,868334.93,660000000.0,165000000.0
2004-07-28,'000605,四环药业,7.82,7.97,7.75,7.97,7.84,-0.02,-0.2551,0.2758,56880,444996.6,645150000.0,161287500.0
2004-07-27,'000605,四环药业,7.84,8.05,7.8,7.83,7.83,0.01,0.1277,0.5877,121219,960759.1,646800000.0,161700000.0
2004-07-26,'000605,四环药业,7.83,7.85,7.65,7.85,7.82,0.01,0.1279,0.5498,113393,874843.31,645975000.0,161493750.0
2004-07-23,'000605,四环药业,7.82,7.88,7.61,7.77,7.77,0.05,0.6435,0.8108,167230,1286018.42,645150000.0,161287500.0
2004-07-22,'000605,四环药业,7.77,7.98,7.76,7.98,7.9,-0.13,-1.6456,0.3779,77950,611451.7,641025000.0,160256250.0
2004-07-21,'000605,四环药业,7.9,7.95,7.8,7.9,7.92,-0.02,-0.2525,0.262,54039,425508.43,651750000.0,162937500.0
2004-07-20,'000605,四环药业,7.92,8.18,7.88,8.03,8.18,-0.26,-3.1785,0.7697,158760,1268706.45,653400000.0,163350000.0
2004-07-19,'000605,四环药业,8.18,8.3,8.17,8.25,8.29,-0.11,-1.3269,0.5547,114416,943372.73,674850000.0,168712500.0
2004-07-16,'000605,四环药业,8.29,8.29,8.0,8.12,7.99,0.3,3.7547,0.7462,153908,1261399.78,683925000.0,170981250.0
2004-07-15,'000605,四环药业,7.99,8.02,7.73,7.74,7.73,0.26,3.3635,0.4491,92636,729157.7,659175000.0,164793750.0
2004-07-14,'000605,四环药业,7.73,8.06,7.61,7.97,7.98,-0.25,-3.1328,0.9181,189365,1476442.2,637725000.0,159431250.0
2004-07-13,'000605,四环药业,7.98,8.17,7.8,8.1,8.1,-0.12,-1.4815,0.5817,119984,951684.2,658350000.0,164587500.0
2004-07-12,'000605,四环药业,8.1,8.72,7.94,8.72,8.82,-0.72,-8.1633,1.5282,315195,2575786.31,668250000.0,167062500.0
2004-07-09,'000605,四环药业,8.82,8.99,8.81,8.88,8.88,-0.06,-0.6757,0.3893,80300,711759.5,727650000.0,181912500.0
2004-07-08,'000605,四环药业,8.88,9.0,8.83,9.0,9.01,-0.13,-1.4428,0.5396,111300,988364.0,732600000.0,183150000.0
2004-07-07,'000605,四环药业,9.01,9.05,8.92,9.0,9.07,-0.06,-0.6615,0.495,102100,915998.0,743325000.0,185831250.0
2004-07-06,'000605,四环药业,9.07,9.13,8.94,8.94,8.94,0.13,1.4541,0.7779,160436,1447102.2,748275000.0,187068750.0
2004-07-05,'000605,四环药业,8.94,9.04,8.83,9.0,8.98,-0.04,-0.4454,0.3256,67159,598653.58,737550000.0,184387500.0
2004-07-02,'000605,四环药业,8.98,9.16,8.86,9.04,9.11,-0.13,-1.427,0.881,181700,1624043.0,740850000.0,185212500.0
2004-07-01,'000605,四环药业,9.11,9.23,8.76,8.76,8.8,0.31,3.5227,0.7074,145905,1318862.1,751575000.0,187893750.0
2004-06-30,'000605,四环药业,8.8,9.15,8.8,9.05,9.02,-0.22,-2.439,0.8208,169300,1512939.0,726000000.0,181500000.0
2004-06-29,'000605,四环药业,9.02,9.2,8.82,9.06,9.08,-0.06,-0.6608,0.893,184190,1661902.0,744150000.0,186037500.0
2004-06-28,'000605,四环药业,9.08,9.5,9.07,9.5,9.59,-0.51,-5.318,1.0704,220770,2026093.7,749100000.0,187275000.0
2004-06-25,'000605,四环药业,9.59,10.66,9.53,10.42,10.42,-0.83,-7.9655,2.2583,465771,4671664.49,791175000.0,197793750.0
2004-06-24,'000605,四环药业,10.42,10.5,9.82,9.84,9.82,0.6,6.11,3.989,822731,8513014.06,859650000.0,214912500.0
2004-06-23,'000605,四环药业,9.82,9.88,9.4,9.8,9.83,-0.01,-0.1017,1.1716,241646,2324447.55,810150000.0,202537500.0
2004-06-22,'000605,四环药业,9.83,9.99,9.72,9.9,9.77,0.06,0.6141,0.7841,161718,1591694.09,810975000.0,202743750.0
2004-06-21,'000605,四环药业,9.77,9.82,9.22,9.22,9.22,0.55,5.9653,1.0748,221680,2126584.55,806025000.0,201506250.0
2004-06-18,'000605,四环药业,9.22,9.25,9.08,9.1,9.13,0.09,0.9858,0.286,58987,540217.57,760650000.0,190162500.0
2004-06-17,'000605,四环药业,9.13,9.28,9.1,9.28,9.22,-0.09,-0.9761,0.4358,89877,824219.66,753225000.0,188306250.0
2004-06-16,'000605,四环药业,9.22,9.3,9.1,9.1,9.22,0.0,0.0,0.4239,87438,806690.38,760650000.0,190162500.0
2004-06-15,'000605,四环药业,9.22,9.3,9.02,9.02,9.08,0.14,1.5419,0.4997,103061,939679.98,760650000.0,190162500.0
2004-06-14,'000605,四环药业,9.08,9.65,9.02,9.65,9.61,-0.53,-5.5151,1.4104,290890,2655409.94,749100000.0,187275000.0
2004-06-11,'000605,四环药业,9.61,9.99,9.6,9.78,9.58,0.03,0.3132,0.9465,195211,1903789.71,792825000.0,198206250.0
2004-06-10,'000605,四环药业,9.58,10.43,9.5,10.43,9.57,0.01,0.1045,1.5196,313413,3085812.2,790350000.0,197587500.0
2004-06-09,'000605,四环药业,9.57,10.32,9.51,10.32,10.39,-0.82,-7.8922,2.4556,506461,5025708.07,789525000.0,197381250.0
2004-06-08,'000605,四环药业,10.39,10.88,10.35,10.8,10.87,-0.48,-4.4158,1.5229,314107,3308781.25,857175000.0,214293750.0
2004-06-07,'000605,四环药业,10.87,11.13,10.6,10.85,10.88,-0.01,-0.0919,1.8704,385767,4210309.78,896775000.0,224193750.0
2004-06-04,'000605,四环药业,10.88,11.05,10.65,10.7,10.7,0.18,1.6822,1.9732,406982,4433863.21,897600000.0,224400000.0
2004-06-03,'000605,四环药业,10.7,10.97,10.51,10.88,10.87,-0.17,-1.5639,1.7033,351311,3767045.32,882750000.0,220687500.0
2004-06-02,'000605,四环药业,10.87,10.97,10.69,10.81,10.69,0.18,1.6838,2.2105,455914,4950036.83,896775000.0,224193750.0
2004-06-01,'000605,四环药业,10.69,10.78,10.38,10.4,10.45,0.24,2.2967,1.236,254920,2699782.73,881925000.0,220481250.0
2004-05-31,'000605,四环药业,10.45,10.48,10.28,10.42,10.46,-0.01,-0.0956,0.4589,94639,980824.31,862125000.0,215531250.0
2004-05-28,'000605,四环药业,10.46,10.84,10.3,10.57,10.47,-0.01,-0.0955,1.6862,347788,3681993.39,862950000.0,215737500.0
2004-05-27,'000605,四环药业,10.47,10.55,10.0,10.09,10.12,0.35,3.4585,1.5395,317521,3278028.63,863775000.0,215943750.0
2004-05-26,'000605,四环药业,10.12,10.14,9.68,9.89,9.93,0.19,1.9134,0.665,137154,1357771.86,834900000.0,208725000.0
2004-05-25,'000605,四环药业,9.93,10.28,9.87,10.25,10.21,-0.28,-2.7424,0.5175,106743,1072474.39,819225000.0,204806250.0
2004-05-24,'000605,四环药业,10.21,10.3,10.08,10.17,10.07,0.14,1.3903,0.3583,73899,751730.9,842325000.0,210581250.0
2004-05-21,'000605,四环药业,10.07,10.09,9.91,9.94,9.98,0.09,0.9018,0.2333,48128,482033.98,830775000.0,207693750.0
2004-05-20,'000605,四环药业,9.98,10.29,9.91,10.13,10.11,-0.13,-1.2859,0.4984,102800,1041157.5,823350000.0,205837500.0
2004-05-19,'000605,四环药业,10.11,10.29,10.06,10.16,10.04,0.07,0.6972,0.8227,169679,1728708.5,834075000.0,208518750.0
2004-05-18,'000605,四环药业,10.04,10.17,9.74,9.74,9.68,0.36,3.719,0.8268,170518,1706536.33,828300000.0,207075000.0
2004-05-17,'000605,四环药业,9.68,9.75,9.55,9.7,9.74,-0.06,-0.616,0.2041,42100,405580.0,798600000.0,199650000.0
2004-05-14,'000605,四环药业,9.74,9.93,9.55,9.81,9.89,-0.15,-1.5167,0.5341,110150,1070237.0,803550000.0,200887500.0
2004-05-13,'000605,四环药业,9.89,10.0,9.75,10.0,10.04,-0.15,-1.494,0.3576,73751,724033.84,815925000.0,203981250.0
2004-05-12,'000605,四环药业,10.06,10.06,9.51,9.8,9.7,0.36,3.7113,0.5019,103524,1020986.44,829950000.0,207487500.0
2004-05-11,'000605,四环药业,9.7,9.81,9.55,9.75,9.74,-0.04,-0.4107,0.2604,53700,519453.0,800250000.0,200062500.0
2004-05-10,'000605,四环药业,9.74,9.9,9.63,9.9,9.92,-0.18,-1.8145,0.4263,87915,861899.6,803550000.0,200887500.0
2004-04-30,'000605,四环药业,9.92,10.07,9.82,9.9,9.88,0.04,0.4049,0.4112,84800,840514.0,818400000.0,204600000.0
2004-04-29,'000605,四环药业,9.88,10.03,9.84,10.02,10.01,-0.13,-1.2987,0.5598,115460,1148037.01,815100000.0,203775000.0
2004-04-28,'000605,四环药业,10.01,10.05,9.81,9.91,9.95,0.06,0.603,0.5527,113988,1130386.72,825825000.0,206456250.0
2004-04-27,'000605,四环药业,9.95,10.35,9.94,10.35,10.24,-0.29,-2.832,0.9315,192113,1931807.31,820875000.0,205218750.0
2004-04-26,'000605,四环药业,10.24,10.38,10.12,10.24,10.39,-0.15,-1.4437,0.6153,126902,1300919.36,844800000.0,211200000.0
2004-04-23,'000605,四环药业,10.39,10.87,10.3,10.5,10.35,0.04,0.3865,2.0351,419748,4451426.98,857175000.0,214293750.0
2004-04-22,'000605,四环药业,10.35,10.38,10.12,10.12,10.15,0.2,1.9704,0.4172,86050,884217.49,853875000.0,213468750.0
2004-04-21,'000605,四环药业,10.15,10.3,10.07,10.07,10.07,0.08,0.7944,0.4924,101559,1030891.31,837375000.0,209343750.0
2004-04-20,'000605,四环药业,10.07,10.25,10.06,10.18,10.23,-0.16,-1.564,0.5954,122800,1247164.0,830775000.0,207693750.0
2004-04-19,'000605,四环药业,10.23,10.5,10.15,10.3,10.27,-0.04,-0.3895,1.1059,228101,2358337.32,843975000.0,210993750.0
2004-04-16,'000605,四环药业,10.27,10.37,9.94,10.23,10.24,0.03,0.293,1.5808,326048,3305471.4,847275000.0,211818750.0
2004-04-15,'000605,四环药业,10.24,10.79,10.23,10.75,10.76,-0.52,-4.8327,1.6036,330752,3456036.6,844800000.0,211200000.0
2004-04-14,'000605,四环药业,10.76,10.85,10.5,10.72,10.72,0.04,0.3731,1.2141,250414,2669424.15,887700000.0,221925000.0
2004-04-13,'000605,四环药业,10.72,11.08,10.7,10.94,10.97,-0.25,-2.2789,1.3493,278297,3036518.02,884400000.0,221100000.0
2004-04-12,'000605,四环药业,10.97,11.08,10.6,10.6,10.8,0.17,1.5741,1.3892,286517,3106820.91,905025000.0,226256250.0
2004-04-09,'000605,四环药业,10.8,11.35,10.76,11.3,11.33,-0.53,-4.6778,3.5231,726648,7994046.12,891000000.0,222750000.0
2004-04-08,'000605,四环药业,11.33,11.5,11.27,11.35,11.38,-0.05,-0.4394,2.4357,502368,5718479.17,934725000.0,233681250.0
2004-04-07,'000605,四环药业,11.38,11.83,11.33,11.8,11.79,-0.41,-3.4775,3.5035,722593,8293627.06,938850000.0,234712500.0
2004-04-06,'000605,四环药业,11.79,12.17,11.75,12.03,12.01,-0.22,-1.8318,7.104,1465204,17590859.74,972675000.0,243168750.0
2004-04-05,'000605,四环药业,12.01,12.02,11.37,11.55,11.54,0.47,4.0728,9.184,1894202,22185362.21,990825000.0,247706250.0
2004-04-02,'000605,四环药业,11.54,11.58,11.34,11.52,11.47,0.07,0.6103,3.1581,651350,7476713.3,952050000.0,238012500.0
2004-04-01,'000605,四环药业,11.47,11.75,11.25,11.45,11.37,0.1,0.8795,3.4676,715201,8221599.76,946275000.0,236568750.0
2004-03-31,'000605,四环药业,11.37,12.05,11.0,11.15,11.16,0.21,1.8817,11.45,2361555,27484826.47,938025000.0,234506250.0
2004-03-30,'000605,四环药业,11.16,11.28,10.53,10.55,10.51,0.65,6.1846,9.7003,2000684,22044672.73,920700000.0,230175000.0
2004-03-29,'000605,四环药业,10.51,10.9,10.48,10.69,10.7,-0.19,-1.7757,2.1794,449500,4823046.65,867075000.0,216768750.0
2004-03-26,'000605,四环药业,10.7,11.21,10.21,10.45,10.34,0.36,3.4816,5.4377,1121534,12117153.36,882750000.0,220687500.0
2004-03-25,'000605,四环药业,10.34,10.45,9.86,9.86,9.85,0.49,4.9746,3.7655,776626,7947296.72,853050000.0,213262500.0
2004-03-24,'000605,四环药业,9.85,9.97,9.78,9.78,9.87,-0.02,-0.2026,0.9168,189099,1868695.1,812625000.0,203156250.0
2004-03-23,'000605,四环药业,9.87,9.94,9.76,9.94,9.94,-0.07,-0.7042,0.7129,147029,1446990.45,814275000.0,203568750.0
2004-03-22,'000605,四环药业,9.94,9.98,9.88,9.98,9.91,0.03,0.3027,0.8492,175139,1735899.9,820050000.0,205012500.0
2004-03-19,'000605,四环药业,9.91,9.93,9.61,9.76,9.86,0.05,0.5071,1.163,239875,2336936.75,817575000.0,204393750.0
2004-03-18,'000605,四环药业,0.0,0.0,0.0,0.0,9.86,None,None,0.0,0,0.0,813450000.0,203362500.0
2004-03-17,'000605,四环药业,9.86,9.99,9.85,9.96,9.97,-0.11,-1.1033,0.9975,205730,2036701.5,813450000.0,203362500.0
2004-03-16,'000605,四环药业,9.97,10.07,9.95,9.99,9.97,0.0,0.0,0.9595,197900,1976214.71,822525000.0,205631250.0
2004-03-15,'000605,四环药业,9.97,9.98,9.68,9.74,9.73,0.24,2.4666,0.8898,183530,1812711.98,822525000.0,205631250.0
2004-03-12,'000605,四环药业,9.73,9.88,9.72,9.87,9.87,-0.14,-1.4184,0.7377,152149,1493688.36,802725000.0,200681250.0
2004-03-11,'000605,四环药业,9.87,9.9,9.6,9.77,9.72,0.15,1.5432,0.8111,167289,1643322.78,814275000.0,203568750.0
2004-03-10,'000605,四环药业,9.72,9.76,9.49,9.49,9.51,0.21,2.2082,0.5776,119130,1144503.8,801900000.0,200475000.0
2004-03-09,'000605,四环药业,9.51,9.68,9.45,9.45,9.66,-0.15,-1.5528,1.0473,216000,2063628.0,784575000.0,196143750.0
2004-03-08,'000605,四环药业,9.66,9.94,9.66,9.94,9.95,-0.29,-2.9146,1.0764,222000,2171214.6,796950000.0,199237500.0
2004-03-05,'000605,四环药业,9.95,10.14,9.93,10.03,10.08,-0.13,-1.2897,1.0933,225499,2260263.07,820875000.0,205218750.0
2004-03-04,'000605,四环药业,10.08,10.1,9.65,9.8,9.88,0.2,2.0243,1.0659,219840,2164495.4,831600000.0,207900000.0
2004-03-03,'000605,四环药业,9.88,10.15,9.87,10.05,10.12,-0.24,-2.3715,2.0315,419000,4186445.6,815100000.0,203775000.0
2004-03-02,'000605,四环药业,10.12,10.24,10.02,10.18,10.22,-0.1,-0.9785,1.2774,263465,2665128.48,834900000.0,208725000.0
2004-03-01,'000605,四环药业,10.22,10.25,9.96,10.2,10.15,0.07,0.6897,1.5829,326465,3298818.22,843150000.0,210787500.0
2004-02-27,'000605,四环药业,10.15,10.26,9.83,9.83,9.8,0.35,3.5714,1.9898,410394,4145204.64,837375000.0,209343750.0
2004-02-26,'000605,四环药业,9.8,10.12,9.76,9.99,10.02,-0.22,-2.1956,2.21,455803,4504643.28,808500000.0,202125000.0
2004-02-25,'000605,四环药业,10.02,10.65,9.93,10.53,10.53,-0.51,-4.8433,3.3208,684909,7065033.75,826650000.0,206662500.0
2004-02-24,'000605,四环药业,10.53,10.91,10.35,10.91,11.0,-0.47,-4.2727,3.336,688053,7270322.19,868725000.0,217181250.0
2004-02-23,'000605,四环药业,11.0,11.44,10.9,11.18,11.1,-0.1,-0.9009,2.9618,610879,6831292.18,907500000.0,226875000.0
2004-02-20,'000605,四环药业,11.1,11.2,10.89,11.15,11.1,0.0,0.0,2.4229,499724,5513790.74,915750000.0,228937500.0
2004-02-19,'000605,四环药业,11.1,11.11,10.69,10.84,10.87,0.23,2.1159,3.443,710109,7698737.41,915750000.0,228937500.0
2004-02-18,'000605,四环药业,10.87,11.25,10.8,11.25,11.0,-0.13,-1.1818,3.6713,757210,8273512.54,896775000.0,224193750.0
2004-02-17,'000605,四环药业,11.0,11.44,10.51,10.52,10.45,0.55,5.2632,7.5647,1560217,17175040.53,907500000.0,226875000.0
2004-02-16,'000605,四环药业,10.45,10.54,9.8,10.19,10.25,0.2,1.9512,4.378,902955,9255506.72,862125000.0,215531250.0
2004-02-13,'000605,四环药业,10.25,10.68,10.21,10.48,10.38,-0.13,-1.2524,4.4866,925363,9710910.77,845625000.0,211406250.0
2004-02-12,'000605,四环药业,10.38,10.48,10.06,10.06,10.06,0.32,3.1809,3.5433,730796,7520963.15,856350000.0,214087500.0
2004-02-11,'000605,四环药业,10.06,10.15,9.85,10.14,10.09,-0.03,-0.2973,2.1451,442420,4406396.44,829950000.0,207487500.0
2004-02-10,'000605,四环药业,10.09,10.2,10.0,10.2,10.08,0.01,0.0992,2.6988,556620,5605906.09,832425000.0,208106250.0
2004-02-09,'000605,四环药业,10.08,10.1,9.86,10.0,10.01,0.07,0.6993,2.7391,564932,5629500.81,831600000.0,207900000.0
2004-02-06,'000605,四环药业,10.01,10.21,9.95,10.11,10.29,-0.28,-2.7211,5.4141,1116667,11260489.18,825825000.0,206456250.0
2004-02-05,'000605,四环药业,10.29,10.45,10.1,10.15,10.11,0.18,1.7804,4.2664,879936,9045072.37,848925000.0,212231250.0
2004-02-04,'000605,四环药业,10.11,10.24,9.81,10.02,10.01,0.1,0.999,4.872,1004842,10128147.0,834075000.0,208518750.0
2004-02-03,'000605,四环药业,10.01,10.08,9.26,9.58,9.48,0.53,5.5907,7.1371,1472034,14325530.56,825825000.0,206456250.0
2004-02-02,'000605,四环药业,9.48,9.48,9.11,9.2,9.07,0.41,4.5204,4.6281,954546,8936368.59,782100000.0,195525000.0
2004-01-30,'000605,四环药业,9.07,9.38,9.06,9.3,9.18,-0.11,-1.1983,3.5157,725110,6703771.16,748275000.0,187068750.0
2004-01-29,'000605,四环药业,9.18,9.25,8.78,8.78,8.72,0.46,5.2752,2.9927,617240,5591338.24,757350000.0,189337500.0
2004-01-16,'000605,四环药业,8.72,8.81,8.53,8.65,8.66,0.06,0.6928,1.5245,314419,2729808.4,719400000.0,179850000.0
2004-01-15,'000605,四环药业,8.66,8.82,8.61,8.81,8.81,-0.15,-1.7026,1.6119,332450,2907062.5,714450000.0,178612500.0
2004-01-14,'000605,四环药业,8.81,8.96,8.66,8.85,8.75,0.06,0.6857,2.0633,425563,3744910.09,726825000.0,181706250.0
2004-01-13,'000605,四环药业,8.75,8.89,8.45,8.45,8.43,0.32,3.796,4.7771,985272,8576450.44,721875000.0,180468750.0
2004-01-12,'000605,四环药业,8.43,8.51,8.34,8.36,8.33,0.1,1.2005,1.4944,308221,2600469.44,695475000.0,173868750.0
2004-01-09,'000605,四环药业,8.33,8.54,8.22,8.31,8.27,0.06,0.7255,4.0414,833537,6987068.07,687225000.0,171806250.0
2004-01-08,'000605,四环药业,8.27,8.33,7.92,8.03,8.01,0.26,3.2459,2.4824,511992,4191104.12,682275000.0,170568750.0
2004-01-07,'000605,四环药业,8.01,8.09,7.79,7.89,7.88,0.13,1.6497,2.1581,445101,3515232.0,660825000.0,165206250.0
2004-01-06,'000605,四环药业,7.88,8.14,7.83,8.08,8.02,-0.14,-1.7456,1.9341,398900,3166620.79,650100000.0,162525000.0
2004-01-05,'000605,四环药业,8.02,8.1,7.9,8.1,8.1,-0.08,-0.9877,1.6809,346690,2765291.0,661650000.0,165412500.0
2004-01-02,'000605,四环药业,8.1,8.2,8.01,8.01,8.1,0.0,0.0,0.922,190161,1538845.27,668250000.0,167062500.0
2003-12-31,'000605,四环药业,8.1,8.33,7.82,8.0,7.98,0.12,1.5038,2.2731,468830,3808932.94,668250000.0,167062500.0
2003-12-30,'000605,四环药业,7.98,8.24,7.97,8.2,8.22,-0.24,-2.9197,2.072,427356,3433201.45,658350000.0,164587500.0
2003-12-29,'000605,四环药业,8.22,8.58,8.2,8.37,8.35,-0.13,-1.5569,2.1683,447215,3711862.3,678150000.0,169537500.0
2003-12-26,'000605,四环药业,8.35,8.51,8.11,8.48,8.43,-0.08,-0.949,1.2003,247555,2041651.15,688875000.0,172218750.0
2003-12-25,'000605,四环药业,8.43,8.93,8.18,8.18,8.17,0.26,3.1824,2.7663,570552,4865050.94,695475000.0,173868750.0
2003-12-24,'000605,四环药业,8.17,8.35,8.03,8.28,8.29,-0.12,-1.4475,1.5919,328323,2669426.34,674025000.0,168506250.0
2003-12-23,'000605,四环药业,8.29,8.36,7.98,7.98,7.98,0.31,3.8847,2.3866,492237,4004438.67,683925000.0,170981250.0
2003-12-22,'000605,四环药业,7.98,7.99,7.6,7.68,7.68,0.3,3.9063,3.1026,639913,4985727.41,658350000.0,164587500.0
2003-12-19,'000605,四环药业,7.68,8.4,7.66,8.35,8.42,-0.74,-8.7886,4.9277,1016340,8034634.39,633600000.0,158400000.0
2003-12-18,'000605,四环药业,8.42,8.94,8.42,8.94,8.96,-0.54,-6.0268,3.3498,690895,5925965.1,694650000.0,173662500.0
2003-12-17,'000605,四环药业,8.96,9.09,8.6,8.89,8.89,0.07,0.7874,5.1245,1056925,9326211.36,739200000.0,184800000.0
2003-12-16,'000605,四环药业,8.89,9.09,8.7,9.09,9.07,-0.18,-1.9846,2.021,416838,3673601.18,733425000.0,183356250.0
2003-12-15,'000605,四环药业,9.07,9.3,9.03,9.3,9.2,-0.13,-1.413,1.5092,311270,2828888.61,748275000.0,187068750.0
2003-12-12,'000605,四环药业,9.2,9.46,9.16,9.38,9.22,-0.02,-0.2169,2.2158,457000,4251584.96,759000000.0,189750000.0
2003-12-11,'000605,四环药业,9.22,9.3,8.94,8.94,9.03,0.19,2.1041,3.2976,680130,6248509.18,760650000.0,190162500.0
2003-12-10,'000605,四环药业,9.03,9.07,8.84,8.92,8.92,0.11,1.2332,1.6537,341078,3058605.12,744975000.0,186243750.0
2003-12-09,'000605,四环药业,8.92,8.99,8.83,8.83,8.91,0.01,0.1122,1.0502,216600,1925226.0,735900000.0,183975000.0
2003-12-08,'000605,四环药业,8.91,9.3,8.88,9.25,9.23,-0.32,-3.467,2.098,432721,3919676.11,735075000.0,183768750.0
2003-12-05,'000605,四环药业,9.23,9.6,8.85,8.9,8.95,0.28,3.1285,5.9417,1225476,11404338.81,761475000.0,190368750.0
2003-12-04,'000605,四环药业,8.95,8.96,8.78,8.84,8.82,0.13,1.4739,2.1598,445460,3936782.8,738375000.0,184593750.0
2003-12-03,'000605,四环药业,8.82,9.05,8.8,8.98,8.95,-0.13,-1.4525,2.2918,472693,4217754.63,727650000.0,181912500.0
2003-12-02,'000605,四环药业,8.95,9.26,8.9,9.15,9.08,-0.13,-1.4317,2.6526,547106,4945948.4,738375000.0,184593750.0
2003-12-01,'000605,四环药业,9.08,9.13,8.88,8.9,8.88,0.2,2.2523,3.0727,633744,5709612.68,749100000.0,187275000.0
2003-11-28,'000605,四环药业,8.88,8.91,8.7,8.86,8.75,0.13,1.4857,2.3892,492768,4354038.5,732600000.0,183150000.0
2003-11-27,'000605,四环药业,8.75,9.01,8.6,8.94,8.94,-0.19,-2.1253,3.6428,751333,6607329.7,721875000.0,180468750.0
2003-11-26,'000605,四环药业,8.94,9.04,8.65,8.93,8.93,0.01,0.112,4.0987,845354,7471611.8,737550000.0,184387500.0
2003-11-25,'000605,四环药业,8.93,9.26,8.7,8.95,8.9,0.03,0.3371,11.0725,2283706,20453671.66,736725000.0,184181250.0
2003-11-24,'000605,四环药业,8.9,9.26,8.42,8.42,8.42,0.48,5.7007,11.2311,2316408,20594979.32,734250000.0,183562500.0
2003-11-21,'000605,四环药业,8.42,8.89,8.3,8.8,8.8,-0.38,-4.3182,4.7078,970977,8350376.61,694650000.0,173662500.0
2003-11-20,'000605,四环药业,8.8,8.9,8.37,8.41,8.45,0.35,4.142,6.0023,1237975,10747522.86,726000000.0,181500000.0
2003-11-19,'000605,四环药业,8.45,8.53,7.96,7.96,7.96,0.49,6.1558,5.7679,1189637,9880106.61,697125000.0,174281250.0
2003-11-18,'000605,四环药业,7.96,8.11,7.82,8.11,8.18,-0.22,-2.6895,2.6889,554576,4393853.07,656700000.0,164175000.0
2003-11-17,'000605,四环药业,8.18,8.41,8.01,8.39,8.34,-0.16,-1.9185,4.575,943597,7731742.87,674850000.0,168712500.0
2003-11-14,'000605,四环药业,8.34,8.34,7.57,7.57,7.58,0.76,10.0264,5.7116,1178027,9702037.64,688050000.0,172012500.0
2003-11-13,'000605,四环药业,7.58,7.62,7.49,7.5,7.49,0.09,1.2016,0.867,178815,1346856.3,625350000.0,156337500.0
2003-11-12,'000605,四环药业,7.49,7.75,7.45,7.75,7.74,-0.25,-3.23,1.0419,214900,1632398.3,617925000.0,154481250.0
2003-11-11,'000605,四环药业,7.74,7.9,7.66,7.9,7.88,-0.14,-1.7766,0.4063,83800,651352.0,638550000.0,159637500.0
2003-11-10,'000605,四环药业,7.88,7.9,7.75,7.78,7.77,0.11,1.4157,0.8885,183257,1435823.22,650100000.0,162525000.0
2003-11-07,'000605,四环药业,7.77,8.0,7.54,7.9,8.01,-0.24,-2.9963,1.1722,241758,1866134.32,641025000.0,160256250.0
2003-11-06,'000605,四环药业,8.01,8.5,8.0,8.48,8.51,-0.5,-5.8754,0.8116,167400,1358539.5,660825000.0,165206250.0
2003-11-05,'000605,四环药业,8.51,8.91,8.4,8.91,8.89,-0.38,-4.2745,0.5442,112232,970914.28,702075000.0,175518750.0
2003-11-04,'000605,四环药业,8.89,8.98,8.7,8.75,8.75,0.14,1.6,0.7017,144734,1278307.52,733425000.0,183356250.0
2003-11-03,'000605,四环药业,8.75,8.96,8.6,8.94,8.94,-0.19,-2.1253,0.6261,129125,1124873.5,721875000.0,180468750.0
2003-10-31,'000605,四环药业,8.94,9.21,8.61,8.7,8.72,0.22,2.5229,0.9941,205030,1815231.2,737550000.0,184387500.0
2003-10-30,'000605,四环药业,8.72,9.55,8.71,9.55,9.56,-0.84,-8.7866,0.8979,185200,1647920.9,719400000.0,179850000.0
2003-10-29,'000605,四环药业,9.56,10.1,9.26,9.82,10.06,-0.5,-4.9702,0.2733,56361,539543.3,788700000.0,197175000.0
2003-10-28,'000605,四环药业,0.0,0.0,0.0,0.0,10.06,None,None,0.0,0,0.0,829950000.0,207487500.0
2003-10-27,'000605,四环药业,10.06,10.09,9.82,10.0,9.9,0.16,1.6162,0.1932,39854,396137.17,829950000.0,207487500.0
2003-10-24,'000605,四环药业,9.9,10.28,9.9,10.28,10.28,-0.38,-3.6965,0.3812,78615,784751.04,816750000.0,204187500.0
2003-10-23,'000605,四环药业,10.28,10.55,10.15,10.55,10.46,-0.18,-1.7208,0.3005,61976,639365.82,848100000.0,212025000.0
2003-10-22,'000605,四环药业,10.46,10.59,10.38,10.38,10.41,0.05,0.4803,0.3389,69900,734467.0,862950000.0,215737500.0
2003-10-21,'000605,四环药业,10.41,11.21,10.4,11.21,11.35,-0.94,-8.2819,1.0289,212201,2240977.52,858825000.0,214706250.0
2003-10-20,'000605,四环药业,11.35,12.36,11.31,12.3,12.3,-0.95,-7.7236,1.1055,228000,2662967.02,936375000.0,234093750.0
2003-10-17,'000605,四环药业,12.3,12.68,12.17,12.31,12.25,0.05,0.4082,0.4407,90900,1119026.0,1014750000.0,253687500.0
2003-10-16,'000605,四环药业,12.25,12.37,11.98,12.21,12.32,-0.07,-0.5682,0.7685,158500,1944570.7,1010625000.0,252656250.0
2003-10-15,'000605,四环药业,12.32,12.52,12.13,12.3,12.31,0.01,0.0812,1.2204,251700,3112367.41,1016400000.0,254100000.0
2003-10-14,'000605,四环药业,12.31,12.37,12.2,12.2,12.31,0.0,0.0,0.7641,157600,1939172.56,1015575000.0,253893750.0
2003-10-13,'000605,四环药业,12.31,12.34,11.7,11.85,11.81,0.5,4.2337,1.3064,269450,3270213.0,1015575000.0,253893750.0
2003-10-10,'000605,四环药业,11.81,11.95,11.7,11.82,11.8,0.01,0.0847,0.1678,34600,407895.0,974325000.0,243581250.0
2003-10-09,'000605,四环药业,11.8,11.96,11.8,11.8,11.79,0.01,0.0848,0.0625,12900,152663.68,973500000.0,243375000.0
2003-10-08,'000605,四环药业,11.79,12.0,11.5,12.0,11.99,-0.2,-1.6681,0.0679,14000,164805.0,972675000.0,243168750.0
2003-09-30,'000605,四环药业,11.99,12.0,11.9,11.98,11.96,0.03,0.2508,0.0621,12800,153485.7,989175000.0,247293750.0
2003-09-29,'000605,四环药业,11.96,12.2,11.9,12.2,12.23,-0.27,-2.2077,0.1275,26300,316049.0,986700000.0,246675000.0
2003-09-26,'000605,四环药业,12.23,12.38,12.2,12.38,12.48,-0.25,-2.0032,0.1457,30054,368191.69,1008975000.0,252243750.0
2003-09-25,'000605,四环药业,12.48,12.7,12.4,12.7,12.7,-0.22,-1.7323,0.1435,29600,369410.0,1029600000.0,257400000.0
2003-09-24,'000605,四环药业,12.7,12.86,12.6,12.86,12.86,-0.16,-1.2442,0.1488,30700,391473.0,1047750000.0,261937500.0
2003-09-23,'000605,四环药业,12.86,12.89,12.78,12.85,12.88,-0.02,-0.1553,0.063,13000,166860.0,1060950000.0,265237500.0
2003-09-22,'000605,四环药业,12.88,12.9,12.8,12.85,12.87,0.01,0.0777,0.0974,20085,258186.25,1062600000.0,265650000.0
2003-09-19,'000605,四环药业,12.87,12.93,12.8,12.93,12.89,-0.02,-0.1552,0.0897,18500,237528.05,1061775000.0,265443750.0
2003-09-18,'000605,四环药业,12.89,12.95,12.8,12.95,12.9,-0.01,-0.0775,0.0531,10950,140823.0,1063425000.0,265856250.0
2003-09-17,'000605,四环药业,12.9,12.95,12.8,12.95,12.9,0.0,0.0,0.0756,15600,200554.0,1064250000.0,266062500.0
2003-09-16,'000605,四环药业,12.9,12.94,12.85,12.94,12.88,0.02,0.1553,0.0378,7800,100574.0,1064250000.0,266062500.0
2003-09-15,'000605,四环药业,12.88,12.95,12.8,12.95,12.9,-0.02,-0.155,0.1531,31570,406001.6,1062600000.0,265650000.0
2003-09-12,'000605,四环药业,12.9,13.16,12.88,13.0,12.92,-0.02,-0.1548,0.1348,27800,359144.0,1064250000.0,266062500.0
2003-09-11,'000605,四环药业,12.92,13.17,12.91,13.0,13.18,-0.26,-1.9727,0.1532,31600,409748.0,1065900000.0,266475000.0
2003-09-10,'000605,四环药业,13.18,13.45,12.91,12.96,13.18,0.0,0.0,0.0698,14400,189344.0,1087350000.0,271837500.0
2003-09-09,'000605,四环药业,13.18,13.2,13.0,13.02,13.21,-0.03,-0.2271,0.1018,21000,273822.0,1087350000.0,271837500.0
2003-09-08,'000605,四环药业,13.21,13.35,13.01,13.11,13.23,-0.02,-0.1512,0.0882,18200,238506.0,1089825000.0,272456250.0
2003-09-05,'000605,四环药业,13.23,13.57,13.17,13.4,13.6,-0.37,-2.7206,0.0659,13600,180673.0,1091475000.0,272868750.0
2003-09-04,'000605,四环药业,13.6,13.92,13.26,13.88,13.88,-0.28,-2.0173,0.8628,177950,2432311.9,1122000000.0,280500000.0
2003-09-03,'000605,四环药业,13.88,13.95,13.86,13.92,13.92,-0.04,-0.2874,0.2541,52400,728083.0,1145100000.0,286275000.0
2003-09-02,'000605,四环药业,13.92,14.02,13.9,13.96,13.96,-0.04,-0.2865,0.2906,59930,836405.45,1148400000.0,287100000.0
2003-09-01,'000605,四环药业,13.96,13.96,13.81,13.86,13.86,0.1,0.7215,0.417,85996,1194161.06,1151700000.0,287925000.0
2003-08-29,'000605,四环药业,13.86,13.95,13.83,13.91,13.91,-0.05,-0.3595,0.1902,39220,543835.2,1143450000.0,285862500.0
2003-08-28,'000605,四环药业,13.91,13.93,13.83,13.85,13.85,0.06,0.4332,0.2336,48175,668174.75,1147575000.0,286893750.0
2003-08-27,'000605,四环药业,13.85,13.95,13.85,13.85,13.85,0.0,0.0,0.081,16700,231946.0,1142625000.0,285656250.0
2003-08-26,'000605,四环药业,13.85,13.89,13.84,13.85,13.85,0.0,0.0,0.0606,12500,173258.0,1142625000.0,285656250.0
2003-08-25,'000605,四环药业,13.85,13.92,13.82,13.89,13.89,-0.04,-0.288,0.178,36720,508730.6,1142625000.0,285656250.0
2003-08-22,'000605,四环药业,13.89,13.9,13.79,13.87,13.87,0.02,0.1442,0.5065,104466,1445365.64,1145925000.0,286481250.0
2003-08-21,'000605,四环药业,13.87,13.87,13.8,13.81,13.8,0.07,0.5072,0.4024,83000,1148259.28,1144275000.0,286068750.0
2003-08-20,'000605,四环药业,13.8,13.87,13.76,13.83,13.82,-0.02,-0.1447,0.2221,45800,631920.92,1138500000.0,284625000.0
2003-08-19,'000605,四环药业,13.82,13.92,13.8,13.89,13.89,-0.07,-0.504,0.3988,82250,1139203.5,1140150000.0,285037500.0
2003-08-18,'000605,四环药业,13.89,13.89,13.71,13.83,13.83,0.06,0.4338,0.4961,102325,1411160.67,1145925000.0,286481250.0
2003-08-15,'000605,四环药业,13.83,13.88,13.75,13.84,13.87,-0.04,-0.2884,0.5081,104800,1447231.36,1140975000.0,285243750.0
2003-08-14,'000605,四环药业,13.87,14.02,13.83,14.01,13.99,-0.12,-0.8578,0.5903,121750,1694732.35,1144275000.0,286068750.0
2003-08-13,'000605,四环药业,13.99,14.0,13.82,13.86,13.89,0.1,0.7199,0.4577,94400,1311269.0,1154175000.0,288543750.0
2003-08-12,'000605,四环药业,13.89,14.14,13.86,14.05,14.01,-0.12,-0.8565,0.4591,94682,1322204.63,1145925000.0,286481250.0
2003-08-11,'000605,四环药业,14.01,14.1,13.99,14.0,14.0,0.01,0.0714,0.8125,167580,2349746.92,1155825000.0,288956250.0
2003-08-08,'000605,四环药业,14.0,14.01,13.77,13.79,13.82,0.18,1.3025,0.9327,192367,2675933.62,1155000000.0,288750000.0
2003-08-07,'000605,四环药业,13.82,13.95,13.73,13.9,13.88,-0.06,-0.4323,0.5867,121012,1670924.6,1140150000.0,285037500.0
2003-08-06,'000605,四环药业,13.88,13.88,13.6,13.69,13.69,0.19,1.3879,0.5542,114298,1571945.57,1145100000.0,286275000.0
2003-08-05,'000605,四环药业,13.69,13.69,13.41,13.41,13.41,0.28,2.088,0.4989,102893,1395832.14,1129425000.0,282356250.0
2003-08-04,'000605,四环药业,13.41,13.46,13.34,13.46,13.46,-0.05,-0.3715,0.4834,99708,1335341.88,1106325000.0,276581250.0
2003-08-01,'000605,四环药业,13.46,13.46,13.14,13.19,13.19,0.27,2.047,0.6116,126137,1674119.81,1110450000.0,277612500.0
2003-07-31,'000605,四环药业,13.19,13.2,13.05,13.09,13.1,0.09,0.687,0.372,76721,1006818.94,1088175000.0,272043750.0
2003-07-30,'000605,四环药业,13.1,13.23,12.88,13.1,13.12,-0.02,-0.1524,0.2806,57870,756971.5,1080750000.0,270187500.0
2003-07-29,'000605,四环药业,13.12,13.17,12.98,13.04,13.04,0.08,0.6135,0.2015,41552,543710.2,1082400000.0,270600000.0
2003-07-28,'000605,四环药业,13.04,13.18,12.95,13.08,13.08,-0.04,-0.3058,0.1761,36320,474014.2,1075800000.0,268950000.0
2003-07-25,'000605,四环药业,13.08,13.18,13.04,13.04,13.05,0.03,0.2299,0.1566,32300,423986.06,1079100000.0,269775000.0
2003-07-24,'000605,四环药业,13.05,13.19,13.0,13.04,13.04,0.01,0.0767,0.2318,47800,625864.25,1076625000.0,269156250.0
2003-07-23,'000605,四环药业,13.04,13.1,12.93,12.93,12.92,0.12,0.9288,0.0848,17500,227418.0,1075800000.0,268950000.0
2003-07-22,'000605,四环药业,12.92,13.08,12.89,12.93,12.93,-0.01,-0.0773,0.0612,12620,163410.0,1065900000.0,266475000.0
2003-07-21,'000605,四环药业,12.93,13.19,12.81,12.98,13.11,-0.18,-1.373,0.161,33200,428781.0,1066725000.0,266681250.0
2003-07-18,'000605,四环药业,13.11,13.33,12.95,13.23,13.23,-0.12,-0.907,0.2279,47000,619023.0,1081575000.0,270393750.0
2003-07-17,'000605,四环药业,13.23,13.25,12.8,13.1,13.15,0.08,0.6084,0.6749,139200,1810892.0,1091475000.0,272868750.0
2003-07-16,'000605,四环药业,13.15,13.19,13.0,13.1,13.05,0.1,0.7663,0.0667,13753,180036.3,1084875000.0,271218750.0
2003-07-15,'000605,四环药业,13.05,13.16,13.0,13.16,13.16,-0.11,-0.8359,0.1356,27971,364832.4,1076625000.0,269156250.0
2003-07-14,'000605,四环药业,13.16,13.25,13.0,13.25,13.21,-0.05,-0.3785,0.3641,75100,982272.8,1085700000.0,271425000.0
2003-07-11,'000605,四环药业,13.21,13.3,13.14,13.22,13.3,-0.09,-0.6767,0.221,45580,603301.8,1089825000.0,272456250.0
2003-07-10,'000605,四环药业,13.3,13.3,13.22,13.24,13.27,0.03,0.2261,0.1742,35928,475921.36,1097250000.0,274312500.0
2003-07-09,'000605,四环药业,13.27,13.46,13.22,13.45,13.3,-0.03,-0.2256,0.0703,14500,192570.0,1094775000.0,273693750.0
2003-07-08,'000605,四环药业,13.3,13.41,13.22,13.38,13.38,-0.08,-0.5979,0.3181,65600,873583.3,1097250000.0,274312500.0
2003-07-07,'000605,四环药业,13.38,13.43,13.35,13.42,13.43,-0.05,-0.3723,0.3103,63999,855763.65,1103850000.0,275962500.0
2003-07-04,'000605,四环药业,13.43,13.45,13.22,13.22,13.4,0.03,0.2239,0.3895,80328,1074560.8,1107975000.0,276993750.0
2003-07-03,'000605,四环药业,13.4,13.43,13.35,13.4,13.44,-0.04,-0.2976,0.0938,19340,259130.0,1105500000.0,276375000.0
2003-07-02,'000605,四环药业,13.44,13.44,13.28,13.3,13.33,0.11,0.8252,0.2975,61364,818860.64,1108800000.0,277200000.0
2003-07-01,'000605,四环药业,13.33,13.4,13.23,13.39,13.41,-0.08,-0.5966,0.2954,60933,810453.75,1099725000.0,274931250.0
2003-06-30,'000605,四环药业,13.41,13.55,13.32,13.48,13.58,-0.17,-1.2518,0.1028,21200,283851.0,1106325000.0,276581250.0
2003-06-27,'000605,四环药业,13.58,13.58,13.32,13.51,13.6,-0.02,-0.1471,0.2689,55461,746797.94,1120350000.0,280087500.0
2003-06-26,'000605,四环药业,13.6,13.6,13.46,13.5,13.69,-0.09,-0.6574,0.1552,32000,433153.5,1122000000.0,280500000.0
2003-06-25,'000605,四环药业,13.69,13.75,13.53,13.75,13.72,-0.03,-0.2187,0.0286,5900,80343.0,1129425000.0,282356250.0
2003-06-24,'000605,四环药业,13.72,13.95,13.5,13.5,13.59,0.13,0.9566,0.1823,37600,521040.67,1131900000.0,282975000.0
2003-06-23,'000605,四环药业,13.59,13.7,13.5,13.65,13.7,-0.11,-0.8029,0.199,41041,556395.51,1121175000.0,280293750.0
2003-06-20,'000605,四环药业,13.7,13.8,13.66,13.7,13.75,-0.05,-0.3636,0.0778,16037,219709.16,1130250000.0,282562500.0
2003-06-19,'000605,四环药业,13.75,13.78,13.68,13.78,13.77,-0.02,-0.1452,0.2725,56200,770580.0,1134375000.0,283593750.0
2003-06-18,'000605,四环药业,13.78,13.93,13.72,13.72,13.92,-0.14,-1.0057,0.1338,27600,381159.0,1136850000.0,284212500.0
2003-06-17,'000605,四环药业,13.92,13.92,13.7,13.71,13.76,0.16,1.1628,0.0785,16200,224708.0,1148400000.0,287100000.0
2003-06-16,'000605,四环药业,13.76,13.95,13.69,13.69,13.74,0.02,0.1456,0.2414,49798,686816.8,1135200000.0,283800000.0
2003-06-13,'000605,四环药业,13.74,13.89,13.64,13.68,13.7,0.04,0.292,0.3594,74122,1016608.52,1133550000.0,283387500.0
2003-06-12,'000605,四环药业,13.7,13.8,13.66,13.66,13.75,-0.05,-0.3636,0.2202,45410,622761.8,1130250000.0,282562500.0
2003-06-11,'000605,四环药业,13.75,13.98,13.69,13.8,13.8,-0.05,-0.3623,0.3932,81100,1117974.0,1134375000.0,283593750.0
2003-06-10,'000605,四环药业,13.8,13.8,13.65,13.8,13.77,0.03,0.2179,0.0858,17700,243088.0,1138500000.0,284625000.0
2003-06-09,'000605,四环药业,13.77,14.0,13.56,13.98,14.01,-0.24,-1.7131,0.4703,97002,1334221.12,1136025000.0,284006250.0
2003-06-06,'000605,四环药业,14.01,14.19,14.0,14.03,14.03,-0.02,-0.1426,0.3513,72458,1016074.0,1155825000.0,288956250.0
2003-06-05,'000605,四环药业,14.03,14.26,14.01,14.15,14.14,-0.11,-0.7779,0.289,59600,837317.0,1157475000.0,289368750.0
2003-06-04,'000605,四环药业,14.14,14.65,13.9,14.5,14.5,-0.36,-2.4828,0.4699,96907,1373339.72,1166550000.0,291637500.0
2003-06-03,'000605,四环药业,14.5,14.97,14.45,14.93,15.04,-0.54,-3.5904,2.0611,425100,6317996.7,1196250000.0,299062500.0
2003-06-02,'000605,四环药业,15.04,15.07,14.75,14.76,14.8,0.24,1.6216,3.813,786429,11772453.12,1240800000.0,310200000.0
2003-05-30,'000605,四环药业,14.8,14.98,14.6,14.98,14.86,-0.06,-0.4038,2.9568,609842,9047286.79,1221000000.0,305250000.0
2003-05-29,'000605,四环药业,14.86,14.93,14.4,14.42,14.5,0.36,2.4828,4.4262,912911,13390063.21,1225950000.0,306487500.0
2003-05-28,'000605,四环药业,14.5,14.5,13.8,13.91,13.82,0.68,4.9204,2.8231,582270,8302682.36,1196250000.0,299062500.0
2003-05-27,'000605,四环药业,13.82,14.0,13.8,13.85,13.99,-0.17,-1.2152,0.3227,66551,923432.8,1140150000.0,285037500.0
2003-05-26,'000605,四环药业,13.99,14.14,13.8,14.0,14.08,-0.09,-0.6392,0.9525,196455,2740591.35,1154175000.0,288543750.0
2003-05-23,'000605,四环药业,14.08,14.47,14.03,14.46,14.35,-0.27,-1.8815,0.5932,122344,1727701.2,1161600000.0,290400000.0
2003-05-22,'000605,四环药业,0.0,0.0,0.0,0.0,14.35,None,None,0.0,0,0.0,1183875000.0,295968750.0
2003-05-21,'000605,四环药业,14.35,14.38,14.2,14.38,14.49,-0.14,-0.9662,0.2817,58100,829200.7,1183875000.0,295968750.0
2003-05-20,'000605,四环药业,14.49,14.63,14.15,14.36,14.69,-0.2,-1.3615,0.7607,156900,2237498.0,1195425000.0,298856250.0
2003-05-19,'000605,四环药业,14.69,14.79,14.36,14.7,14.71,-0.02,-0.136,0.3067,63250,916859.5,1211925000.0,302981250.0
2003-05-16,'000605,四环药业,14.71,14.97,14.5,14.88,14.74,-0.03,-0.2035,0.2572,53052,774611.29,1213575000.0,303393750.0
2003-05-15,'000605,四环药业,14.74,14.84,14.5,14.65,14.9,-0.16,-1.0738,0.3003,61945,906941.4,1216050000.0,304012500.0
2003-05-14,'000605,四环药业,14.9,14.99,14.1,14.1,14.45,0.45,3.1142,1.0143,209201,3014570.43,1229250000.0,307312500.0
2003-05-13,'000605,四环药业,14.45,15.0,14.0,15.0,15.04,-0.59,-3.9229,0.7231,149135,2137434.98,1192125000.0,298031250.0
2003-05-12,'000605,四环药业,15.04,15.18,14.8,15.15,15.19,-0.15,-0.9875,0.401,82700,1237054.78,1240800000.0,310200000.0
2003-04-30,'000605,四环药业,15.19,15.45,14.72,15.08,15.12,0.07,0.463,2.0269,418057,6268523.86,1253175000.0,313293750.0
2003-04-29,'000605,四环药业,15.12,16.02,14.96,16.02,16.02,-0.9,-5.618,2.1016,433450,6652441.28,1247400000.0,311850000.0
2003-04-28,'000605,四环药业,16.02,16.42,15.7,16.2,15.86,0.16,1.0088,3.8876,801810,12994221.51,1321650000.0,330412500.0
2003-04-25,'000605,四环药业,0.0,0.0,0.0,0.0,15.86,None,None,0.0,0,0.0,1308450000.0,327112500.0
2003-04-24,'000605,四环药业,15.86,16.58,15.35,15.35,15.14,0.72,4.7556,5.4204,1117950,17824513.91,1308450000.0,327112500.0
2003-04-23,'000605,四环药业,15.14,15.3,14.9,15.25,15.3,-0.16,-1.0458,0.4894,100944,1524212.88,1249050000.0,312262500.0
2003-04-22,'000605,四环药业,15.3,15.35,14.98,15.35,15.4,-0.1,-0.6494,0.7187,148222,2248400.5,1262250000.0,315562500.0
2003-04-21,'000605,四环药业,15.4,15.67,14.93,15.2,15.22,0.18,1.1827,1.1987,247232,3800343.58,1270500000.0,317625000.0
2003-04-18,'000605,四环药业,15.22,15.49,15.1,15.3,15.29,-0.07,-0.4578,0.4013,82774,1265075.04,1255650000.0,313912500.0
2003-04-17,'000605,四环药业,15.29,15.3,14.9,15.1,15.2,0.09,0.5921,0.3964,81758,1235610.7,1261425000.0,315356250.0
2003-04-16,'000605,四环药业,15.2,15.78,15.11,15.78,15.75,-0.55,-3.4921,0.5093,105050,1613015.15,1254000000.0,313500000.0
2003-04-15,'000605,四环药业,15.75,15.97,15.52,15.59,15.58,0.17,1.0911,0.8071,166468,2621978.44,1299375000.0,324843750.0
2003-04-14,'000605,四环药业,15.58,15.6,14.86,15.1,15.1,0.48,3.1788,1.0443,215392,3277905.48,1285350000.0,321337500.0
2003-04-11,'000605,四环药业,15.1,15.1,14.66,14.91,14.94,0.16,1.071,0.5082,104818,1560426.77,1245750000.0,311437500.0
2003-04-10,'000605,四环药业,14.94,15.2,14.65,14.7,14.89,0.05,0.3358,0.9822,202581,3033624.08,1232550000.0,308137500.0
2003-04-09,'000605,四环药业,14.89,14.9,14.4,14.8,14.7,0.19,1.2925,0.4874,100535,1472557.72,1228425000.0,307106250.0
2003-04-08,'000605,四环药业,14.7,14.78,14.46,14.57,14.56,0.14,0.9615,0.2377,49022,713700.44,1212750000.0,303187500.0
2003-04-07,'000605,四环药业,14.56,15.0,14.51,14.81,14.85,-0.29,-1.9529,0.3585,73949,1081321.4,1201200000.0,300300000.0
2003-04-04,'000605,四环药业,14.85,15.41,14.43,14.43,14.67,0.18,1.227,0.6776,139757,2106711.8,1225125000.0,306281250.0
2003-04-03,'000605,四环药业,14.67,14.7,14.45,14.45,14.58,0.09,0.6173,0.1038,21400,311316.6,1210275000.0,302568750.0
2003-04-02,'000605,四环药业,14.58,14.59,14.45,14.5,14.54,0.04,0.2751,0.0926,19100,276898.0,1202850000.0,300712500.0
2003-04-01,'000605,四环药业,14.54,14.65,14.45,14.46,14.65,-0.11,-0.7509,0.1841,37974,551304.52,1199550000.0,299887500.0
2003-03-31,'000605,四环药业,14.65,14.69,14.45,14.65,14.65,0.0,0.0,0.1656,34151,499607.15,1208625000.0,302156250.0
2003-03-28,'000605,四环药业,14.65,14.7,14.48,14.52,14.78,-0.13,-0.8796,0.1274,26270,382088.7,1208625000.0,302156250.0
2003-03-27,'000605,四环药业,14.78,14.79,14.32,14.32,14.59,0.19,1.3023,0.3466,71489,1042002.08,1219350000.0,304837500.0
2003-03-26,'000605,四环药业,14.59,14.7,14.5,14.7,14.71,-0.12,-0.8158,0.1459,30100,439529.98,1203675000.0,300918750.0
2003-03-25,'000605,四环药业,14.71,14.73,14.48,14.7,14.61,0.1,0.6845,0.2226,45910,671532.8,1213575000.0,303393750.0
2003-03-24,'000605,四环药业,14.61,14.62,14.29,14.48,14.43,0.18,1.2474,0.1232,25400,366513.1,1205325000.0,301331250.0
2003-03-21,'000605,四环药业,14.43,14.45,14.25,14.25,14.34,0.09,0.6276,0.0802,16544,238462.9,1190475000.0,297618750.0
2003-03-20,'000605,四环药业,14.34,14.36,14.1,14.25,14.37,-0.03,-0.2088,0.0495,10200,145112.15,1183050000.0,295762500.0
2003-03-19,'000605,四环药业,14.37,14.38,14.06,14.25,14.37,0.0,0.0,0.1236,25500,362288.0,1185525000.0,296381250.0
2003-03-18,'000605,四环药业,14.37,14.38,14.28,14.38,14.38,-0.01,-0.0695,0.0465,9600,137859.0,1185525000.0,296381250.0
2003-03-17,'000605,四环药业,14.38,14.38,14.02,14.32,14.28,0.1,0.7003,0.2085,43000,609025.0,1186350000.0,296587500.0
2003-03-14,'000605,四环药业,14.28,14.47,14.22,14.22,14.45,-0.17,-1.1765,0.0422,8700,124374.0,1178100000.0,294525000.0
2003-03-13,'000605,四环药业,14.45,14.49,14.21,14.36,14.5,-0.05,-0.3448,0.0955,19700,281361.0,1192125000.0,298031250.0
2003-03-12,'000605,四环药业,14.5,14.5,14.21,14.36,14.42,0.08,0.5548,0.0902,18600,266984.0,1196250000.0,299062500.0
2003-03-11,'000605,四环药业,14.42,14.42,14.27,14.38,14.38,0.04,0.2782,0.0815,16800,240535.0,1189650000.0,297412500.0
2003-03-10,'000605,四环药业,14.38,14.53,14.28,14.53,14.53,-0.15,-1.0323,0.3401,70150,1006761.33,1186350000.0,296587500.0
2003-03-07,'000605,四环药业,14.53,14.78,14.5,14.62,14.67,-0.14,-0.9543,0.2085,43000,626823.51,1198725000.0,299681250.0
2003-03-06,'000605,四环药业,14.67,14.89,14.62,14.89,14.73,-0.06,-0.4073,0.0999,20600,303976.0,1210275000.0,302568750.0
2003-03-05,'000605,四环药业,14.73,14.81,14.65,14.81,14.85,-0.12,-0.8081,0.0932,19220,282774.4,1215225000.0,303806250.0
2003-03-04,'000605,四环药业,14.85,14.98,14.75,14.81,14.8,0.05,0.3378,0.2031,41883,622689.58,1225125000.0,306281250.0
2003-03-03,'000605,四环药业,14.8,14.87,14.7,14.87,14.75,0.05,0.339,0.0984,20287,299540.48,1221000000.0,305250000.0
2003-02-28,'000605,四环药业,14.75,14.79,14.6,14.6,14.63,0.12,0.8202,0.0908,18735,274796.0,1216875000.0,304218750.0
2003-02-27,'000605,四环药业,14.63,14.89,14.61,14.89,14.7,-0.07,-0.4762,0.1193,24597,361264.11,1206975000.0,301743750.0
2003-02-26,'000605,四环药业,14.7,14.88,14.69,14.88,14.86,-0.16,-1.0767,0.2206,45501,669991.7,1212750000.0,303187500.0
2003-02-25,'000605,四环药业,14.86,14.87,14.65,14.65,14.58,0.28,1.9204,0.2555,52688,776784.28,1225950000.0,306487500.0
2003-02-24,'000605,四环药业,14.58,14.78,14.51,14.78,14.57,0.01,0.0686,0.1916,39515,575771.0,1202850000.0,300712500.0
2003-02-21,'000605,四环药业,14.57,14.68,14.56,14.68,14.73,-0.16,-1.0862,0.2143,44200,645412.0,1202025000.0,300506250.0
2003-02-20,'000605,四环药业,14.73,14.78,14.66,14.78,14.78,-0.05,-0.3383,0.0547,11289,166164.83,1215225000.0,303806250.0
2003-02-19,'000605,四环药业,14.78,14.8,14.55,14.64,14.75,0.03,0.2034,0.1367,28200,414057.0,1219350000.0,304837500.0
2003-02-18,'000605,四环药业,14.75,14.8,14.56,14.56,14.6,0.15,1.0274,0.1023,21093,308681.8,1216875000.0,304218750.0
2003-02-17,'000605,四环药业,14.6,14.88,14.58,14.72,14.84,-0.24,-1.6173,0.2148,44300,649776.0,1204500000.0,301125000.0
2003-02-14,'000605,四环药业,14.84,14.9,14.68,14.9,14.87,-0.03,-0.2017,0.0703,14500,215458.0,1224300000.0,306075000.0
2003-02-13,'000605,四环药业,14.87,15.07,14.87,14.9,14.9,-0.03,-0.2013,0.2162,44600,667254.97,1226775000.0,306693750.0
2003-02-12,'000605,四环药业,14.9,14.96,14.77,14.9,14.95,-0.05,-0.3344,0.118,24334,362069.04,1229250000.0,307312500.0
2003-02-11,'000605,四环药业,14.95,15.1,14.61,14.89,14.88,0.07,0.4704,0.2216,45700,681599.0,1233375000.0,308343750.0
2003-02-10,'000605,四环药业,14.88,15.19,14.65,14.65,14.56,0.32,2.1978,0.8337,171943,2578868.09,1227600000.0,306900000.0
2003-01-29,'000605,四环药业,14.56,14.6,14.11,14.11,14.18,0.38,2.6798,0.5194,107120,1553366.02,1201200000.0,300300000.0
2003-01-28,'000605,四环药业,14.18,14.22,14.03,14.03,14.04,0.14,0.9972,0.1692,34900,493054.0,1169850000.0,292462500.0
2003-01-27,'000605,四环药业,14.04,14.1,13.86,14.0,14.0,0.04,0.2857,0.1246,25700,360542.0,1158300000.0,289575000.0
2003-01-24,'000605,四环药业,14.0,14.02,13.8,13.98,13.98,0.02,0.1431,0.1559,32150,448203.0,1155000000.0,288750000.0
2003-01-23,'000605,四环药业,13.98,14.1,13.83,14.04,14.0,-0.02,-0.1429,0.0696,14360,200563.0,1153350000.0,288337500.0
2003-01-22,'000605,四环药业,14.0,14.1,13.81,14.1,14.01,-0.01,-0.0714,0.1688,34814,485216.73,1155000000.0,288750000.0
2003-01-21,'000605,四环药业,14.01,14.5,14.0,14.5,14.59,-0.58,-3.9753,0.3428,70700,1003582.59,1155825000.0,288956250.0
2003-01-20,'000605,四环药业,14.59,15.4,14.01,14.01,14.03,0.56,3.9914,0.5834,120335,1743859.83,1203675000.0,300918750.0
2003-01-17,'000605,四环药业,14.03,14.18,13.9,14.12,14.1,-0.07,-0.4965,0.2475,51037,716533.15,1157475000.0,289368750.0
2003-01-16,'000605,四环药业,14.1,14.18,13.81,14.0,14.0,0.1,0.7143,0.2661,54888,769201.78,1163250000.0,290812500.0
2003-01-15,'000605,四环药业,14.0,14.25,13.8,13.82,13.85,0.15,1.083,0.3319,68450,960434.2,1155000000.0,288750000.0
2003-01-14,'000605,四环药业,13.85,13.96,13.35,13.35,13.3,0.55,4.1353,0.3218,66361,909977.63,1142625000.0,285656250.0
2003-01-13,'000605,四环药业,13.3,13.37,13.2,13.22,13.28,0.02,0.1506,0.0386,7966,105824.87,1097250000.0,274312500.0
2003-01-10,'000605,四环药业,13.28,13.55,13.18,13.55,13.49,-0.21,-1.5567,0.1973,40693,544784.41,1095600000.0,273900000.0
2003-01-09,'000605,四环药业,13.49,13.49,13.18,13.23,13.24,0.25,1.8882,0.2477,51083,680632.2,1112925000.0,278231250.0
2003-01-08,'000605,四环药业,13.24,13.25,13.02,13.05,12.99,0.25,1.9246,0.1187,24478,321798.92,1092300000.0,273075000.0
2003-01-07,'000605,四环药业,12.99,13.12,12.97,13.09,13.1,-0.11,-0.8397,0.0737,15200,198302.48,1071675000.0,267918750.0
2003-01-06,'000605,四环药业,13.1,13.11,12.83,12.83,12.91,0.19,1.4717,0.0722,14900,193617.0,1080750000.0,270187500.0
2003-01-03,'000605,四环药业,12.91,13.05,12.9,13.04,13.03,-0.12,-0.921,0.1276,26326,342002.2,1065075000.0,266268750.0
2003-01-02,'000605,四环药业,13.03,13.35,13.02,13.31,13.31,-0.28,-2.1037,0.1379,28450,375714.0,1074975000.0,268743750.0
2002-12-31,'000605,四环药业,13.31,13.55,13.3,13.55,13.46,-0.15,-1.1144,0.1502,30970,414426.8,1098075000.0,274518750.0
2002-12-30,'000605,四环药业,13.46,13.65,13.45,13.55,13.65,-0.19,-1.3919,0.1721,35500,480821.0,1110450000.0,277612500.0
2002-12-27,'000605,四环药业,13.65,13.8,13.6,13.65,13.62,0.03,0.2203,0.0974,20096,274249.56,1126125000.0,281531250.0
2002-12-26,'000605,四环药业,13.62,13.95,13.61,13.95,13.95,-0.33,-2.3656,0.1261,26000,357549.71,1123650000.0,280912500.0
2002-12-25,'000605,四环药业,13.95,14.08,13.9,14.08,14.0,-0.05,-0.3571,0.0601,12400,173620.87,1150875000.0,287718750.0
2002-12-24,'000605,四环药业,14.0,14.03,13.8,14.01,14.07,-0.07,-0.4975,0.2266,46746,648692.59,1155000000.0,288750000.0
2002-12-23,'000605,四环药业,14.07,14.29,13.99,14.29,14.19,-0.12,-0.8457,0.1572,32430,457784.1,1160775000.0,290193750.0
2002-12-20,'000605,四环药业,14.19,14.2,13.92,14.1,14.15,0.04,0.2827,0.0517,10664,150207.8,1170675000.0,292668750.0
2002-12-19,'000605,四环药业,14.15,14.24,13.8,13.8,14.14,0.01,0.0707,0.0543,11200,157989.0,1167375000.0,291843750.0
2002-12-18,'000605,四环药业,14.14,14.29,14.02,14.28,14.14,0.0,0.0,0.1498,30901,439484.85,1166550000.0,291637500.0
2002-12-17,'000605,四环药业,14.14,14.25,14.05,14.08,14.24,-0.1,-0.7022,0.1324,27300,385621.82,1166550000.0,291637500.0
2002-12-16,'000605,四环药业,14.24,14.29,14.05,14.08,14.11,0.13,0.9213,0.0812,16750,236628.5,1174800000.0,293700000.0
2002-12-13,'000605,四环药业,14.11,14.36,13.95,14.28,14.3,-0.19,-1.3287,0.1692,34900,490609.0,1164075000.0,291018750.0
2002-12-12,'000605,四环药业,14.3,14.36,14.09,14.09,14.15,0.15,1.0601,0.3355,69195,986458.9,1179750000.0,294937500.0
2002-12-11,'000605,四环药业,14.15,14.15,13.95,13.98,14.03,0.12,0.8553,0.3557,73364,1032380.76,1167375000.0,291843750.0
2002-12-10,'000605,四环药业,14.03,14.09,13.7,14.09,14.08,-0.05,-0.3551,0.3245,66921,932826.9,1157475000.0,289368750.0
2002-12-09,'000605,四环药业,14.08,14.08,13.6,13.61,13.76,0.32,2.3256,0.1981,40850,566050.5,1161600000.0,290400000.0
2002-12-06,'000605,四环药业,13.76,13.99,13.71,13.72,13.81,-0.05,-0.3621,0.1673,34500,477122.0,1135200000.0,283800000.0
2002-12-05,'000605,四环药业,13.81,14.17,13.7,14.17,13.94,-0.13,-0.9326,0.1501,30950,429347.0,1139325000.0,284831250.0
2002-12-04,'000605,四环药业,13.94,14.21,13.9,13.99,14.06,-0.12,-0.8535,0.1888,38950,549509.5,1150050000.0,287512500.0
2002-12-03,'000605,四环药业,14.06,14.06,13.76,13.76,13.77,0.29,2.106,0.0393,8109,112771.02,1159950000.0,289987500.0
2002-12-02,'000605,四环药业,13.77,14.3,13.31,14.0,14.3,-0.53,-3.7063,0.1552,32018,444098.96,1136025000.0,284006250.0
2002-11-29,'000605,四环药业,14.3,14.37,13.81,13.96,13.95,0.35,2.509,0.2979,61451,870211.58,1179750000.0,294937500.0
2002-11-28,'000605,四环药业,13.95,13.98,13.47,13.5,13.57,0.38,2.8003,0.1834,37826,521291.92,1150875000.0,287718750.0
2002-11-27,'000605,四环药业,13.57,13.59,13.31,13.51,13.56,0.01,0.0737,0.322,66410,893388.87,1119525000.0,279881250.0
2002-11-26,'000605,四环药业,13.56,13.9,13.55,13.8,13.77,-0.21,-1.5251,0.1619,33400,455925.0,1118700000.0,279675000.0
2002-11-25,'000605,四环药业,13.77,13.96,13.75,13.75,13.76,0.01,0.0727,0.0233,4800,66642.0,1136025000.0,284006250.0
2002-11-22,'000605,四环药业,13.76,13.99,13.56,13.88,13.78,-0.02,-0.1451,0.5599,115481,1594446.11,1135200000.0,283800000.0
2002-11-21,'000605,四环药业,13.78,13.87,13.57,13.87,13.86,-0.08,-0.5772,0.1816,37459,511385.19,1136850000.0,284212500.0
2002-11-20,'000605,四环药业,13.86,14.02,13.86,14.02,14.11,-0.25,-1.7718,0.1187,24490,341365.5,1143450000.0,285862500.0
2002-11-19,'000605,四环药业,14.11,14.43,13.86,13.86,14.0,0.11,0.7857,0.1317,27161,382892.62,1164075000.0,291018750.0
2002-11-18,'000605,四环药业,14.0,14.15,13.85,14.02,14.1,-0.1,-0.7092,0.273,56300,789438.0,1155000000.0,288750000.0
2002-11-15,'000605,四环药业,14.1,14.37,14.1,14.37,14.03,0.07,0.4989,0.1829,37728,536384.68,1163250000.0,290812500.0
2002-11-14,'000605,四环药业,14.03,14.57,14.02,14.5,14.5,-0.47,-3.2414,0.5295,109200,1551781.0,1157475000.0,289368750.0
2002-11-13,'000605,四环药业,14.5,14.99,14.22,14.88,14.5,0.0,0.0,0.2105,43419,624513.2,1196250000.0,299062500.0
2002-11-12,'000605,四环药业,14.5,15.08,14.4,14.8,14.92,-0.42,-2.815,0.6633,136800,2021528.99,1196250000.0,299062500.0
2002-11-11,'000605,四环药业,14.92,15.18,14.9,15.02,15.17,-0.25,-1.648,0.3788,78120,1175154.4,1230900000.0,307725000.0
2002-11-08,'000605,四环药业,15.17,15.6,15.15,15.48,15.39,-0.22,-1.4295,0.4546,93762,1439899.92,1251525000.0,312881250.0
2002-11-07,'000605,四环药业,15.39,15.59,15.3,15.52,15.43,-0.04,-0.2592,0.359,74041,1141305.06,1269675000.0,317418750.0
2002-11-06,'000605,四环药业,15.43,15.59,15.3,15.31,15.58,-0.15,-0.9628,0.3486,71900,1112022.76,1272975000.0,318243750.0
2002-11-05,'000605,四环药业,15.58,15.6,15.16,15.25,15.26,0.32,2.097,0.525,108287,1657229.08,1285350000.0,321337500.0
2002-11-04,'000605,四环药业,15.26,15.35,15.15,15.2,15.16,0.1,0.6596,0.1285,26500,403270.5,1258950000.0,314737500.0
2002-11-01,'000605,四环药业,15.16,15.27,15.08,15.1,15.15,0.01,0.066,0.0475,9800,148366.0,1250700000.0,312675000.0
2002-10-31,'000605,四环药业,15.15,15.38,15.0,15.18,15.1,0.05,0.3311,0.3118,64300,972086.0,1249875000.0,312468750.0
2002-10-30,'000605,四环药业,15.1,15.35,14.6,14.91,15.11,-0.01,-0.0662,0.2685,55380,837150.4,1245750000.0,311437500.0
2002-10-29,'000605,四环药业,15.11,15.25,15.03,15.05,15.05,0.06,0.3987,0.1273,26258,397714.6,1246575000.0,311643750.0
2002-10-28,'000605,四环药业,15.05,15.27,15.0,15.27,15.27,-0.22,-1.4407,0.3781,77989,1175693.89,1241625000.0,310406250.0
2002-10-25,'000605,四环药业,15.27,15.6,15.2,15.5,15.56,-0.29,-1.8638,0.2235,46100,708483.2,1259775000.0,314943750.0
2002-10-24,'000605,四环药业,15.56,15.82,15.55,15.55,15.65,-0.09,-0.5751,0.1449,29885,468699.25,1283700000.0,320925000.0
2002-10-23,'000605,四环药业,15.65,15.7,15.4,15.5,15.6,0.05,0.3205,0.1134,23399,363645.55,1291125000.0,322781250.0
2002-10-22,'000605,四环药业,15.6,15.72,15.22,15.23,15.38,0.22,1.4304,0.2387,49239,767796.16,1287000000.0,321750000.0
2002-10-21,'000605,四环药业,15.38,15.78,14.9,15.1,15.03,0.35,2.3287,0.1785,36810,557876.2,1268850000.0,317212500.0
2002-10-18,'000605,四环药业,15.03,15.3,14.9,14.98,15.2,-0.17,-1.1184,0.1518,31318,472597.54,1239975000.0,309993750.0
2002-10-17,'000605,四环药业,15.2,15.44,15.2,15.3,15.27,-0.07,-0.4584,0.0567,11700,178748.15,1254000000.0,313500000.0
2002-10-16,'000605,四环药业,15.27,15.52,15.23,15.3,15.22,0.05,0.3285,0.1328,27399,420601.74,1259775000.0,314943750.0
2002-10-15,'000605,四环药业,15.22,15.33,15.2,15.3,15.18,0.04,0.2635,0.1406,29000,442400.0,1255650000.0,313912500.0
2002-10-14,'000605,四环药业,15.18,15.35,15.05,15.1,14.9,0.28,1.8792,0.3298,68029,1028542.05,1252350000.0,313087500.0
2002-10-11,'000605,四环药业,14.9,15.47,14.8,15.16,15.13,-0.23,-1.5202,0.6647,137090,2064085.0,1229250000.0,307312500.0
2002-10-10,'000605,四环药业,15.13,15.69,15.12,15.2,15.07,0.06,0.3981,0.2162,44600,683123.0,1248225000.0,312056250.0
2002-10-09,'000605,四环药业,15.07,15.8,15.05,15.68,15.67,-0.6,-3.829,0.6922,142764,2185540.49,1243275000.0,310818750.0
2002-10-08,'000605,四环药业,15.67,16.3,15.56,16.3,16.35,-0.68,-4.159,0.4504,92900,1480376.31,1292775000.0,323193750.0
2002-09-27,'000605,四环药业,16.35,16.8,16.32,16.8,16.37,-0.02,-0.1222,0.1797,37053,607842.14,1348875000.0,337218750.0
2002-09-26,'000605,四环药业,16.37,16.7,16.31,16.61,16.7,-0.33,-1.976,0.2742,56555,930206.7,1350525000.0,337631250.0
2002-09-25,'000605,四环药业,16.7,16.9,16.6,16.8,16.89,-0.19,-1.1249,0.1853,38211,637669.7,1377750000.0,344437500.0
2002-09-24,'000605,四环药业,16.89,17.03,16.7,16.9,16.89,0.0,0.0,0.2025,41766,704798.3,1393425000.0,348356250.0
2002-09-23,'000605,四环药业,16.89,17.0,16.83,17.0,16.94,-0.05,-0.2952,0.0371,7650,129251.5,1393425000.0,348356250.0
2002-09-20,'000605,四环药业,16.94,17.15,16.8,17.15,17.14,-0.2,-1.1669,0.176,36300,617491.0,1397550000.0,349387500.0
2002-09-19,'000605,四环药业,17.14,17.2,16.9,16.99,16.88,0.26,1.5403,0.1007,20770,354644.0,1414050000.0,353512500.0
2002-09-18,'000605,四环药业,16.88,17.29,16.76,16.95,16.85,0.03,0.178,0.0955,19700,334944.0,1392600000.0,348150000.0
2002-09-17,'000605,四环药业,16.85,16.93,16.52,16.93,16.91,-0.06,-0.3548,0.3825,78900,1318388.0,1390125000.0,347531250.0
2002-09-16,'000605,四环药业,16.91,17.2,16.91,17.2,17.33,-0.42,-2.4235,0.1385,28570,486425.8,1395075000.0,348768750.0
2002-09-13,'000605,四环药业,17.33,17.49,17.26,17.49,17.27,0.06,0.3474,0.1741,35900,624062.24,1429725000.0,357431250.0
2002-09-12,'000605,四环药业,17.27,17.4,17.0,17.19,17.2,0.07,0.407,0.1921,39630,685608.1,1424775000.0,356193750.0
2002-09-11,'000605,四环药业,17.2,17.2,16.9,16.99,17.0,0.2,1.1765,0.2248,46359,789417.33,1419000000.0,354750000.0
2002-09-10,'000605,四环药业,17.0,17.1,16.87,16.87,17.02,-0.02,-0.1175,0.1346,27760,471080.2,1402500000.0,350625000.0
2002-09-09,'000605,四环药业,17.02,17.03,16.75,16.9,17.05,-0.03,-0.176,0.2151,44358,748289.98,1404150000.0,351037500.0
2002-09-06,'000605,四环药业,17.05,17.1,16.82,17.0,17.0,0.05,0.2941,0.2862,59030,1005254.19,1406625000.0,351656250.0
2002-09-05,'000605,四环药业,17.0,17.3,16.94,17.3,17.4,-0.4,-2.2989,0.7298,150520,2568293.8,1402500000.0,350625000.0
2002-09-04,'000605,四环药业,17.4,17.65,17.36,17.55,17.7,-0.3,-1.6949,0.439,90544,1578334.02,1435500000.0,358875000.0
2002-09-03,'000605,四环药业,17.7,17.85,17.51,17.53,17.6,0.1,0.5682,0.3355,69199,1222891.44,1460250000.0,365062500.0
2002-09-02,'000605,四环药业,17.6,17.7,17.37,17.7,17.48,0.12,0.6865,0.1854,38234,671937.36,1452000000.0,363000000.0
2002-08-30,'000605,四环药业,17.48,17.8,17.35,17.77,17.54,-0.06,-0.3421,0.4495,92703,1620754.36,1442100000.0,360525000.0
2002-08-29,'000605,四环药业,17.54,18.23,17.52,18.02,18.37,-0.83,-4.5182,1.7252,355820,6335144.64,1447050000.0,361762500.0
2002-08-28,'000605,四环药业,18.37,18.7,18.18,18.63,18.73,-0.36,-1.9221,1.8431,380146,6978984.18,1515525000.0,378881250.0
2002-08-27,'000605,四环药业,18.73,19.2,17.55,17.55,17.45,1.28,7.3352,7.4186,1530077,28691825.32,1545225000.0,386306250.0
2002-08-26,'000605,四环药业,17.45,18.0,17.13,17.35,17.35,0.1,0.5764,1.0639,219434,3864928.47,1439625000.0,359906250.0
2002-08-23,'000605,四环药业,17.35,17.65,17.21,17.65,17.57,-0.22,-1.2521,0.2918,60188,1046297.31,1431375000.0,357843750.0
2002-08-22,'000605,四环药业,17.57,18.05,16.74,16.74,16.74,0.83,4.9582,1.2289,253452,4484206.14,1449525000.0,362381250.0
2002-08-21,'000605,四环药业,16.74,16.78,16.51,16.51,16.68,0.06,0.3597,0.1392,28718,477918.75,1381050000.0,345262500.0
2002-08-20,'000605,四环药业,16.68,16.73,16.46,16.58,16.55,0.13,0.7855,0.1049,21639,359092.07,1376100000.0,344025000.0
2002-08-19,'000605,四环药业,16.55,16.68,16.25,16.68,16.39,0.16,0.9762,0.0796,16417,270709.57,1365375000.0,341343750.0
2002-08-16,'000605,四环药业,16.39,16.85,16.03,16.6,16.68,-0.29,-1.7386,0.2536,52304,856830.93,1352175000.0,338043750.0
2002-08-15,'000605,四环药业,16.68,16.69,16.5,16.5,16.7,-0.02,-0.1198,0.0955,19698,326440.0,1376100000.0,344025000.0
2002-08-14,'000605,四环药业,16.7,16.75,16.34,16.6,16.65,0.05,0.3003,0.0344,7104,118362.92,1377750000.0,344437500.0
2002-08-13,'000605,四环药业,16.65,16.68,16.1,16.1,16.56,0.09,0.5435,0.0689,14203,235591.95,1373625000.0,343406250.0
2002-08-12,'000605,四环药业,16.56,16.6,16.41,16.52,16.52,0.04,0.2421,0.0361,7451,123178.43,1366200000.0,341550000.0
2002-08-09,'000605,四环药业,16.52,16.68,16.5,16.51,16.74,-0.22,-1.3142,0.0887,18301,302587.51,1362900000.0,340725000.0
2002-08-08,'000605,四环药业,16.74,16.92,16.68,16.9,16.89,-0.15,-0.8881,0.0568,11721,196996.28,1381050000.0,345262500.0
2002-08-07,'000605,四环药业,16.89,16.91,16.75,16.75,16.68,0.21,1.259,0.0747,15400,259692.9,1393425000.0,348356250.0
2002-08-06,'000605,四环药业,16.68,16.96,16.55,16.7,16.66,0.02,0.12,0.1697,35004,586704.41,1376100000.0,344025000.0
2002-08-05,'000605,四环药业,16.66,16.78,16.45,16.6,16.56,0.1,0.6039,0.2836,58495,973415.0,1374450000.0,343612500.0
2002-08-02,'000605,四环药业,16.56,16.79,16.46,16.69,16.44,0.12,0.7299,0.089,18363,305699.56,1366200000.0,341550000.0
2002-08-01,'000605,四环药业,16.44,16.8,16.39,16.4,16.4,0.04,0.2439,0.1343,27700,459745.72,1356300000.0,339075000.0
2002-07-31,'000605,四环药业,16.4,16.67,16.4,16.6,16.55,-0.15,-0.9063,0.2211,45600,751396.0,1353000000.0,338250000.0
2002-07-30,'000605,四环药业,16.55,16.97,16.5,16.97,16.75,-0.2,-1.194,0.4565,94159,1561862.46,1365375000.0,341343750.0
2002-07-29,'000605,四环药业,16.75,16.8,16.7,16.75,16.79,-0.04,-0.2382,0.0324,6677,111881.75,1381875000.0,345468750.0
2002-07-26,'000605,四环药业,16.79,16.81,16.65,16.73,16.62,0.17,1.0229,0.1504,31011,518260.7,1385175000.0,346293750.0
2002-07-25,'000605,四环药业,16.62,16.79,16.56,16.56,16.7,-0.08,-0.479,0.2167,44701,744924.01,1371150000.0,342787500.0
2002-07-24,'000605,四环药业,16.7,17.1,16.51,17.1,17.22,-0.52,-3.0197,0.5741,118400,1987555.62,1377750000.0,344437500.0
2002-07-23,'000605,四环药业,17.22,17.5,17.0,17.47,17.34,-0.12,-0.692,0.6537,134823,2299946.75,1420650000.0,355162500.0
2002-07-22,'000605,四环药业,17.34,17.63,17.08,17.61,17.59,-0.25,-1.4213,0.507,104562,1801828.18,1430550000.0,357637500.0
2002-07-19,'000605,四环药业,17.59,17.9,17.51,17.75,17.75,-0.16,-0.9014,0.1619,33400,588175.0,1451175000.0,362793750.0
2002-07-18,'000605,四环药业,17.75,18.0,17.75,18.0,18.0,-0.25,-1.3889,0.1246,25696,459869.0,1464375000.0,366093750.0
2002-07-17,'000605,四环药业,18.0,18.05,17.75,18.05,18.05,-0.05,-0.277,0.0365,7530,134673.0,1485000000.0,371250000.0
2002-07-16,'000605,四环药业,18.05,18.08,17.95,17.95,18.0,0.05,0.2778,0.1493,30786,555144.26,1489125000.0,372281250.0
2002-07-15,'000605,四环药业,18.0,18.07,17.81,18.0,18.08,-0.08,-0.4425,0.1291,26623,476328.63,1485000000.0,371250000.0
2002-07-12,'000605,四环药业,18.08,18.1,17.9,18.08,18.01,0.07,0.3887,0.4417,91100,1641175.0,1491600000.0,372900000.0
2002-07-11,'000605,四环药业,18.01,18.02,17.85,17.98,17.98,0.03,0.1669,0.3472,71600,1287105.8,1485825000.0,371456250.0
2002-07-10,'000605,四环药业,17.98,18.16,17.67,18.11,18.16,-0.18,-0.9912,0.3993,82364,1472151.74,1483350000.0,370837500.0
2002-07-09,'000605,四环药业,18.16,18.19,18.08,18.1,18.18,-0.02,-0.11,0.1146,23645,428471.35,1498200000.0,374550000.0
2002-07-08,'000605,四环药业,18.18,18.4,17.8,18.04,17.96,0.22,1.2249,0.4352,89760,1628551.5,1499850000.0,374962500.0
2002-07-05,'000605,四环药业,17.96,18.04,17.61,18.04,18.0,-0.04,-0.2222,0.1379,28450,508160.0,1481700000.0,370425000.0
2002-07-04,'000605,四环药业,18.0,18.05,17.8,18.03,18.03,-0.03,-0.1664,0.1422,29320,526285.8,1485000000.0,371250000.0
2002-07-03,'000605,四环药业,18.03,18.08,17.8,18.0,18.08,-0.05,-0.2765,0.3614,74537,1339925.95,1487475000.0,371868750.0
2002-07-02,'000605,四环药业,18.1,18.18,17.85,18.08,17.84,0.26,1.4574,0.1533,31610,569832.7,1493250000.0,373312500.0
2002-07-01,'000605,四环药业,17.84,18.45,17.83,17.88,18.0,-0.16,-0.8889,0.1505,31040,559564.2,1471800000.0,367950000.0
2002-06-28,'000605,四环药业,18.0,18.41,17.8,18.31,18.42,-0.42,-2.2801,0.5042,104000,1879989.1,1485000000.0,371250000.0
2002-06-27,'000605,四环药业,18.42,18.68,18.4,18.5,18.6,-0.18,-0.9677,0.4161,85823,1586259.47,1519650000.0,379912500.0
2002-06-26,'000605,四环药业,18.6,19.0,18.5,18.78,18.72,-0.12,-0.641,0.5365,110659,2069258.2,1534500000.0,383625000.0
2002-06-25,'000605,四环药业,18.72,20.52,18.65,20.52,18.65,0.07,0.3753,6.5178,1344292,27105065.74,1544400000.0,386100000.0
2002-06-24,'000605,四环药业,18.65,18.65,18.0,18.65,16.95,1.7,10.0295,11.2148,2313048,43104066.3,1538625000.0,384656250.0
2002-06-21,'000605,四环药业,16.95,17.02,16.34,16.34,16.55,0.4,2.4169,3.2953,679650,11468644.04,1398375000.0,349593750.0
2002-06-20,'000605,四环药业,16.55,16.6,16.1,16.1,16.49,0.06,0.3639,0.4451,91798,1514029.32,1365375000.0,341343750.0
2002-06-19,'000605,四环药业,16.49,16.69,16.11,16.38,16.73,-0.24,-1.4345,0.5532,114100,1886413.23,1360425000.0,340106250.0
2002-06-18,'000605,四环药业,16.73,16.86,16.37,16.71,16.64,0.09,0.5409,0.9116,188016,3125774.76,1380225000.0,345056250.0
2002-06-17,'000605,四环药业,16.64,16.8,15.82,16.0,16.14,0.5,3.0979,4.7047,970340,15979990.02,1372800000.0,343200000.0
2002-06-14,'000605,四环药业,16.14,16.72,14.55,15.2,15.2,0.94,6.1842,3.7202,767284,11979184.98,1331550000.0,332887500.0
2002-06-13,'000605,四环药业,15.2,15.38,15.13,15.25,15.13,0.07,0.4627,0.0941,19400,294633.0,1254000000.0,313500000.0
2002-06-12,'000605,四环药业,15.13,15.4,15.09,15.4,15.39,-0.26,-1.6894,0.3152,65000,986382.0,1248225000.0,312056250.0
2002-06-11,'000605,四环药业,15.39,15.4,15.05,15.05,15.17,0.22,1.4502,0.1081,22300,341316.0,1269675000.0,317418750.0
2002-06-10,'000605,四环药业,15.17,15.2,14.8,15.18,15.35,-0.18,-1.1726,0.2516,51900,780825.0,1251525000.0,312881250.0
2002-06-07,'000605,四环药业,15.35,15.7,15.01,15.7,15.57,-0.22,-1.413,0.5131,105826,1632951.4,1266375000.0,316593750.0
2002-06-06,'000605,四环药业,15.57,15.78,14.6,14.86,14.85,0.72,4.8485,0.4357,89853,1350609.94,1284525000.0,321131250.0
2002-06-05,'000605,四环药业,14.85,15.5,14.8,15.3,15.3,-0.45,-2.9412,0.481,99200,1493824.0,1225125000.0,306281250.0
2002-06-04,'000605,四环药业,15.3,15.5,15.28,15.28,15.29,0.01,0.0654,0.1937,39950,612991.2,1262250000.0,315562500.0
2002-06-03,'000605,四环药业,15.29,15.53,15.25,15.53,15.7,-0.41,-2.6115,0.3255,67130,1032951.5,1261425000.0,315356250.0
2002-05-31,'000605,四环药业,15.7,16.04,15.57,16.04,15.76,-0.06,-0.3807,0.1473,30377,476154.89,1295250000.0,323812500.0
2002-05-30,'000605,四环药业,15.76,15.96,15.66,15.9,15.96,-0.2,-1.2531,0.5885,121373,1905222.91,1300200000.0,325050000.0
2002-05-29,'000605,四环药业,15.96,16.65,15.75,16.65,16.18,-0.22,-1.3597,0.2094,43190,689369.0,1316700000.0,329175000.0
2002-05-28,'000605,四环药业,0.0,0.0,0.0,0.0,16.18,None,None,0.0,0,0.0,1334850000.0,333712500.0
2002-05-27,'000605,四环药业,16.18,16.18,16.0,16.09,16.05,0.13,0.81,0.1444,29791,478961.48,1334850000.0,333712500.0
2002-05-24,'000605,四环药业,16.05,16.55,15.95,16.55,16.3,-0.25,-1.5337,0.1765,36397,584803.15,1324125000.0,331031250.0
2002-05-23,'000605,四环药业,16.3,16.58,16.05,16.05,15.82,0.48,3.0341,0.2886,59521,968058.61,1344750000.0,336187500.0
2002-05-22,'000605,四环药业,15.82,16.7,15.5,16.7,16.53,-0.71,-4.2952,0.4247,87601,1407934.5,1305150000.0,326287500.0
2002-05-21,'000605,四环药业,16.53,16.79,16.5,16.5,16.18,0.35,2.1632,0.3436,70877,1179334.5,1363725000.0,340931250.0
2002-05-20,'000605,四环药业,16.18,16.56,16.12,16.56,16.48,-0.3,-1.8204,0.2001,41279,668737.52,1334850000.0,333712500.0
2002-05-17,'000605,四环药业,16.48,16.6,16.1,16.21,16.4,0.08,0.4878,0.6955,143450,2356824.0,1359600000.0,339900000.0
2002-05-16,'000605,四环药业,16.4,16.95,16.4,16.95,16.95,-0.55,-3.2448,0.6623,136600,2278718.04,1353000000.0,338250000.0
2002-05-15,'000605,四环药业,16.95,17.29,16.61,17.08,16.96,-0.01,-0.059,0.6644,137024,2326939.66,1398375000.0,349593750.0
2002-05-14,'000605,四环药业,16.96,17.11,16.9,16.9,16.96,0.0,0.0,0.6589,135892,2307906.2,1399200000.0,349800000.0
2002-05-13,'000605,四环药业,16.96,17.03,16.9,17.03,17.03,-0.07,-0.411,0.4655,96000,1631668.2,1399200000.0,349800000.0
2002-05-10,'000605,四环药业,17.03,17.08,16.75,17.0,16.88,0.15,0.8886,0.5828,120199,2038974.51,1404975000.0,351243750.0
2002-05-09,'000605,四环药业,16.88,17.09,16.8,16.88,16.93,-0.05,-0.2953,1.6073,331500,5614718.1,1392600000.0,348150000.0
2002-05-08,'000605,四环药业,16.93,17.11,16.78,17.0,17.09,-0.16,-0.9362,0.662,136538,2309327.99,1396725000.0,349181250.0
2002-04-30,'000605,四环药业,17.09,17.4,16.89,17.4,17.21,-0.12,-0.6973,0.9949,205200,3504671.1,1409925000.0,352481250.0
2002-04-29,'000605,四环药业,17.21,17.4,16.66,16.66,16.66,0.55,3.3013,1.5334,316272,5432307.84,1419825000.0,354956250.0
2002-04-26,'000605,四环药业,16.66,16.79,16.35,16.5,16.4,0.26,1.5854,0.5057,104310,1730361.97,1374450000.0,343612500.0
2002-04-25,'000605,四环药业,16.4,16.62,16.4,16.4,16.47,-0.07,-0.425,0.2901,59843,988713.71,1353000000.0,338250000.0
2002-04-24,'000605,四环药业,16.47,16.56,16.08,16.36,16.35,0.12,0.7339,0.5956,122846,2011605.93,1358775000.0,339693750.0
2002-04-23,'000605,四环药业,16.35,16.5,16.0,16.0,15.9,0.45,2.8302,0.5587,115227,1872003.83,1348875000.0,337218750.0
2002-04-22,'000605,四环药业,15.9,16.19,15.7,15.9,15.98,-0.08,-0.5006,0.5542,114300,1836972.7,1311750000.0,327937500.0
2002-04-19,'000605,四环药业,15.98,16.0,15.32,15.8,15.83,0.15,0.9476,0.3915,80747,1280786.25,1318350000.0,329587500.0
2002-04-18,'000605,四环药业,15.83,16.1,15.82,16.1,16.15,-0.32,-1.9814,0.1606,33118,526643.84,1305975000.0,326493750.0
2002-04-17,'000605,四环药业,16.15,16.18,15.8,15.8,15.92,0.23,1.4447,0.2901,59836,953124.75,1332375000.0,333093750.0
2002-04-16,'000605,四环药业,15.92,15.99,15.82,15.98,16.0,-0.08,-0.5,0.2924,60299,959350.6,1313400000.0,328350000.0
2002-04-15,'000605,四环药业,16.0,16.0,15.7,15.95,15.96,0.04,0.2506,0.5547,114398,1812366.14,1320000000.0,330000000.0
2002-04-12,'000605,四环药业,15.96,16.0,15.75,16.0,15.98,-0.02,-0.1252,0.4282,88325,1404393.8,1316700000.0,329175000.0
2002-04-11,'000605,四环药业,15.98,16.08,15.81,16.08,16.08,-0.1,-0.6219,0.4343,89582,1429729.42,1318350000.0,329587500.0
2002-04-10,'000605,四环药业,16.08,16.1,15.91,16.05,16.03,0.05,0.3119,0.4193,86475,1384844.12,1326600000.0,331650000.0
2002-04-09,'000605,四环药业,16.03,16.09,15.5,15.51,15.59,0.44,2.8223,0.7107,146575,2334837.1,1322475000.0,330618750.0
2002-04-08,'000605,四环药业,15.59,16.0,15.23,16.0,15.71,-0.12,-0.7638,0.4591,94691,1474897.38,1286175000.0,321543750.0
2002-04-05,'000605,四环药业,15.71,15.8,15.48,15.6,15.6,0.11,0.7051,0.6962,143600,2255959.65,1296075000.0,324018750.0
2002-04-04,'000605,四环药业,15.6,15.67,15.0,15.0,15.0,0.6,4.0,1.0305,212546,3281589.04,1287000000.0,321750000.0
2002-04-03,'000605,四环药业,15.0,15.09,14.6,14.6,14.44,0.56,3.8781,0.6715,138507,2041679.3,1237500000.0,309375000.0
2002-04-02,'000605,四环药业,14.44,15.3,14.3,15.3,15.18,-0.74,-4.8748,1.2082,249200,3679930.22,1191300000.0,297825000.0
2002-04-01,'000605,四环药业,15.18,15.4,14.9,15.36,15.37,-0.19,-1.2362,0.6692,138025,2087254.12,1252350000.0,313087500.0
2002-03-29,'000605,四环药业,15.37,15.9,15.21,15.89,15.92,-0.55,-3.4548,0.8239,169937,2641402.01,1268025000.0,317006250.0
2002-03-28,'000605,四环药业,15.92,16.11,15.8,15.91,15.88,0.04,0.2519,0.5635,116220,1859323.4,1313400000.0,328350000.0
2002-03-27,'000605,四环药业,15.88,15.92,15.65,15.8,15.87,0.01,0.063,0.5023,103597,1637033.04,1310100000.0,327525000.0
2002-03-26,'000605,四环药业,15.87,16.15,15.25,15.42,15.42,0.45,2.9183,1.1016,227210,3553731.1,1309275000.0,327318750.0
2002-03-25,'000605,四环药业,15.42,15.5,15.1,15.1,15.33,0.09,0.5871,0.463,95497,1466471.09,1272150000.0,318037500.0
2002-03-22,'000605,四环药业,15.33,15.4,15.02,15.13,15.47,-0.14,-0.905,0.5711,117791,1789449.99,1264725000.0,316181250.0
2002-03-21,'000605,四环药业,15.47,15.6,15.2,15.6,15.56,-0.09,-0.5784,0.5913,121950,1875698.05,1276275000.0,319068750.0
2002-03-20,'000605,四环药业,15.56,15.6,15.18,15.5,15.3,0.26,1.6993,0.7487,154427,2381824.09,1283700000.0,320925000.0
2002-03-19,'000605,四环药业,15.3,15.39,14.8,15.2,14.98,0.32,2.1362,0.3458,71327,1080083.32,1262250000.0,315562500.0
2002-03-18,'000605,四环药业,14.98,15.29,14.8,14.9,14.84,0.14,0.9434,0.3183,65648,983721.2,1235850000.0,308962500.0
2002-03-15,'000605,四环药业,14.84,15.58,14.8,15.4,15.33,-0.49,-3.1963,0.6895,142200,2168499.72,1224300000.0,306075000.0
2002-03-14,'000605,四环药业,15.33,15.35,14.88,14.9,14.9,0.43,2.8859,0.5842,120486,1816427.75,1264725000.0,316181250.0
2002-03-13,'000605,四环药业,14.9,15.2,14.85,15.08,15.14,-0.24,-1.5852,0.6672,137600,2061414.88,1229250000.0,307312500.0
2002-03-12,'000605,四环药业,15.14,15.72,15.02,15.6,15.55,-0.41,-2.6367,0.7593,156600,2406891.05,1249050000.0,312262500.0
2002-03-11,'000605,四环药业,15.55,15.6,15.01,15.01,15.21,0.34,2.2354,0.9284,191490,2951914.84,1282875000.0,320718750.0
2002-03-08,'000605,四环药业,15.21,15.35,14.85,14.96,14.91,0.3,2.0121,0.9049,186643,2806112.88,1254825000.0,313706250.0
2002-03-07,'000605,四环药业,14.91,14.96,14.58,14.7,14.56,0.35,2.4038,0.7281,150171,2218668.31,1230075000.0,307518750.0
2002-03-06,'000605,四环药业,14.56,14.85,14.51,14.6,14.41,0.15,1.0409,0.4014,82797,1212893.45,1201200000.0,300300000.0
2002-03-05,'000605,四环药业,14.41,14.6,14.0,14.0,14.04,0.37,2.6353,0.2902,59861,859986.5,1188825000.0,297206250.0
2002-03-04,'000605,四环药业,14.04,14.1,13.7,13.7,13.88,0.16,1.1527,0.2589,53390,748365.0,1158300000.0,289575000.0
2002-03-01,'000605,四环药业,13.88,14.08,13.88,13.88,14.08,-0.2,-1.4205,0.1954,40309,562076.92,1145100000.0,286275000.0
2002-02-28,'000605,四环药业,14.08,14.24,13.65,14.18,14.11,-0.03,-0.2126,0.2265,46709,657602.3,1161600000.0,290400000.0
2002-02-27,'000605,四环药业,14.11,14.21,14.0,14.18,14.18,-0.07,-0.4937,0.3423,70600,997059.0,1164075000.0,291018750.0
2002-02-26,'000605,四环药业,14.18,14.28,13.98,14.28,14.21,-0.03,-0.2111,0.1807,37261,524737.78,1169850000.0,292462500.0
2002-02-25,'000605,四环药业,14.21,14.49,14.1,14.47,13.97,0.24,1.718,0.2182,45000,642656.0,1172325000.0,293081250.0
2002-02-08,'000605,四环药业,13.97,14.3,13.93,14.3,14.0,-0.03,-0.2143,0.3293,67914,951493.73,1152525000.0,288131250.0
2002-02-07,'000605,四环药业,14.0,14.15,13.69,13.69,13.71,0.29,2.1152,0.4959,102288,1427974.31,1155000000.0,288750000.0
2002-02-06,'000605,四环药业,13.71,14.1,13.7,14.1,14.05,-0.34,-2.4199,0.4296,88600,1223918.0,1131075000.0,282768750.0
2002-02-05,'000605,四环药业,14.05,14.15,13.82,14.05,14.03,0.02,0.1426,0.3258,67203,939980.74,1159125000.0,289781250.0
2002-02-04,'000605,四环药业,14.03,14.1,13.85,13.95,13.95,0.08,0.5735,0.3673,75765,1061682.0,1157475000.0,289368750.0
2002-02-01,'000605,四环药业,13.95,14.08,13.51,13.8,13.96,-0.01,-0.0716,0.7796,160800,2238024.96,1150875000.0,287718750.0
2002-01-31,'000605,四环药业,13.96,13.96,12.75,12.75,12.69,1.27,10.0079,1.3907,286827,3940952.55,1151700000.0,287925000.0
2002-01-30,'000605,四环药业,12.69,12.81,12.11,12.11,12.6,0.09,0.7143,0.3452,71204,897285.85,1046925000.0,261731250.0
2002-01-29,'000605,四环药业,12.6,12.6,11.9,11.96,12.1,0.5,4.1322,0.4006,82617,1025374.95,1039500000.0,259875000.0
2002-01-28,'000605,四环药业,12.1,13.01,12.1,12.81,13.15,-1.05,-7.9848,0.7099,146427,1851828.99,998250000.0,249562500.0
2002-01-25,'000605,四环药业,13.15,13.76,12.7,12.71,13.0,0.15,1.1538,0.5721,118000,1566169.38,1084875000.0,271218750.0
2002-01-24,'000605,四环药业,13.0,13.5,12.08,12.8,12.99,0.01,0.077,0.7575,156234,2010056.0,1072500000.0,268125000.0
2002-01-23,'000605,四环药业,12.99,13.0,11.61,11.95,11.9,1.09,9.1597,0.7411,152843,1884904.14,1071675000.0,267918750.0
2002-01-22,'000605,四环药业,11.9,12.78,11.5,12.0,12.15,-0.25,-2.0576,0.7428,153202,1849336.84,981750000.0,245437500.0
2002-01-21,'000605,四环药业,12.15,13.25,11.91,12.81,13.23,-1.08,-8.1633,0.4715,97255,1195188.54,1002375000.0,250593750.0
2002-01-18,'000605,四环药业,13.23,13.6,12.8,13.15,13.4,-0.17,-1.2687,0.3061,63140,838820.08,1091475000.0,272868750.0
2002-01-17,'000605,四环药业,13.4,14.82,13.08,14.14,14.18,-0.78,-5.5007,0.3166,65300,898530.66,1105500000.0,276375000.0
2002-01-16,'000605,四环药业,14.18,14.3,13.74,13.85,14.01,0.17,1.2134,0.1649,34004,475549.0,1169850000.0,292462500.0
2002-01-15,'000605,四环药业,14.01,14.3,13.6,14.0,14.19,-0.18,-1.2685,0.4219,87026,1215661.25,1155825000.0,288956250.0
2002-01-14,'000605,四环药业,14.19,14.8,14.05,14.5,14.75,-0.56,-3.7966,0.3871,79840,1139393.24,1170675000.0,292668750.0
2002-01-11,'000605,四环药业,14.75,15.1,14.75,15.01,15.29,-0.54,-3.5317,0.1615,33300,495877.0,1216875000.0,304218750.0
2002-01-10,'000605,四环药业,15.29,15.38,14.6,15.35,15.56,-0.27,-1.7352,0.553,114056,1707083.12,1261425000.0,315356250.0
2002-01-09,'000605,四环药业,15.56,15.68,15.21,15.3,15.77,-0.21,-1.3316,0.0902,18600,286741.9,1283700000.0,320925000.0
2002-01-08,'000605,四环药业,15.77,15.92,15.45,15.45,15.8,-0.03,-0.1899,0.0475,9800,153676.0,1301025000.0,325256250.0
2002-01-07,'000605,四环药业,15.8,15.8,15.1,15.21,15.89,-0.09,-0.5664,0.101,20830,326454.6,1303500000.0,325875000.0
2002-01-04,'000605,四环药业,15.89,16.18,15.6,16.1,16.04,-0.15,-0.9352,0.0785,16200,256088.0,1310925000.0,327731250.0
2001-12-31,'000605,四环药业,16.04,16.32,16.0,16.32,15.9,0.14,0.8805,0.0926,19100,307140.0,1323300000.0,330825000.0
2001-12-28,'000605,四环药业,15.9,16.26,15.74,15.94,16.07,-0.17,-1.0579,0.1023,21104,335366.08,1311750000.0,327937500.0
2001-12-27,'000605,四环药业,16.07,16.26,16.0,16.2,16.25,-0.18,-1.1077,0.3381,69743,1124273.44,1325775000.0,331443750.0
2001-12-26,'000605,四环药业,16.25,16.91,15.19,15.19,15.38,0.87,5.6567,0.293,60432,953131.93,1340625000.0,335156250.0
2001-12-25,'000605,四环药业,15.38,15.45,15.13,15.3,15.38,0.0,0.0,0.1047,21600,330610.0,1268850000.0,317212500.0
2001-12-24,'000605,四环药业,15.38,15.59,15.01,15.01,15.6,-0.22,-1.4103,0.2153,44400,676781.0,1268850000.0,317212500.0
2001-12-21,'000605,四环药业,15.6,15.9,15.21,15.75,15.8,-0.2,-1.2658,0.6802,140287,2161197.89,1287000000.0,321750000.0
2001-12-20,'000605,四环药业,15.8,16.08,15.68,16.0,16.16,-0.36,-2.2277,0.3336,68803,1087727.92,1303500000.0,325875000.0
2001-12-19,'000605,四环药业,16.16,16.46,16.12,16.2,16.21,-0.05,-0.3085,0.1396,28795,467090.5,1333200000.0,333300000.0
2001-12-18,'000605,四环药业,16.21,16.47,16.1,16.22,16.44,-0.23,-1.399,0.1987,40978,665733.8,1337325000.0,334331250.0
2001-12-17,'000605,四环药业,16.44,16.8,16.03,16.1,16.3,0.14,0.8589,0.2114,43600,708947.0,1356300000.0,339075000.0
2001-12-14,'000605,四环药业,16.3,16.47,16.0,16.08,16.24,0.06,0.3695,0.2068,42655,687781.3,1344750000.0,336187500.0
2001-12-13,'000605,四环药业,16.24,16.59,16.01,16.59,16.59,-0.35,-2.1097,0.1112,22930,374426.5,1339800000.0,334950000.0
2001-12-12,'000605,四环药业,16.59,16.8,16.5,16.78,16.82,-0.23,-1.3674,0.2106,43427,722277.5,1368675000.0,342168750.0
2001-12-11,'000605,四环药业,16.82,17.13,16.8,16.92,16.92,-0.1,-0.591,0.0931,19199,323669.19,1387650000.0,346912500.0
2001-12-10,'000605,四环药业,16.92,16.99,16.74,16.9,17.02,-0.1,-0.5875,0.1101,22700,382100.15,1395900000.0,348975000.0
2001-12-07,'000605,四环药业,17.02,17.18,16.85,17.18,17.16,-0.14,-0.8159,0.1639,33800,572785.0,1404150000.0,351037500.0
2001-12-06,'000605,四环药业,17.16,17.2,16.72,16.72,16.93,0.23,1.3585,0.1969,40604,685509.52,1415700000.0,353925000.0
2001-12-05,'000605,四环药业,16.93,17.6,16.9,17.6,17.59,-0.66,-3.7521,0.6919,142700,2452881.74,1396725000.0,349181250.0
2001-12-04,'000605,四环药业,17.59,17.7,17.26,17.4,17.5,0.09,0.5143,0.4959,102275,1780890.0,1451175000.0,362793750.0
2001-12-03,'000605,四环药业,17.5,17.6,17.2,17.28,17.25,0.25,1.4493,0.5084,104855,1821839.9,1443750000.0,360937500.0
2001-11-30,'000605,四环药业,17.25,17.29,17.08,17.25,17.16,0.09,0.5245,0.1715,35365,607668.0,1423125000.0,355781250.0
2001-11-29,'000605,四环药业,17.16,17.24,17.0,17.0,17.19,-0.03,-0.1745,0.2509,51745,884029.47,1415700000.0,353925000.0
2001-11-28,'000605,四环药业,17.19,17.3,16.8,16.83,16.8,0.39,2.3214,0.6898,142264,2440964.36,1418175000.0,354543750.0
2001-11-27,'000605,四环药业,16.8,16.86,16.35,16.43,16.46,0.34,2.0656,0.3862,79660,1313890.22,1386000000.0,346500000.0
2001-11-26,'000605,四环药业,16.46,16.6,16.38,16.6,16.68,-0.22,-1.3189,0.2022,41700,686019.0,1357950000.0,339487500.0
2001-11-23,'000605,四环药业,16.68,16.79,16.5,16.6,16.79,-0.11,-0.6552,0.2015,41550,691051.84,1376100000.0,344025000.0
2001-11-22,'000605,四环药业,16.79,16.8,16.41,16.67,16.67,0.12,0.7199,0.3423,70600,1178399.84,1385175000.0,346293750.0
2001-11-21,'000605,四环药业,16.67,16.85,16.5,16.77,16.38,0.29,1.7705,0.5218,107612,1797433.1,1375275000.0,343818750.0
2001-11-20,'000605,四环药业,0.0,0.0,0.0,0.0,16.38,None,None,0.0,0,0.0,1351350000.0,337837500.0
2001-11-19,'000605,四环药业,16.38,16.38,15.8,15.98,16.01,0.37,2.3111,0.9508,196100,3197615.9,1351350000.0,337837500.0
2001-11-16,'000605,四环药业,16.01,16.84,15.71,16.84,15.6,0.41,2.6282,0.9508,196100,3197615.9,1320825000.0,330206250.0
2001-11-15,'000605,四环药业,15.6,15.69,15.26,15.26,15.45,0.15,0.9709,0.0495,10200,157788.0,1287000000.0,321750000.0
2001-11-14,'000605,四环药业,15.45,15.68,15.4,15.4,15.4,0.05,0.3247,0.0545,11249,174232.05,1274625000.0,318656250.0
2001-11-13,'000605,四环药业,15.4,15.5,15.13,15.31,15.72,-0.32,-2.0356,0.1668,34399,525859.8,1270500000.0,317625000.0
2001-11-12,'000605,四环药业,15.72,15.78,15.53,15.71,15.71,0.01,0.0637,0.2184,45053,705798.09,1296900000.0,324225000.0
2001-11-09,'000605,四环药业,15.71,15.88,15.2,15.65,15.6,0.11,0.7051,0.2102,43354,671921.22,1296075000.0,324018750.0
2001-11-08,'000605,四环药业,15.6,15.7,14.9,15.0,15.25,0.35,2.2951,0.6371,131395,1990653.58,1287000000.0,321750000.0
2001-11-07,'000605,四环药业,15.25,16.21,15.21,16.21,16.45,-1.2,-7.2948,0.6182,127500,2012118.0,1258125000.0,314531250.0
2001-11-06,'000605,四环药业,16.45,16.79,16.08,16.6,16.78,-0.33,-1.9666,0.24,49500,810523.48,1357125000.0,339281250.0
2001-11-05,'000605,四环药业,16.78,16.88,16.58,16.88,16.98,-0.2,-1.1779,0.3307,68200,1141493.16,1384350000.0,346087500.0
2001-11-02,'000605,四环药业,16.98,17.0,16.4,16.4,16.81,0.17,1.0113,0.6473,133513,2249833.8,1400850000.0,350212500.0
2001-11-01,'000605,四环药业,16.81,16.85,16.35,16.65,16.45,0.36,2.1884,0.5419,111770,1872238.73,1386825000.0,346706250.0
2001-10-31,'000605,四环药业,16.45,16.6,16.17,16.6,16.63,-0.18,-1.0824,0.4826,99533,1627465.62,1357125000.0,339281250.0
2001-10-30,'000605,四环药业,16.63,16.95,16.52,16.95,16.86,-0.23,-1.3642,0.3932,81100,1354239.2,1371975000.0,342993750.0
2001-10-29,'000605,四环药业,16.86,16.86,16.0,16.0,16.28,0.58,3.5627,0.7709,159005,2633058.93,1390950000.0,347737500.0
2001-10-26,'000605,四环药业,16.28,16.29,15.85,16.23,16.28,0.0,0.0,0.4487,92544,1488260.0,1343100000.0,335775000.0
2001-10-25,'000605,四环药业,16.28,16.76,15.3,16.0,16.0,0.28,1.75,1.8112,373561,6079214.0,1343100000.0,335775000.0
2001-10-24,'000605,四环药业,16.0,16.32,15.52,15.52,14.86,1.14,7.6716,2.1356,440461,7022839.0,1320000000.0,330000000.0
2001-10-23,'000605,四环药业,14.86,14.86,14.78,14.79,13.51,1.35,9.9926,0.6556,135208,2008040.0,1225950000.0,306487500.0
2001-10-22,'000605,四环药业,13.51,14.3,13.46,14.01,14.37,-0.86,-5.9847,0.5218,107627,1502350.0,1114575000.0,278643750.0
2001-10-19,'000605,四环药业,14.37,15.3,14.34,15.3,15.3,-0.93,-6.0784,0.6838,141038,2074970.0,1185525000.0,296381250.0
2001-10-18,'000605,四环药业,15.3,15.89,15.2,15.89,15.89,-0.59,-3.713,0.1571,32400,503872.0,1262250000.0,315562500.0
2001-10-17,'000605,四环药业,15.89,16.0,15.64,15.64,15.9,-0.01,-0.0629,0.1387,28600,452484.9,1310925000.0,327731250.0
2001-10-16,'000605,四环药业,15.9,16.41,15.73,16.41,16.4,-0.5,-3.0488,0.3956,81598,1305432.0,1311750000.0,327937500.0
2001-10-15,'000605,四环药业,16.4,16.58,16.28,16.43,16.48,-0.08,-0.4854,0.2013,41510,682519.0,1353000000.0,338250000.0
2001-10-12,'000605,四环药业,16.48,16.68,15.65,16.2,16.2,0.28,1.7284,0.6661,137391,2220570.0,1359600000.0,339900000.0
2001-10-11,'000605,四环药业,16.2,16.94,16.11,16.7,16.84,-0.64,-3.8005,0.3672,75743,1240882.0,1336500000.0,334125000.0
2001-10-10,'000605,四环药业,16.84,17.08,16.5,17.08,17.29,-0.45,-2.6027,0.207,42698,716587.0,1389300000.0,347325000.0
2001-10-09,'000605,四环药业,17.29,17.4,16.95,16.95,16.95,0.34,2.0059,0.1507,31080,533033.0,1426425000.0,356606250.0
2001-10-08,'000605,四环药业,16.95,17.15,16.89,17.15,17.07,-0.12,-0.703,0.2395,49390,837744.0,1398375000.0,349593750.0
2001-09-28,'000605,四环药业,17.07,17.29,16.61,16.61,17.04,0.03,0.1761,0.078,16080,273126.0,1408275000.0,352068750.0
2001-09-27,'000605,四环药业,17.04,17.18,16.85,16.9,17.04,0.0,0.0,0.3772,77789,1321983.0,1405800000.0,351450000.0
2001-09-26,'000605,四环药业,17.04,17.18,16.95,17.01,17.03,0.01,0.0587,0.2214,45658,778546.0,1405800000.0,351450000.0
2001-09-25,'000605,四环药业,17.03,17.03,16.81,17.0,16.74,0.29,1.7324,0.1411,29100,493147.0,1404975000.0,351243750.0
2001-09-24,'000605,四环药业,16.74,17.26,16.53,16.81,16.81,-0.07,-0.4164,0.5067,104500,1760277.0,1381050000.0,345262500.0
2001-09-21,'000605,四环药业,16.81,17.39,16.8,17.25,17.3,-0.49,-2.8324,0.641,132200,2239355.0,1386825000.0,346706250.0
2001-09-20,'000605,四环药业,17.43,17.58,17.32,17.4,17.3,0.13,0.7514,0.1547,31902,556097.0,1437975000.0,359493750.0
2001-09-19,'000605,四环药业,17.3,17.38,16.91,17.2,17.19,0.11,0.6399,0.4197,86560,1486566.0,1427250000.0,356812500.0
2001-09-18,'000605,四环药业,17.19,17.2,16.7,16.7,16.78,0.41,2.4434,0.4465,92100,1557041.0,1418175000.0,354543750.0
2001-09-17,'000605,四环药业,16.78,17.69,16.73,17.05,17.3,-0.52,-3.0058,0.5663,116803,1974273.0,1384350000.0,346087500.0
2001-09-14,'000605,四环药业,17.3,18.0,17.2,17.88,17.9,-0.6,-3.352,0.5528,114016,1986815.0,1427250000.0,356812500.0
2001-09-13,'000605,四环药业,17.9,18.44,17.9,18.0,18.27,-0.37,-2.0252,0.4075,84042,1518763.0,1476750000.0,369187500.0
2001-09-12,'000605,四环药业,0.0,0.0,0.0,0.0,18.27,None,None,0.0,0,0.0,1507275000.0,376818750.0
2001-09-11,'000605,四环药业,18.27,18.48,18.12,18.35,18.4,-0.13,-0.7065,0.2856,58901,1081058.0,1507275000.0,376818750.0
2001-09-10,'000605,四环药业,18.4,18.5,17.6,17.78,18.03,0.37,2.0521,0.425,87659,1596553.0,1518000000.0,379500000.0
2001-09-07,'000605,四环药业,18.03,18.6,17.98,18.6,18.88,-0.85,-4.5021,0.7336,151299,2742543.0,1487475000.0,371868750.0
2001-09-06,'000605,四环药业,18.88,19.2,18.75,19.06,19.02,-0.14,-0.7361,0.2187,45100,855602.0,1557600000.0,389400000.0
2001-09-05,'000605,四环药业,19.02,19.28,19.02,19.2,19.05,-0.03,-0.1575,0.2953,60900,1166514.0,1569150000.0,392287500.0
2001-09-04,'000605,四环药业,19.05,19.07,18.68,18.7,18.53,0.52,2.8063,0.6303,130006,2455952.0,1571625000.0,392906250.0
2001-09-03,'000605,四环药业,18.53,18.7,18.36,18.55,18.63,-0.1,-0.5368,0.1903,39250,729085.0,1528725000.0,382181250.0
2001-08-31,'000605,四环药业,18.55,18.89,18.55,18.8,18.63,-0.08,-0.4294,0.191,39400,733901.0,1530375000.0,382593750.0
2001-08-30,'000605,四环药业,18.63,18.9,18.52,18.55,18.52,0.11,0.594,0.148,30528,572453.0,1536975000.0,384243750.0
2001-08-29,'000605,四环药业,18.52,19.18,18.42,18.8,18.7,-0.18,-0.9626,0.4727,97500,1835053.0,1527900000.0,381975000.0
2001-08-28,'000605,四环药业,18.7,18.9,18.0,18.8,18.85,-0.15,-0.7958,0.8671,178831,3289079.0,1542750000.0,385687500.0
2001-08-27,'000605,四环药业,18.85,19.7,18.73,19.7,19.8,-0.95,-4.798,0.5712,117800,2259451.0,1555125000.0,388781250.0
2001-08-24,'000605,四环药业,19.8,20.1,19.2,19.8,19.9,-0.1,-0.5025,0.2866,59101,1159440.0,1633500000.0,408375000.0
2001-08-23,'000605,四环药业,19.9,19.98,19.58,19.7,20.13,-0.23,-1.1426,0.1782,36750,727006.0,1641750000.0,410437500.0
2001-08-22,'000605,四环药业,20.13,20.17,19.58,19.88,20.05,0.08,0.399,0.3029,62478,1235376.0,1660725000.0,415181250.0
2001-08-21,'000605,四环药业,20.05,20.4,20.0,20.05,20.01,0.04,0.1999,0.2497,51500,1041059.0,1654125000.0,413531250.0
2001-08-20,'000605,四环药业,20.01,20.15,19.4,19.63,19.53,0.48,2.4578,0.1683,34714,689340.0,1650825000.0,412706250.0
2001-08-17,'000605,四环药业,19.53,20.2,19.5,20.06,20.13,-0.6,-2.9806,0.9498,195888,3868471.0,1611225000.0,402806250.0
2001-08-16,'000605,四环药业,20.13,20.6,20.0,20.56,20.56,-0.43,-2.0914,0.1988,41000,834186.0,1660725000.0,415181250.0
2001-08-15,'000605,四环药业,20.56,20.95,20.38,20.95,20.55,0.01,0.0487,0.1575,32489,668664.0,1696200000.0,424050000.0
2001-08-14,'000605,四环药业,20.55,20.97,20.4,20.6,20.51,0.04,0.195,0.5209,107430,2223796.0,1695375000.0,423843750.0
2001-08-13,'000605,四环药业,20.51,20.95,20.5,20.95,20.78,-0.27,-1.2993,0.5604,115589,2384538.0,1692075000.0,423018750.0
2001-08-10,'000605,四环药业,20.78,20.8,20.25,20.25,20.14,0.64,3.1778,0.851,175521,3601652.0,1714350000.0,428587500.0
2001-08-09,'000605,四环药业,20.14,20.2,19.72,19.8,19.72,0.42,2.1298,0.3515,72500,1456694.0,1661550000.0,415387500.0
2001-08-08,'000605,四环药业,19.72,19.95,19.5,19.71,19.71,0.01,0.0507,0.4081,84174,1653694.0,1626900000.0,406725000.0
2001-08-07,'000605,四环药业,19.71,19.9,19.4,19.41,19.41,0.3,1.5456,0.4004,82581,1627408.0,1626075000.0,406518750.0
2001-08-06,'000605,四环药业,19.41,20.88,19.28,20.88,20.0,-0.59,-2.95,0.5305,109410,2165963.0,1601325000.0,400331250.0
2001-08-03,'000605,四环药业,20.0,20.2,19.6,19.6,19.94,0.06,0.3009,0.2224,45863,919488.0,1650000000.0,412500000.0
2001-08-02,'000605,四环药业,19.94,20.47,19.5,20.47,20.2,-0.26,-1.2871,0.439,90546,1795671.0,1645050000.0,411262500.0
2001-08-01,'000605,四环药业,20.2,20.2,19.4,19.4,19.39,0.81,4.1774,1.1113,229205,4564228.0,1666500000.0,416625000.0
2001-07-31,'000605,四环药业,19.39,20.28,19.31,19.5,19.9,-0.51,-2.5628,0.7336,151300,2971125.0,1599675000.0,399918750.0
2001-07-30,'000605,四环药业,19.9,21.11,19.65,21.03,21.56,-1.66,-7.6994,1.3159,271402,5469621.0,1641750000.0,410437500.0
2001-07-27,'000605,四环药业,21.56,22.49,21.3,22.03,22.37,-0.81,-3.6209,0.7973,164442,3557123.0,1778700000.0,444675000.0
2001-07-26,'000605,四环药业,22.37,22.71,21.98,22.71,22.71,-0.34,-1.4971,0.5701,117591,2616271.0,1845525000.0,461381250.0
2001-07-25,'000605,四环药业,22.71,23.0,22.45,22.8,22.7,0.01,0.0441,0.0945,19500,443038.0,1873575000.0,468393750.0
2001-07-24,'000605,四环药业,22.7,22.94,22.51,22.8,22.7,0.0,0.0,0.5237,108018,2446831.0,1872750000.0,468187500.0
2001-07-23,'000605,四环药业,22.7,23.4,22.68,23.4,23.05,-0.35,-1.5184,0.519,107050,2447596.0,1872750000.0,468187500.0
2001-07-20,'000605,四环药业,23.05,23.28,22.71,22.8,22.62,0.43,1.901,0.5034,103819,2389568.0,1901625000.0,475406250.0
2001-07-19,'000605,四环药业,22.62,22.76,22.51,22.71,22.89,-0.27,-1.1796,0.3663,75558,1710144.0,1866150000.0,466537500.0
2001-07-18,'000605,四环药业,22.89,23.18,22.68,23.0,23.15,-0.26,-1.1231,0.4379,90312,2062901.0,1888425000.0,472106250.0
2001-07-17,'000605,四环药业,23.15,23.49,22.69,23.0,23.25,-0.1,-0.4301,0.5682,117200,2684236.0,1909875000.0,477468750.0
2001-07-16,'000605,四环药业,23.25,24.28,23.01,24.28,23.57,-0.32,-1.3577,0.341,70324,1644589.0,1918125000.0,479531250.0
2001-07-13,'000605,四环药业,23.57,23.84,23.4,23.57,23.63,-0.06,-0.2539,0.2045,42180,998182.0,1944525000.0,486131250.0
2001-07-12,'000605,四环药业,23.63,23.85,23.3,23.3,23.83,-0.2,-0.8393,0.318,65589,1538338.7,1949475000.0,487368750.0
2001-07-11,'000605,四环药业,23.83,24.3,23.8,23.9,23.87,-0.04,-0.1676,0.5065,104461,2504697.9,1965975000.0,491493750.0
2001-07-10,'000605,中联建设,23.87,23.89,22.8,22.8,22.89,0.98,4.2813,0.9523,196408,4643248.37,1969275000.0,492318750.0
2001-07-09,'000605,中联建设,22.89,23.85,22.7,23.8,23.74,-0.85,-3.5805,1.5007,309510,7139565.7,1888425000.0,472106250.0
2001-07-06,'000605,中联建设,23.74,23.98,23.69,23.98,23.8,-0.06,-0.2521,0.3355,69200,1646425.93,1958550000.0,489637500.0
2001-07-05,'000605,中联建设,23.8,23.98,23.7,23.9,23.83,-0.03,-0.1259,0.6719,138582,3300728.7,1963500000.0,490875000.0
2001-07-04,'000605,中联建设,23.83,24.49,23.77,24.1,24.06,-0.23,-0.9559,0.7572,156172,3744357.12,1965975000.0,491493750.0
2001-07-03,'000605,中联建设,24.06,24.1,23.85,23.98,23.98,0.08,0.3336,0.5552,114500,2744869.91,1984950000.0,496237500.0
2001-07-02,'000605,中联建设,23.98,24.2,23.65,24.0,24.03,-0.05,-0.2081,0.9551,196991,4716355.01,1978350000.0,494587500.0
2001-06-29,'000605,中联建设,24.03,24.77,23.61,24.3,24.55,-0.52,-2.1181,2.5883,533833,12831228.03,1982475000.0,495618750.0
2001-06-28,'000605,中联建设,24.55,25.36,24.41,25.0,25.2,-0.65,-2.5794,1.8142,374173,9273561.74,2025375000.0,506343750.0
2001-06-27,'000605,中联建设,25.2,25.7,25.15,25.42,25.46,-0.26,-1.0212,0.5465,112710,2843178.4,2079000000.0,519750000.0
2001-06-26,'000605,中联建设,25.46,25.7,25.1,25.55,25.41,0.05,0.1968,0.7734,159521,4029907.3,2100450000.0,525112500.0
2001-06-25,'000605,中联建设,25.41,25.84,25.14,25.58,25.85,-0.44,-1.7021,1.4261,294126,7455330.64,2096325000.0,524081250.0
2001-06-22,'000605,中联建设,25.85,26.39,25.78,26.39,25.86,-0.01,-0.0387,0.7149,147450,3823924.7,2132625000.0,533156250.0
2001-06-21,'000605,中联建设,0.0,0.0,0.0,0.0,25.86,None,None,0.0,0,0.0,2133450000.0,533362500.0
2001-06-20,'000605,中联建设,25.86,26.0,25.47,25.47,25.46,0.4,1.5711,1.1098,228905,5899032.42,2133450000.0,533362500.0
2001-06-19,'000605,中联建设,25.46,25.62,24.99,24.99,25.26,0.2,0.7918,0.6331,130575,3286796.35,2100450000.0,525112500.0
2001-06-18,'000605,中联建设,25.26,25.98,25.08,25.98,25.77,-0.51,-1.979,1.0134,209020,5296029.8,2083950000.0,520987500.0
2001-06-15,'000605,中联建设,25.77,25.79,25.18,25.79,25.88,-0.11,-0.425,1.0297,212376,5398189.38,2126025000.0,531506250.0
2001-06-14,'000605,中联建设,25.88,26.4,25.25,25.3,25.3,0.58,2.2925,1.7631,363648,9423307.94,2135100000.0,533775000.0
2001-06-13,'000605,中联建设,25.3,25.48,25.0,25.06,25.0,0.3,1.2,1.0668,220036,5551834.3,2087250000.0,521812500.0
2001-06-12,'000605,中联建设,25.0,25.5,24.9,25.5,25.14,-0.14,-0.5569,1.4717,303536,7627032.3,2062500000.0,515625000.0
2001-06-11,'000605,中联建设,0.0,0.0,0.0,0.0,25.14,None,None,0.0,0,0.0,2074050000.0,518512500.0
2001-06-08,'000605,中联建设,25.14,25.8,25.0,25.21,25.56,-0.42,-1.6432,1.8171,374776,9445370.05,2074050000.0,518512500.0
2001-06-07,'000605,中联建设,25.56,26.2,25.5,26.18,26.2,-0.64,-2.4427,0.976,201300,5180866.0,2108700000.0,527175000.0
2001-06-06,'000605,中联建设,26.2,26.7,25.0,25.57,25.57,0.63,2.4638,1.7134,353392,9161042.56,2161500000.0,540375000.0
2001-06-05,'000605,中联建设,25.57,25.98,25.51,25.9,25.79,-0.22,-0.853,1.3668,281897,7234747.7,2109525000.0,527381250.0
2001-06-04,'000605,中联建设,25.79,26.65,25.5,26.2,26.41,-0.62,-2.3476,2.1985,453441,11774649.8,2127675000.0,531918750.0
2001-06-01,'000605,中联建设,26.41,26.95,26.35,26.75,26.75,-0.34,-1.271,1.07,220688,5849971.9,2178825000.0,544706250.0
2001-05-31,'000605,中联建设,26.75,26.99,25.8,25.81,25.69,1.06,4.1261,2.2916,472637,12590897.48,2206875000.0,551718750.0
2001-05-30,'000605,中联建设,25.69,26.2,25.3,25.31,25.57,0.12,0.4693,1.7595,362902,9338336.05,2119425000.0,529856250.0
2001-05-29,'000605,中联建设,25.57,26.55,25.49,26.55,26.72,-1.15,-4.3039,2.9646,611450,15811802.31,2109525000.0,527381250.0
2001-05-28,'000605,中联建设,26.72,27.05,26.1,27.0,26.7,0.02,0.0749,2.2986,474088,12630752.83,2204400000.0,551100000.0
2001-05-25,'000605,中联建设,26.7,26.8,25.62,26.19,26.2,0.5,1.9084,2.9783,614275,16140185.45,2202750000.0,550687500.0
2001-05-24,'000605,中联建设,26.2,27.38,26.0,26.01,26.07,0.13,0.4987,6.9892,1441525,38355297.65,2161500000.0,540375000.0
2001-05-23,'000605,中联建设,26.07,26.15,24.4,24.4,24.27,1.8,7.4166,5.7346,1182760,30009144.37,2150775000.0,537693750.0
2001-05-22,'000605,中联建设,24.27,25.36,24.02,24.77,24.52,-0.25,-1.0196,1.7758,366268,9082609.68,2002275000.0,500568750.0
2001-05-21,'000605,中联建设,24.52,24.98,23.5,23.51,23.36,1.16,4.9658,5.323,1097872,26924216.0,2022900000.0,505725000.0
2001-05-18,'000605,中联建设,23.36,23.45,22.3,22.35,22.35,1.01,4.519,2.8778,593545,13725793.49,1927200000.0,481800000.0
2001-05-17,'000605,中联建设,22.35,23.16,22.3,22.81,22.88,-0.53,-2.3164,1.8505,381669,8651592.6,1843875000.0,460968750.0
2001-05-16,'000605,中联建设,22.88,23.3,22.7,23.2,23.17,-0.29,-1.2516,1.0604,218709,5011045.89,1887600000.0,471900000.0
2001-05-15,'000605,中联建设,23.17,23.26,22.4,22.9,22.8,0.37,1.6228,1.3358,275516,6299087.84,1911525000.0,477881250.0
2001-05-14,'000605,中联建设,22.8,23.24,22.63,23.0,22.63,0.17,0.7512,1.5109,311624,7129711.0,1881000000.0,470250000.0
2001-05-11,'000605,中联建设,0.0,0.0,0.0,0.0,22.63,None,None,0.0,0,0.0,1866975000.0,466743750.0
2001-05-10,'000605,中联建设,22.63,22.78,22.01,22.1,22.16,0.47,2.1209,1.5418,317990,7163470.75,1866975000.0,466743750.0
2001-05-09,'000605,中联建设,22.16,22.43,21.51,22.29,22.23,-0.07,-0.3149,0.9436,194621,4294742.59,1828200000.0,457050000.0
2001-05-08,'000605,中联建设,22.23,22.24,21.54,21.54,21.54,0.69,3.2033,1.0196,210290,4600943.57,1833975000.0,458493750.0
2001-04-30,'000605,中联建设,21.54,21.78,21.32,21.73,21.59,-0.05,-0.2316,1.2301,253716,5454976.0,1777050000.0,444262500.0
2001-04-27,'000605,中联建设,21.59,21.7,21.2,21.38,21.4,0.19,0.8879,1.2827,264566,5680869.81,1781175000.0,445293750.0
2001-04-26,'000605,中联建设,21.4,22.1,21.3,21.8,22.02,-0.62,-2.8156,2.5436,524608,11319896.24,1765500000.0,441375000.0
2001-04-25,'000605,中联建设,22.02,23.38,21.7,22.99,22.64,-0.62,-2.7385,8.8363,1822489,41574437.89,1816650000.0,454162500.0
2001-04-24,'000605,中联建设,22.64,22.64,20.96,21.1,20.58,2.06,10.0097,4.623,953500,21483941.52,1867800000.0,466950000.0
2001-04-23,'000605,中联建设,20.58,20.98,20.31,20.7,20.81,-0.23,-1.1052,1.0321,212877,4402813.0,1697850000.0,424462500.0
2001-04-20,'000605,中联建设,20.81,21.3,20.6,21.25,21.04,-0.23,-1.0932,1.3345,275235,5741323.83,1716825000.0,429206250.0
2001-04-19,'000605,中联建设,21.04,21.3,20.65,20.7,20.45,0.59,2.8851,3.2996,680548,14309893.98,1735800000.0,433950000.0
2001-04-18,'000605,中联建设,20.45,20.8,19.95,20.06,20.06,0.39,1.9442,2.1241,438089,9014869.36,1687125000.0,421781250.0
2001-04-17,'000605,中联建设,20.06,20.28,19.97,20.0,20.0,0.06,0.3,1.0832,223416,4496498.38,1654950000.0,413737500.0
2001-04-16,'000605,中联建设,20.0,20.0,19.7,19.82,19.79,0.21,1.0611,1.3676,282070,5592947.15,1650000000.0,412500000.0
2001-04-13,'000605,中联建设,19.79,19.95,19.6,19.88,19.73,0.06,0.3041,0.7246,149455,2955221.79,1632675000.0,408168750.0
2001-04-12,'000605,中联建设,19.73,19.95,19.6,19.82,19.82,-0.09,-0.4541,0.8734,180138,3564118.81,1627725000.0,406931250.0
2001-04-11,'000605,中联建设,19.82,20.2,19.6,20.19,20.19,-0.37,-1.8326,1.7039,351422,6952652.44,1635150000.0,408787500.0
2001-04-10,'000605,中联建设,20.19,20.38,20.0,20.0,19.97,0.22,1.1017,0.6261,129136,2604256.11,1665675000.0,416418750.0
2001-04-09,'000605,中联建设,19.97,20.1,19.84,20.0,20.1,-0.13,-0.6468,0.8271,170592,3404246.05,1647525000.0,411881250.0
2001-04-06,'000605,中联建设,20.1,20.5,19.98,20.5,20.32,-0.22,-1.0827,1.2672,261370,5264434.42,1658250000.0,414562500.0
2001-04-05,'000605,中联建设,20.32,20.48,19.9,20.05,19.77,0.55,2.782,1.1375,234607,4750192.13,1676400000.0,419100000.0
2001-04-04,'000605,中联建设,19.77,20.2,19.7,19.8,19.84,-0.07,-0.3528,1.3189,272024,5434870.91,1631025000.0,407756250.0
2001-04-03,'000605,中联建设,19.84,19.95,19.41,19.9,19.9,-0.06,-0.3015,1.1278,232608,4575042.9,1636800000.0,409200000.0
2001-04-02,'000605,中联建设,19.9,19.98,19.5,19.6,19.48,0.42,2.1561,1.4042,289622,5743337.77,1641750000.0,410437500.0
2001-03-30,'000605,中联建设,19.48,19.5,19.14,19.19,19.16,0.32,1.6701,0.7,144384,2794816.46,1607100000.0,401775000.0
2001-03-29,'000605,中联建设,19.16,19.5,19.1,19.5,19.3,-0.14,-0.7254,0.8672,178864,3434240.68,1580700000.0,395175000.0
2001-03-28,'000605,中联建设,19.3,19.3,18.9,19.19,19.19,0.11,0.5732,0.6055,124885,2383004.06,1592250000.0,398062500.0
2001-03-27,'000605,中联建设,19.19,19.5,19.0,19.5,19.18,0.01,0.0521,0.6167,127201,2434142.0,1583175000.0,395793750.0
2001-03-26,'000605,中联建设,19.18,19.2,18.87,19.0,18.87,0.31,1.6428,0.8715,179742,3417693.35,1582350000.0,395587500.0
2001-03-23,'000605,中联建设,18.87,19.8,18.8,19.7,19.49,-0.62,-3.1811,1.5752,324880,6209129.25,1556775000.0,389193750.0
2001-03-22,'000605,中联建设,19.49,19.8,19.36,19.36,19.33,0.16,0.8277,0.6464,133330,2606334.2,1607925000.0,401981250.0
2001-03-21,'000605,中联建设,19.33,19.65,19.25,19.65,19.56,-0.23,-1.1759,0.6695,138075,2676414.78,1594725000.0,398681250.0
2001-03-20,'000605,中联建设,19.56,19.68,18.91,19.1,18.86,0.7,3.7116,2.0917,431421,8370170.1,1613700000.0,403425000.0
2001-03-19,'000605,中联建设,18.86,18.9,18.5,18.85,18.78,0.08,0.426,0.4494,92695,1732912.0,1555950000.0,388987500.0
2001-03-16,'000605,中联建设,18.78,19.0,18.65,18.7,18.88,-0.1,-0.5297,0.2594,53500,1004395.0,1549350000.0,387337500.0
2001-03-15,'000605,中联建设,18.88,19.02,18.5,18.5,18.5,0.38,2.0541,0.8148,168046,3170873.44,1557600000.0,389400000.0
2001-03-14,'000605,中联建设,18.5,18.6,18.4,18.4,18.42,0.08,0.4343,0.4456,91900,1702819.2,1526250000.0,381562500.0
2001-03-13,'000605,中联建设,18.42,18.65,18.3,18.58,18.63,-0.21,-1.1272,0.4664,96200,1773506.96,1519650000.0,379912500.0
2001-03-12,'000605,中联建设,18.63,18.89,18.49,18.6,18.9,-0.27,-1.4286,0.5321,109749,2042021.81,1536975000.0,384243750.0
2001-03-09,'000605,中联建设,18.9,19.09,18.85,18.95,18.92,-0.02,-0.1057,0.7007,144524,2739768.92,1559250000.0,389812500.0
2001-03-08,'000605,中联建设,18.92,19.0,18.64,18.7,18.84,0.08,0.4246,0.6171,127278,2397984.56,1560900000.0,390225000.0
2001-03-07,'000605,中联建设,18.84,19.17,18.6,18.65,18.61,0.23,1.2359,1.2333,254376,4823836.64,1554300000.0,388575000.0
2001-03-06,'000605,中联建设,18.61,18.85,18.4,18.85,18.83,-0.22,-1.1683,0.6541,134905,2504227.5,1535325000.0,383831250.0
2001-03-05,'000605,中联建设,18.83,19.03,18.54,19.01,18.8,0.03,0.1596,0.8242,169993,3189449.57,1553475000.0,388368750.0
2001-03-02,'000605,中联建设,18.8,18.96,18.52,18.55,18.6,0.2,1.0753,1.4002,288793,5422228.95,1551000000.0,387750000.0
2001-03-01,'000605,中联建设,18.6,18.68,18.24,18.3,18.19,0.41,2.254,0.8329,171795,3184479.55,1534500000.0,383625000.0
2001-02-28,'000605,中联建设,18.19,18.5,18.0,18.45,18.41,-0.22,-1.195,0.4633,95564,1728827.56,1500675000.0,375168750.0
2001-02-27,'000605,中联建设,18.41,18.6,18.2,18.48,18.49,-0.08,-0.4327,0.5091,105002,1929455.6,1518825000.0,379706250.0
2001-02-26,'000605,中联建设,18.49,18.58,17.39,17.39,17.37,1.12,6.4479,0.8799,181472,3321159.65,1525425000.0,381356250.0
2001-02-23,'000605,中联建设,17.37,17.5,17.2,17.28,17.42,-0.05,-0.287,0.2494,51437,893534.4,1433025000.0,358256250.0
2001-02-22,'000605,中联建设,17.42,17.89,17.2,17.5,17.73,-0.31,-1.7484,0.4141,85401,1503380.77,1437150000.0,359287500.0
2001-02-21,'000605,中联建设,17.73,18.3,17.6,18.25,18.38,-0.65,-3.5365,0.599,123553,2202896.1,1462725000.0,365681250.0
2001-02-20,'000605,中联建设,18.38,18.58,18.18,18.18,18.36,0.02,0.1089,0.4849,100019,1834851.94,1516350000.0,379087500.0
2001-02-19,'000605,中联建设,18.36,18.65,17.96,18.37,18.36,0.0,0.0,0.8548,176310,3224915.01,1514700000.0,378675000.0
2001-02-16,'000605,中联建设,18.36,19.0,18.18,19.0,18.0,0.36,2.0,2.855,588849,10972261.12,1514700000.0,378675000.0
2001-02-15,'000605,中联建设,18.0,18.3,17.73,17.81,17.81,0.19,1.0668,0.7632,157401,2833487.36,1485000000.0,371250000.0
2001-02-14,'000605,中联建设,17.81,18.05,17.73,18.03,18.06,-0.25,-1.3843,0.7139,147250,2642518.35,1469325000.0,367331250.0
2001-02-13,'000605,中联建设,18.06,18.11,17.12,17.27,17.16,0.9,5.2448,1.6585,342073,6023196.49,1489950000.0,372487500.0
2001-02-12,'000605,中联建设,17.16,17.2,16.55,16.55,16.49,0.67,4.0631,0.9289,191594,3255656.23,1415700000.0,353925000.0
2001-02-09,'000605,中联建设,16.49,16.5,15.98,15.98,16.1,0.39,2.4224,0.6582,135747,2215984.83,1360425000.0,340106250.0
2001-02-08,'000605,中联建设,16.1,17.3,15.81,17.1,17.22,-1.12,-6.5041,0.5906,121804,2011137.95,1328250000.0,332062500.0
2001-02-07,'000605,中联建设,17.22,17.77,17.2,17.6,17.78,-0.56,-3.1496,0.2506,51684,901406.64,1420650000.0,355162500.0
2001-02-06,'000605,中联建设,17.78,18.01,17.36,17.85,17.9,-0.12,-0.6704,0.5008,103300,1827329.0,1466850000.0,366712500.0
2001-02-05,'000605,中联建设,17.9,18.49,17.77,17.77,17.56,0.34,1.9362,0.7582,156375,2807387.3,1476750000.0,369187500.0
2001-01-19,'000605,中联建设,17.56,17.66,17.35,17.5,17.45,0.11,0.6304,0.4841,99838,1747118.7,1448700000.0,362175000.0
2001-01-18,'000605,中联建设,17.45,17.56,17.29,17.29,17.35,0.1,0.5764,0.2611,53850,938584.85,1439625000.0,359906250.0
2001-01-17,'000605,中联建设,17.35,17.68,17.3,17.68,17.67,-0.32,-1.811,0.4602,94910,1651933.0,1431375000.0,357843750.0
2001-01-16,'000605,中联建设,17.67,17.8,17.3,17.5,17.63,0.04,0.2269,0.5121,105624,1846838.82,1457775000.0,364443750.0
2001-01-15,'000605,中联建设,17.63,18.3,17.61,18.3,18.32,-0.69,-3.7664,0.5925,122200,2184938.0,1454475000.0,363618750.0
2001-01-12,'000605,中联建设,18.32,18.6,18.32,18.41,18.54,-0.22,-1.1866,0.5296,109227,2020671.37,1511400000.0,377850000.0
2001-01-11,'000605,中联建设,18.54,18.6,18.06,18.11,18.25,0.29,1.589,0.9173,189188,3453393.42,1529550000.0,382387500.0
2001-01-10,'000605,中联建设,18.25,18.27,18.02,18.02,18.16,0.09,0.4956,0.5726,118105,2147812.78,1505625000.0,376406250.0
2001-01-09,'000605,中联建设,18.16,18.3,18.0,18.22,18.22,-0.06,-0.3293,0.4456,91900,1662708.4,1498200000.0,374550000.0
2001-01-08,'000605,中联建设,18.22,18.3,17.91,18.3,18.3,-0.08,-0.4372,1.6407,338400,6095199.0,1503150000.0,375787500.0
2001-01-05,'000605,中联建设,18.3,18.74,18.0,18.65,18.66,-0.36,-1.9293,1.068,220267,4037446.69,1509750000.0,377437500.0
2001-01-04,'000605,中联建设,18.66,19.06,18.6,19.06,19.0,-0.34,-1.7895,0.6246,128820,2413965.42,1539450000.0,384862500.0
2001-01-03,'000605,中联建设,19.0,19.2,18.32,18.49,18.49,0.51,2.7582,1.2865,265338,5013294.96,1567500000.0,391875000.0
2001-01-02,'000605,中联建设,18.49,18.8,17.91,18.1,18.05,0.44,2.4377,0.8669,178801,3305648.55,1525425000.0,381356250.0
2000-12-29,'000605,中联建设,18.05,18.05,17.65,17.85,17.83,0.22,1.2339,0.9813,202389,3597358.73,1489125000.0,372281250.0
2000-12-28,'000605,中联建设,17.83,18.09,17.83,18.0,18.07,-0.24,-1.3282,0.4822,99444,1780779.74,1470975000.0,367743750.0
2000-12-27,'000605,中联建设,18.07,18.3,17.62,18.03,18.2,-0.13,-0.7143,1.77,365063,6527990.58,1490775000.0,372693750.0
2000-12-26,'000605,中联建设,18.2,18.8,18.16,18.48,18.5,-0.3,-1.6216,1.196,246678,4522550.44,1501500000.0,375375000.0
2000-12-25,'000605,中联建设,18.5,19.08,18.4,19.08,19.08,-0.58,-3.0398,1.1322,233514,4335115.96,1526250000.0,381562500.0
2000-12-22,'000605,中联建设,19.08,19.25,18.62,19.25,19.23,-0.15,-0.78,0.76,156748,2981135.74,1574100000.0,393525000.0
2000-12-21,'000605,中联建设,19.23,19.54,17.5,17.5,19.16,0.07,0.3653,1.3285,273994,5247832.16,1586475000.0,396618750.0
2000-12-20,'000605,中联建设,19.16,19.19,18.71,19.0,18.97,0.19,1.0016,0.6472,133481,2528683.69,1580700000.0,395175000.0
2000-12-19,'000605,中联建设,18.97,19.2,18.78,18.78,18.78,0.19,1.0117,0.625,128900,2438774.85,1565025000.0,391256250.0
2000-12-18,'000605,中联建设,18.78,18.9,18.23,18.49,18.67,0.11,0.5892,0.5193,107110,1992055.8,1549350000.0,387337500.0
2000-12-15,'000605,中联建设,18.67,19.0,18.23,19.0,18.94,-0.27,-1.4256,0.4184,86300,1615075.02,1540275000.0,385068750.0
2000-12-14,'000605,中联建设,18.94,19.0,18.83,18.95,18.95,-0.01,-0.0528,0.3797,78309,1481841.8,1562550000.0,390637500.0
2000-12-13,'000605,中联建设,18.95,19.29,18.72,18.78,18.78,0.17,0.9052,0.7294,150440,2849802.1,1563375000.0,390843750.0
2000-12-12,'000605,中联建设,18.78,18.9,18.48,18.79,18.82,-0.04,-0.2125,0.8914,183847,3432268.91,1549350000.0,387337500.0
2000-12-11,'000605,中联建设,18.82,19.02,18.51,19.0,19.34,-0.52,-2.6887,1.4335,295661,5533419.09,1552650000.0,388162500.0
2000-12-08,'000605,中联建设,19.34,19.9,19.02,19.69,19.56,-0.22,-1.1247,1.393,287313,5556704.66,1595550000.0,398887500.0
2000-12-07,'000605,中联建设,19.56,19.9,19.31,19.55,19.6,-0.04,-0.2041,0.5959,122898,2401911.12,1613700000.0,403425000.0
2000-12-06,'000605,中联建设,19.6,20.0,19.42,19.97,19.97,-0.37,-1.8528,1.2508,257984,5057247.54,1617000000.0,404250000.0
2000-12-05,'000605,中联建设,19.97,20.65,19.6,20.6,20.65,-0.68,-3.293,1.4901,307340,6174065.5,1647525000.0,411881250.0
2000-12-04,'000605,中联建设,0.0,0.0,0.0,0.0,20.65,None,None,0.0,0,0.0,1703625000.0,425906250.0
2000-12-01,'000605,中联建设,20.65,20.98,20.37,20.91,20.89,-0.24,-1.1489,1.2136,250315,5188597.0,1703625000.0,425906250.0
2000-11-30,'000605,中联建设,20.89,20.99,19.7,19.8,19.8,1.09,5.5051,1.3129,270795,5464504.42,1723425000.0,430856250.0
2000-11-29,'000605,中联建设,19.8,19.98,19.5,19.67,19.75,0.05,0.2532,0.5318,109690,2168718.47,1633500000.0,408375000.0
2000-11-28,'000605,中联建设,19.75,19.76,19.31,19.31,19.36,0.39,2.0145,0.8331,171827,3367223.5,1629375000.0,407343750.0
2000-11-27,'000605,中联建设,19.36,19.78,19.03,19.4,19.6,-0.24,-1.2245,1.2584,259555,5039834.25,1597200000.0,399300000.0
2000-11-24,'000605,中联建设,19.6,20.8,19.55,20.8,20.42,-0.82,-4.0157,1.3567,279819,5623467.26,1617000000.0,404250000.0
2000-11-23,'000605,中联建设,20.42,20.89,20.22,20.47,20.23,0.19,0.9392,1.5163,312744,6403572.02,1684650000.0,421162500.0
2000-11-22,'000605,中联建设,20.23,20.7,20.1,20.51,20.51,-0.28,-1.3652,1.8645,384547,7797873.0,1668975000.0,417243750.0
2000-11-21,'000605,中联建设,20.51,20.99,20.45,20.77,20.77,-0.26,-1.2518,1.6026,330538,6847100.59,1692075000.0,423018750.0
2000-11-20,'000605,中联建设,20.77,20.97,19.98,20.55,20.63,0.14,0.6786,3.2966,679921,13842287.55,1713525000.0,428381250.0
2000-11-17,'000605,中联建设,20.63,21.3,20.0,20.99,21.33,-0.7,-3.2818,6.605,1362279,27952443.35,1701975000.0,425493750.0
2000-11-16,'000605,中联建设,21.33,21.33,19.39,19.39,19.39,1.94,10.0052,7.1738,1479605,30743755.43,1759725000.0,439931250.0
2000-11-15,'000605,中联建设,19.39,19.8,19.13,19.13,18.94,0.45,2.3759,3.0513,629333,12258974.44,1599675000.0,399918750.0
2000-11-14,'000605,中联建设,18.94,18.99,18.44,18.5,18.47,0.47,2.5447,1.1793,243234,4556338.15,1562550000.0,390637500.0
2000-11-13,'000605,中联建设,18.47,18.61,18.31,18.6,18.59,-0.12,-0.6455,1.1535,237906,4395105.72,1523775000.0,380943750.0
2000-11-10,'000605,中联建设,18.59,18.85,18.45,18.7,18.85,-0.26,-1.3793,1.2194,251509,4678301.17,1533675000.0,383418750.0
2000-11-09,'000605,中联建设,18.85,18.95,18.6,18.64,18.74,0.11,0.587,0.8222,169589,3181851.95,1555125000.0,388781250.0
2000-11-08,'000605,中联建设,18.74,19.24,18.71,19.24,19.26,-0.52,-2.6999,1.1291,232868,4395310.6,1546050000.0,386512500.0
2000-11-07,'000605,中联建设,19.26,19.48,19.0,19.48,19.25,0.01,0.0519,1.2712,262183,5036014.8,1588950000.0,397237500.0
2000-11-06,'000605,中联建设,19.25,19.5,18.47,18.52,18.5,0.75,4.0541,2.281,470464,8924408.3,1588125000.0,397031250.0
2000-11-03,'000605,中联建设,18.5,18.63,18.35,18.49,18.4,0.1,0.5435,0.55,113440,2098586.4,1526250000.0,381562500.0
2000-11-02,'000605,中联建设,18.4,18.59,18.2,18.28,18.18,0.22,1.2101,0.6696,138100,2551426.76,1518000000.0,379500000.0
2000-11-01,'000605,中联建设,18.18,18.19,18.0,18.05,18.0,0.18,1.0,0.4288,88450,1598496.0,1499850000.0,374962500.0
2000-10-31,'000605,中联建设,18.0,18.18,17.9,17.9,18.06,-0.06,-0.3322,0.4827,99556,1791777.96,1485000000.0,371250000.0
2000-10-30,'000605,中联建设,18.06,18.3,17.94,18.06,18.18,-0.12,-0.6601,0.4592,94700,1709427.0,1489950000.0,372487500.0
2000-10-27,'000605,中联建设,18.18,18.36,18.14,18.33,18.26,-0.08,-0.4381,0.4509,92988,1697155.2,1499850000.0,374962500.0
2000-10-26,'000605,中联建设,18.26,18.6,18.22,18.6,18.57,-0.31,-1.6694,0.616,127058,2332389.73,1506450000.0,376612500.0
2000-10-25,'000605,中联建设,18.57,18.75,18.25,18.35,18.33,0.24,1.3093,0.7952,164020,3031648.1,1532025000.0,383006250.0
2000-10-24,'000605,中联建设,18.33,18.56,18.2,18.22,18.42,-0.09,-0.4886,0.4567,94188,1733764.37,1512225000.0,378056250.0
2000-10-23,'000605,中联建设,18.42,18.8,18.1,18.17,18.17,0.25,1.3759,1.0171,209772,3876632.21,1519650000.0,379912500.0
2000-10-20,'000605,中联建设,18.17,18.21,17.63,17.7,17.8,0.37,2.0787,0.8397,173180,3100935.6,1499025000.0,374756250.0
2000-10-19,'000605,中联建设,17.8,18.1,17.7,18.1,17.95,-0.15,-0.8357,0.3696,76225,1359296.0,1468500000.0,367125000.0
2000-10-18,'000605,中联建设,17.95,18.0,17.8,18.0,17.8,0.15,0.8427,0.2782,57380,1027170.8,1480875000.0,370218750.0
2000-10-17,'000605,中联建设,17.8,17.99,17.61,17.75,17.74,0.06,0.3382,0.3976,81996,1460577.0,1468500000.0,367125000.0
2000-10-16,'000605,中联建设,17.74,18.15,17.73,18.1,18.17,-0.43,-2.3665,0.8587,177100,3169668.3,1463550000.0,365887500.0
2000-10-13,'000605,中联建设,18.17,18.8,18.0,18.75,18.69,-0.52,-2.7822,1.3815,284937,5216338.2,1499025000.0,374756250.0
2000-10-12,'000605,中联建设,18.69,18.98,18.66,18.82,18.89,-0.2,-1.0588,0.9918,204565,3837603.7,1541925000.0,385481250.0
2000-10-11,'000605,中联建设,18.89,19.0,18.16,18.6,18.44,0.45,2.4403,2.3097,476369,8818452.0,1558425000.0,389606250.0
2000-10-10,'000605,中联建设,18.44,18.71,18.36,18.56,18.55,-0.11,-0.593,1.5343,316442,5866249.03,1521300000.0,380325000.0
2000-10-09,'000605,中联建设,18.55,18.6,18.1,18.1,18.0,0.55,3.0556,3.0081,620416,11374405.2,1530375000.0,382593750.0
2000-09-29,'000605,中联建设,18.0,18.89,17.98,18.0,18.36,-0.36,-1.9608,3.702,763547,14072675.08,1485000000.0,371250000.0
2000-09-28,'000605,中联建设,18.36,18.36,17.2,17.68,16.69,1.67,10.006,5.0897,1049753,19087657.2,1514700000.0,378675000.0
2000-09-27,'000605,中联建设,16.69,16.92,16.48,16.7,16.7,-0.01,-0.0599,0.853,175925,2928558.0,1376925000.0,344231250.0
2000-09-26,'000605,中联建设,16.7,16.85,16.2,16.47,16.3,0.4,2.454,1.8079,372885,6224250.49,1377750000.0,344437500.0
2000-09-25,'000605,中联建设,16.3,16.45,16.14,16.2,16.2,0.1,0.6173,0.4617,95220,1552685.94,1344750000.0,336187500.0
2000-09-22,'000605,中联建设,16.2,16.58,16.02,16.58,16.24,-0.04,-0.2463,0.7295,150458,2434044.64,1336500000.0,334125000.0
2000-09-21,'000605,中联建设,16.24,16.28,16.0,16.0,16.2,0.04,0.2469,0.5314,109591,1769020.1,1339800000.0,334950000.0
2000-09-20,'000605,中联建设,16.2,16.28,15.65,15.8,15.85,0.35,2.2082,2.1922,452150,7224634.24,1336500000.0,334125000.0
2000-09-19,'000605,中联建设,15.85,16.14,15.66,16.05,16.18,-0.33,-2.0396,1.2461,257000,4115797.6,1307625000.0,326906250.0
2000-09-18,'000605,中联建设,16.18,16.28,15.98,16.1,16.18,0.0,0.0,0.5344,110210,1767181.0,1334850000.0,333712500.0
2000-09-15,'000605,中联建设,16.18,16.22,15.91,16.05,16.04,0.14,0.8728,0.5199,107221,1719106.4,1334850000.0,333712500.0
2000-09-14,'000605,中联建设,16.04,16.5,16.0,16.5,16.27,-0.23,-1.4136,1.1317,233412,3757541.0,1323300000.0,330825000.0
2000-09-13,'000605,中联建设,16.27,16.7,16.15,16.15,16.24,0.03,0.1847,1.4997,309311,5099505.95,1342275000.0,335568750.0
2000-09-12,'000605,中联建设,16.24,16.25,15.98,16.0,16.13,0.11,0.682,2.2969,473737,7628279.0,1339800000.0,334950000.0
2000-09-11,'000605,中联建设,16.13,16.5,15.7,16.07,16.3,-0.17,-1.0429,4.7556,980837,15796601.5,1330725000.0,332681250.0
2000-09-08,'000605,中联建设,16.3,16.35,15.08,16.0,16.5,-0.2,-1.2121,1.3641,281345,4526126.89,1344750000.0,336187500.0
2000-09-07,'000605,中联建设,16.5,16.62,16.05,16.05,16.25,0.25,1.5385,1.6379,337825,5538430.35,1361250000.0,340312500.0
2000-09-06,'000605,中联建设,16.25,16.99,16.0,16.99,17.04,-0.79,-4.6362,1.0201,210390,3459518.6,1340625000.0,335156250.0
2000-09-05,'000605,中联建设,17.04,17.4,17.04,17.2,17.16,-0.12,-0.6993,0.524,108068,1857163.04,1405800000.0,351450000.0
2000-09-04,'000605,中联建设,17.16,17.2,17.02,17.02,17.24,-0.08,-0.464,0.4221,87052,1491202.3,1415700000.0,353925000.0
2000-09-01,'000605,中联建设,17.24,17.55,17.02,17.02,17.3,-0.06,-0.3468,0.4036,83250,1438765.0,1422300000.0,355575000.0
2000-08-31,'000605,中联建设,17.3,17.72,17.12,17.2,17.56,-0.26,-1.4806,0.5711,117790,2044263.4,1427250000.0,356812500.0
2000-08-30,'000605,中联建设,17.56,17.9,17.5,17.8,17.85,-0.29,-1.6246,0.6676,137700,2422841.2,1448700000.0,362175000.0
2000-08-29,'000605,中联建设,17.85,18.06,17.6,18.0,18.15,-0.3,-1.6529,1.0231,211010,3771577.0,1472625000.0,368156250.0
2000-08-28,'000605,中联建设,18.15,18.24,17.01,17.02,17.5,0.65,3.7143,3.3764,696380,12284204.05,1497375000.0,374343750.0
2000-08-25,'000605,中联建设,17.5,18.0,17.21,17.48,17.6,-0.1,-0.5682,1.9483,401838,7076707.2,1443750000.0,360937500.0
2000-08-24,'000605,中联建设,17.6,18.2,17.41,18.2,18.21,-0.61,-3.3498,1.7561,362187,6409911.96,1452000000.0,363000000.0
2000-08-23,'000605,中联建设,18.21,18.3,17.0,17.31,17.81,0.4,2.2459,0.7303,150622,2651614.02,1502325000.0,375581250.0
2000-08-22,'000605,中联建设,17.95,18.42,17.8,18.3,18.35,-0.4,-2.1798,0.5527,114001,2070789.22,1480875000.0,370218750.0
2000-08-21,'000605,中联建设,18.35,18.4,18.0,18.0,18.24,0.11,0.6031,0.5087,104925,1917103.0,1513875000.0,378468750.0
2000-08-18,'000605,中联建设,18.24,18.4,18.1,18.37,18.33,-0.09,-0.491,0.4866,100365,1832547.19,1504800000.0,376200000.0
2000-08-17,'000605,中联建设,18.33,18.6,18.21,18.6,18.5,-0.17,-0.9189,0.5035,103850,1905460.9,1512225000.0,378056250.0
2000-08-16,'000605,中联建设,18.5,18.8,18.26,18.8,18.82,-0.32,-1.7003,0.8167,168445,3113233.06,1526250000.0,381562500.0
2000-08-15,'000605,中联建设,18.82,19.05,17.28,18.1,18.19,0.63,3.4634,1.512,311846,5781005.71,1552650000.0,388162500.0
2000-08-14,'000605,中联建设,18.19,18.6,17.95,18.1,18.0,0.19,1.0556,1.0683,220346,4008627.72,1500675000.0,375168750.0
2000-08-11,'000605,中联建设,18.0,18.13,17.86,17.88,17.85,0.15,0.8403,0.7289,150332,2706825.7,1485000000.0,371250000.0
2000-08-10,'000605,中联建设,17.85,18.28,17.8,18.1,18.05,-0.2,-1.108,0.6521,134495,2414616.45,1472625000.0,368156250.0
2000-08-09,'000605,中联建设,18.05,18.25,17.7,17.7,17.9,0.15,0.838,0.7806,161000,2891648.05,1489125000.0,372281250.0
2000-08-08,'000605,中联建设,17.9,17.98,17.62,17.62,17.76,0.14,0.7883,0.2589,53403,954208.21,1476750000.0,369187500.0
2000-08-07,'000605,中联建设,17.76,17.98,17.6,17.6,17.72,0.04,0.2257,0.5139,106000,1873182.15,1465200000.0,366300000.0
2000-08-04,'000605,中联建设,17.72,18.35,17.65,18.0,18.07,-0.35,-1.9369,0.8446,174200,3097056.0,1461900000.0,365475000.0
2000-08-03,'000605,中联建设,18.07,18.7,17.92,18.4,18.4,-0.33,-1.7935,1.455,300100,5417287.5,1490775000.0,372693750.0
2000-08-02,'000605,中联建设,18.4,18.5,18.25,18.5,18.44,-0.04,-0.2169,0.3284,67725,1240126.23,1518000000.0,379500000.0
2000-08-01,'000605,中联建设,18.44,18.9,18.3,18.85,18.75,-0.31,-1.6533,0.7504,154770,2859653.54,1521300000.0,380325000.0
2000-07-31,'000605,中联建设,18.75,19.54,18.56,19.54,18.58,0.17,0.915,0.5426,111910,2127308.76,1546875000.0,386718750.0
2000-07-28,'000605,中联建设,18.58,18.9,18.5,18.9,18.76,-0.18,-0.9595,0.4252,87690,1638003.66,1532850000.0,383212500.0
2000-07-27,'000605,中联建设,18.76,19.2,18.6,19.0,18.9,-0.14,-0.7407,0.4832,99650,1876789.25,1547700000.0,386925000.0
2000-07-26,'000605,中联建设,18.9,19.3,18.42,18.5,18.65,0.25,1.3405,1.885,388780,7406839.06,1559250000.0,389812500.0
2000-07-25,'000605,中联建设,18.65,19.48,18.5,19.0,18.98,-0.33,-1.7387,1.0487,216300,4109579.43,1538625000.0,384656250.0
2000-07-24,'000605,中联建设,18.98,19.48,17.65,17.69,18.17,0.81,4.4579,4.4879,925634,17576291.92,1565850000.0,391462500.0
2000-07-21,'000605,中联建设,18.17,18.27,17.88,18.27,17.87,0.3,1.6788,0.3246,66950,1207669.95,1499025000.0,374756250.0
2000-07-20,'000605,中联建设,17.87,18.3,17.62,18.0,17.71,0.16,0.9034,0.3442,71000,1276730.5,1474275000.0,368568750.0
2000-07-19,'000605,中联建设,17.71,18.4,17.6,18.06,18.04,-0.33,-1.8293,0.3917,80790,1440750.1,1461075000.0,365268750.0
2000-07-18,'000605,中联建设,18.04,18.52,18.0,18.2,18.2,-0.16,-0.8791,0.383,79001,1438977.73,1488300000.0,372075000.0
2000-07-17,'000605,中联建设,18.2,18.36,17.82,17.9,17.9,0.3,1.676,0.7122,146900,2668985.0,1501500000.0,375375000.0
2000-07-14,'000605,中联建设,17.9,18.36,17.6,17.85,17.77,0.13,0.7316,0.6034,124448,2230226.0,1476750000.0,369187500.0
2000-07-13,'000605,中联建设,17.77,17.98,17.24,17.3,17.23,0.54,3.1341,0.3121,64362,1125463.0,1466025000.0,366506250.0
2000-07-12,'000605,中联建设,17.23,17.5,17.2,17.4,17.4,-0.17,-0.977,0.7192,148345,2561847.75,1421475000.0,355368750.0
2000-07-11,'000605,中联建设,17.4,17.79,17.26,17.26,17.5,-0.1,-0.5714,0.7152,147501,2564689.26,1435500000.0,358875000.0
2000-07-10,'000605,中联建设,17.5,17.9,17.18,17.18,17.75,-0.25,-1.4085,0.5362,110596,1948784.03,1443750000.0,360937500.0
2000-07-07,'000605,中联建设,17.75,17.98,17.32,17.32,17.51,0.24,1.3706,0.5184,106915,1872871.2,1464375000.0,366093750.0
2000-07-06,'000605,中联建设,17.51,17.7,17.33,17.68,17.96,-0.45,-2.5056,0.6082,125450,2198767.9,1444575000.0,361143750.0
2000-07-05,'000605,中联建设,17.96,18.19,17.68,17.7,18.09,-0.13,-0.7186,0.5708,117735,2117093.1,1481700000.0,370425000.0
2000-07-04,'000605,中联建设,18.09,18.17,17.45,17.62,18.0,0.09,0.5,0.3816,78702,1407934.9,1492425000.0,373106250.0
2000-07-03,'000605,中联建设,18.0,18.16,17.0,17.77,18.0,0.0,0.0,1.8322,377886,6666485.6,1485000000.0,371250000.0
2000-06-30,'000605,中联建设,18.0,19.06,18.0,19.05,19.1,-1.1,-5.7592,2.505,516650,9596986.04,1485000000.0,371250000.0
2000-06-29,'000605,中联建设,0.0,0.0,0.0,0.0,9.7,None,None,0.0,0,0.0,800250000.0,200062500.0
2000-06-28,'000605,中联建设,0.0,0.0,0.0,0.0,9.7,None,None,0.0,0,0.0,800250000.0,200062500.0
2000-06-27,'000605,中联建设,0.0,0.0,0.0,0.0,9.7,None,None,0.0,0,0.0,800250000.0,200062500.0
2000-06-26,'000605,中联建设,0.0,0.0,0.0,0.0,9.7,None,None,0.0,0,0.0,800250000.0,200062500.0
2000-06-23,'000605,中联建设,0.0,0.0,0.0,0.0,9.7,None,None,0.0,0,0.0,800250000.0,200062500.0
2000-06-22,'000605,中联建设,0.0,0.0,0.0,0.0,9.7,None,None,0.0,0,0.0,800250000.0,200062500.0
2000-06-21,'000605,中联建设,0.0,0.0,0.0,0.0,9.7,None,None,0.0,0,0.0,800250000.0,200062500.0
2000-06-20,'000605,中联建设,0.0,0.0,0.0,0.0,9.7,None,None,0.0,0,0.0,800250000.0,200062500.0
2000-06-19,'000605,中联建设,0.0,0.0,0.0,0.0,9.7,None,None,0.0,0,0.0,800250000.0,200062500.0
2000-06-16,'000605,中联建设,0.0,0.0,0.0,0.0,9.7,None,None,0.0,0,0.0,800250000.0,200062500.0
2000-06-15,'000605,中联建设,0.0,0.0,0.0,0.0,9.7,None,None,0.0,0,0.0,800250000.0,200062500.0
2000-06-14,'000605,中联建设,0.0,0.0,0.0,0.0,9.7,None,None,0.0,0,0.0,800250000.0,200062500.0
2000-06-13,'000605,中联建设,0.0,0.0,0.0,0.0,9.7,None,None,0.0,0,0.0,800250000.0,200062500.0
2000-06-12,'000605,中联建设,0.0,0.0,0.0,0.0,9.7,None,None,0.0,0,0.0,800250000.0,200062500.0
2000-06-09,'000605,中联建设,0.0,0.0,0.0,0.0,9.7,None,None,0.0,0,0.0,800250000.0,200062500.0
2000-06-08,'000605,中联建设,0.0,0.0,0.0,0.0,9.7,None,None,0.0,0,0.0,800250000.0,200062500.0
2000-06-07,'000605,中联建设,0.0,0.0,0.0,0.0,9.7,None,None,0.0,0,0.0,800250000.0,200062500.0
2000-06-06,'000605,中联建设,0.0,0.0,0.0,0.0,9.7,None,None,0.0,0,0.0,800250000.0,200062500.0
2000-06-05,'000605,中联建设,0.0,0.0,0.0,0.0,9.7,None,None,0.0,0,0.0,800250000.0,200062500.0
2000-06-02,'000605,中联建设,0.0,0.0,0.0,0.0,9.7,None,None,0.0,0,0.0,800250000.0,200062500.0
2000-06-01,'000605,中联建设,0.0,0.0,0.0,0.0,9.7,None,None,0.0,0,0.0,800250000.0,200062500.0
2000-05-31,'000605,中联建设,0.0,0.0,0.0,0.0,9.7,None,None,0.0,0,0.0,800250000.0,200062500.0
2000-05-30,'000605,中联建设,0.0,0.0,0.0,0.0,9.7,None,None,0.0,0,0.0,800250000.0,200062500.0
2000-05-29,'000605,中联建设,0.0,0.0,0.0,0.0,9.7,None,None,0.0,0,0.0,800250000.0,200062500.0
2000-05-26,'000605,中联建设,0.0,0.0,0.0,0.0,9.7,None,None,0.0,0,0.0,800250000.0,200062500.0
2000-05-25,'000605,中联建设,0.0,0.0,0.0,0.0,9.7,None,None,0.0,0,0.0,800250000.0,200062500.0
2000-05-24,'000605,中联建设,0.0,0.0,0.0,0.0,9.7,None,None,0.0,0,0.0,800250000.0,200062500.0
2000-05-23,'000605,中联建设,0.0,0.0,0.0,0.0,9.7,None,None,0.0,0,0.0,800250000.0,200062500.0
2000-05-22,'000605,中联建设,0.0,0.0,0.0,0.0,9.7,None,None,0.0,0,0.0,800250000.0,200062500.0
2000-05-19,'000605,中联建设,0.0,0.0,0.0,0.0,9.7,None,None,0.0,0,0.0,800250000.0,200062500.0
2000-05-18,'000605,中联建设,0.0,0.0,0.0,0.0,9.7,None,None,0.0,0,0.0,800250000.0,200062500.0
2000-05-17,'000605,中联建设,0.0,0.0,0.0,0.0,9.7,None,None,0.0,0,0.0,800250000.0,200062500.0
2000-05-16,'000605,中联建设,0.0,0.0,0.0,0.0,9.7,None,None,0.0,0,0.0,800250000.0,200062500.0
2000-05-15,'000605,中联建设,0.0,0.0,0.0,0.0,9.7,None,None,0.0,0,0.0,800250000.0,200062500.0
2000-05-12,'000605,中联建设,0.0,0.0,0.0,0.0,9.7,None,None,0.0,0,0.0,800250000.0,200062500.0
2000-05-11,'000605,中联建设,0.0,0.0,0.0,0.0,9.7,None,None,0.0,0,0.0,800250000.0,200062500.0
2000-05-10,'000605,中联建设,0.0,0.0,0.0,0.0,9.7,None,None,0.0,0,0.0,800250000.0,200062500.0
2000-05-09,'000605,中联建设,0.0,0.0,0.0,0.0,9.7,None,None,0.0,0,0.0,800250000.0,200062500.0
2000-05-08,'000605,中联建设,0.0,0.0,0.0,0.0,9.7,None,None,0.0,0,0.0,800250000.0,200062500.0
2000-04-28,'000605,中联建设,0.0,0.0,0.0,0.0,9.7,None,None,0.0,0,0.0,800250000.0,200062500.0
2000-04-27,'000605,中联建设,0.0,0.0,0.0,0.0,9.7,None,None,0.0,0,0.0,800250000.0,200062500.0
2000-04-26,'000605,中联建设,0.0,0.0,0.0,0.0,9.7,None,None,0.0,0,0.0,800250000.0,200062500.0
2000-04-25,'000605,中联建设,0.0,0.0,0.0,0.0,9.7,None,None,0.0,0,0.0,800250000.0,200062500.0
2000-04-24,'000605,中联建设,0.0,0.0,0.0,0.0,9.7,None,None,0.0,0,0.0,800250000.0,200062500.0
2000-04-21,'000605,中联建设,0.0,0.0,0.0,0.0,9.7,None,None,0.0,0,0.0,800250000.0,200062500.0
2000-04-20,'000605,中联建设,0.0,0.0,0.0,0.0,9.7,None,None,0.0,0,0.0,800250000.0,200062500.0
2000-04-19,'000605,中联建设,0.0,0.0,0.0,0.0,9.7,None,None,0.0,0,0.0,800250000.0,200062500.0
2000-04-18,'000605,中联建设,0.0,0.0,0.0,0.0,9.7,None,None,0.0,0,0.0,800250000.0,200062500.0
2000-04-17,'000605,中联建设,0.0,0.0,0.0,0.0,9.7,None,None,0.0,0,0.0,800250000.0,200062500.0
2000-04-14,'000605,中联建设,0.0,0.0,0.0,0.0,9.7,None,None,0.0,0,0.0,800250000.0,200062500.0
2000-04-13,'000605,中联建设,0.0,0.0,0.0,0.0,9.7,None,None,0.0,0,0.0,800250000.0,200062500.0
2000-04-12,'000605,中联建设,0.0,0.0,0.0,0.0,9.7,None,None,0.0,0,0.0,800250000.0,200062500.0
2000-04-11,'000605,中联建设,0.0,0.0,0.0,0.0,9.7,None,None,0.0,0,0.0,800250000.0,200062500.0
2000-04-10,'000605,中联建设,0.0,0.0,0.0,0.0,9.7,None,None,0.0,0,0.0,800250000.0,200062500.0
2000-04-07,'000605,中联建设,0.0,0.0,0.0,0.0,9.7,None,None,0.0,0,0.0,800250000.0,200062500.0
2000-04-06,'000605,中联建设,0.0,0.0,0.0,0.0,9.7,None,None,0.0,0,0.0,800250000.0,200062500.0
2000-04-05,'000605,中联建设,0.0,0.0,0.0,0.0,9.7,None,None,0.0,0,0.0,800250000.0,200062500.0
2000-04-04,'000605,中联建设,0.0,0.0,0.0,0.0,9.7,None,None,0.0,0,0.0,800250000.0,200062500.0
2000-04-03,'000605,中联建设,0.0,0.0,0.0,0.0,9.7,None,None,0.0,0,0.0,800250000.0,200062500.0
2000-03-31,'000605,中联建设,0.0,0.0,0.0,0.0,9.7,None,None,0.0,0,0.0,800250000.0,200062500.0
2000-03-30,'000605,中联建设,0.0,0.0,0.0,0.0,9.7,None,None,0.0,0,0.0,800250000.0,200062500.0
2000-03-29,'000605,中联建设,0.0,0.0,0.0,0.0,9.7,None,None,0.0,0,0.0,800250000.0,200062500.0
2000-03-28,'000605,中联建设,0.0,0.0,0.0,0.0,9.7,None,None,0.0,0,0.0,800250000.0,200062500.0
2000-03-27,'000605,中联建设,0.0,0.0,0.0,0.0,9.7,None,None,0.0,0,0.0,800250000.0,200062500.0
2000-03-24,'000605,中联建设,0.0,0.0,0.0,0.0,9.7,None,None,0.0,0,0.0,800250000.0,200062500.0
2000-03-23,'000605,中联建设,0.0,0.0,0.0,0.0,9.7,None,None,0.0,0,0.0,800250000.0,200062500.0
2000-03-22,'000605,中联建设,0.0,0.0,0.0,0.0,9.7,None,None,0.0,0,0.0,800250000.0,200062500.0
2000-03-21,'000605,中联建设,0.0,0.0,0.0,0.0,9.7,None,None,0.0,0,0.0,800250000.0,200062500.0
2000-03-20,'000605,中联建设,0.0,0.0,0.0,0.0,9.7,None,None,0.0,0,0.0,800250000.0,200062500.0
2000-03-17,'000605,中联建设,0.0,0.0,0.0,0.0,9.7,None,None,0.0,0,0.0,800250000.0,200062500.0
2000-03-16,'000605,中联建设,0.0,0.0,0.0,0.0,9.7,None,None,0.0,0,0.0,800250000.0,200062500.0
2000-03-15,'000605,中联建设,0.0,0.0,0.0,0.0,9.7,None,None,0.0,0,0.0,800250000.0,200062500.0
2000-03-14,'000605,中联建设,0.0,0.0,0.0,0.0,9.7,None,None,0.0,0,0.0,800250000.0,200062500.0
2000-03-13,'000605,中联建设,0.0,0.0,0.0,0.0,9.7,None,None,0.0,0,0.0,800250000.0,200062500.0
2000-03-10,'000605,中联建设,0.0,0.0,0.0,0.0,9.7,None,None,0.0,0,0.0,800250000.0,200062500.0
2000-03-09,'000605,中联建设,0.0,0.0,0.0,0.0,9.7,None,None,0.0,0,0.0,800250000.0,200062500.0
2000-03-08,'000605,中联建设,0.0,0.0,0.0,0.0,9.7,None,None,0.0,0,0.0,800250000.0,200062500.0
2000-03-07,'000605,中联建设,0.0,0.0,0.0,0.0,9.7,None,None,0.0,0,0.0,800250000.0,200062500.0
2000-03-06,'000605,中联建设,0.0,0.0,0.0,0.0,9.7,None,None,0.0,0,0.0,800250000.0,200062500.0
2000-03-03,'000605,中联建设,0.0,0.0,0.0,0.0,9.7,None,None,0.0,0,0.0,800250000.0,200062500.0
2000-03-02,'000605,中联建设,0.0,0.0,0.0,0.0,9.7,None,None,0.0,0,0.0,800250000.0,200062500.0
2000-03-01,'000605,中联建设,0.0,0.0,0.0,0.0,9.7,None,None,0.0,0,0.0,800250000.0,200062500.0
2000-02-29,'000605,中联建设,0.0,0.0,0.0,0.0,9.7,None,None,0.0,0,0.0,800250000.0,200062500.0
2000-02-28,'000605,中联建设,0.0,0.0,0.0,0.0,9.7,None,None,0.0,0,0.0,800250000.0,200062500.0
2000-02-25,'000605,中联建设,0.0,0.0,0.0,0.0,9.7,None,None,0.0,0,0.0,800250000.0,200062500.0
2000-02-24,'000605,中联建设,0.0,0.0,0.0,0.0,9.7,None,None,0.0,0,0.0,800250000.0,200062500.0
2000-02-23,'000605,中联建设,0.0,0.0,0.0,0.0,9.7,None,None,0.0,0,0.0,800250000.0,200062500.0
2000-02-22,'000605,中联建设,0.0,0.0,0.0,0.0,9.7,None,None,0.0,0,0.0,800250000.0,200062500.0
2000-02-21,'000605,中联建设,0.0,0.0,0.0,0.0,9.7,None,None,0.0,0,0.0,800250000.0,200062500.0
2000-02-18,'000605,中联建设,0.0,0.0,0.0,0.0,9.7,None,None,0.0,0,0.0,800250000.0,200062500.0
2000-02-17,'000605,中联建设,0.0,0.0,0.0,0.0,9.7,None,None,0.0,0,0.0,800250000.0,200062500.0
2000-02-16,'000605,中联建设,0.0,0.0,0.0,0.0,9.7,None,None,0.0,0,0.0,800250000.0,200062500.0
2000-02-15,'000605,中联建设,0.0,0.0,0.0,0.0,9.7,None,None,0.0,0,0.0,800250000.0,200062500.0
2000-02-14,'000605,中联建设,0.0,0.0,0.0,0.0,9.7,None,None,0.0,0,0.0,800250000.0,200062500.0
2000-01-28,'000605,中联建设,0.0,0.0,0.0,0.0,9.7,None,None,0.0,0,0.0,800250000.0,200062500.0
2000-01-27,'000605,中联建设,0.0,0.0,0.0,0.0,9.7,None,None,0.0,0,0.0,800250000.0,200062500.0
2000-01-26,'000605,中联建设,0.0,0.0,0.0,0.0,9.7,None,None,0.0,0,0.0,800250000.0,200062500.0
2000-01-25,'000605,中联建设,0.0,0.0,0.0,0.0,9.7,None,None,0.0,0,0.0,800250000.0,200062500.0
2000-01-24,'000605,中联建设,0.0,0.0,0.0,0.0,9.7,None,None,0.0,0,0.0,800250000.0,200062500.0
2000-01-21,'000605,中联建设,0.0,0.0,0.0,0.0,9.7,None,None,0.0,0,0.0,800250000.0,200062500.0
2000-01-20,'000605,中联建设,0.0,0.0,0.0,0.0,9.7,None,None,0.0,0,0.0,800250000.0,200062500.0
2000-01-19,'000605,中联建设,0.0,0.0,0.0,0.0,9.7,None,None,0.0,0,0.0,800250000.0,200062500.0
2000-01-18,'000605,中联建设,0.0,0.0,0.0,0.0,9.7,None,None,0.0,0,0.0,800250000.0,200062500.0
2000-01-17,'000605,中联建设,0.0,0.0,0.0,0.0,9.7,None,None,0.0,0,0.0,800250000.0,200062500.0
2000-01-14,'000605,中联建设,0.0,0.0,0.0,0.0,9.7,None,None,0.0,0,0.0,800250000.0,200062500.0
2000-01-13,'000605,中联建设,0.0,0.0,0.0,0.0,9.7,None,None,0.0,0,0.0,800250000.0,200062500.0
2000-01-12,'000605,中联建设,0.0,0.0,0.0,0.0,9.7,None,None,0.0,0,0.0,800250000.0,200062500.0
2000-01-11,'000605,中联建设,0.0,0.0,0.0,0.0,9.7,None,None,0.0,0,0.0,800250000.0,200062500.0
2000-01-10,'000605,中联建设,0.0,0.0,0.0,0.0,9.7,None,None,0.0,0,0.0,800250000.0,200062500.0
2000-01-07,'000605,中联建设,0.0,0.0,0.0,0.0,9.7,None,None,0.0,0,0.0,800250000.0,200062500.0
2000-01-06,'000605,中联建设,0.0,0.0,0.0,0.0,9.7,None,None,0.0,0,0.0,800250000.0,200062500.0
2000-01-05,'000605,中联建设,0.0,0.0,0.0,0.0,9.7,None,None,0.0,0,0.0,800250000.0,200062500.0
2000-01-04,'000605,中联建设,0.0,0.0,0.0,0.0,9.7,None,None,0.0,0,0.0,800250000.0,200062500.0
1999-12-30,'000605,中联建设,9.7,9.74,9.65,9.65,9.59,0.11,1.147,0.182,37543,364454.4,800250000.0,200062500.0
1999-12-29,'000605,中联建设,9.59,9.81,9.4,9.8,9.8,-0.21,-2.1429,0.7333,151250,1443559.0,791175000.0,197793750.0
1999-12-28,'000605,中联建设,9.8,10.03,9.78,9.85,9.84,-0.04,-0.4065,0.4549,93820,926547.5,808500000.0,202125000.0
1999-12-27,'000605,中联建设,9.84,10.4,9.8,10.3,10.38,-0.54,-5.2023,0.6378,131540,1323869.3,811800000.0,202950000.0
1999-12-24,'000605,中联建设,0.0,0.0,0.0,0.0,9.89,None,None,0.0,0,0.0,815925000.0,203981250.0
1999-12-23,'000605,中联建设,0.0,0.0,0.0,0.0,9.89,None,None,0.0,0,0.0,815925000.0,203981250.0
1999-12-22,'000605,中联建设,0.0,0.0,0.0,0.0,9.89,None,None,0.0,0,0.0,815925000.0,203981250.0
1999-12-21,'000605,中联建设,0.0,0.0,0.0,0.0,9.89,None,None,0.0,0,0.0,815925000.0,203981250.0
1999-12-17,'000605,中联建设,0.0,0.0,0.0,0.0,9.89,None,None,0.0,0,0.0,815925000.0,203981250.0
1999-12-16,'000605,中联建设,0.0,0.0,0.0,0.0,9.89,None,None,0.0,0,0.0,815925000.0,203981250.0
1999-12-15,'000605,中联建设,0.0,0.0,0.0,0.0,9.89,None,None,0.0,0,0.0,815925000.0,203981250.0
1999-12-14,'000605,中联建设,0.0,0.0,0.0,0.0,9.89,None,None,0.0,0,0.0,815925000.0,203981250.0
1999-12-13,'000605,中联建设,0.0,0.0,0.0,0.0,9.89,None,None,0.0,0,0.0,815925000.0,203981250.0
1999-12-10,'000605,中联建设,0.0,0.0,0.0,0.0,9.89,None,None,0.0,0,0.0,815925000.0,203981250.0
1999-12-09,'000605,中联建设,0.0,0.0,0.0,0.0,9.89,None,None,0.0,0,0.0,815925000.0,203981250.0
1999-12-08,'000605,中联建设,0.0,0.0,0.0,0.0,9.89,None,None,0.0,0,0.0,815925000.0,203981250.0
1999-12-07,'000605,中联建设,0.0,0.0,0.0,0.0,9.89,None,None,0.0,0,0.0,815925000.0,203981250.0
1999-12-06,'000605,中联建设,0.0,0.0,0.0,0.0,9.89,None,None,0.0,0,0.0,815925000.0,203981250.0
1999-12-03,'000605,中联建设,0.0,0.0,0.0,0.0,9.89,None,None,0.0,0,0.0,815925000.0,203981250.0
1999-12-02,'000605,中联建设,0.0,0.0,0.0,0.0,9.89,None,None,0.0,0,0.0,815925000.0,203981250.0
1999-12-01,'000605,中联建设,0.0,0.0,0.0,0.0,9.89,None,None,0.0,0,0.0,815925000.0,203981250.0
1999-11-30,'000605,中联建设,0.0,0.0,0.0,0.0,9.89,None,None,0.0,0,0.0,815925000.0,203981250.0
1999-11-29,'000605,中联建设,0.0,0.0,0.0,0.0,9.89,None,None,0.0,0,0.0,815925000.0,203981250.0
1999-11-26,'000605,中联建设,0.0,0.0,0.0,0.0,9.89,None,None,0.0,0,0.0,815925000.0,203981250.0
1999-11-25,'000605,中联建设,0.0,0.0,0.0,0.0,9.89,None,None,0.0,0,0.0,815925000.0,203981250.0
1999-11-24,'000605,中联建设,0.0,0.0,0.0,0.0,9.89,None,None,0.0,0,0.0,815925000.0,203981250.0
1999-11-23,'000605,中联建设,0.0,0.0,0.0,0.0,9.89,None,None,0.0,0,0.0,815925000.0,203981250.0
1999-11-22,'000605,中联建设,0.0,0.0,0.0,0.0,9.89,None,None,0.0,0,0.0,815925000.0,203981250.0
1999-11-19,'000605,中联建设,0.0,0.0,0.0,0.0,9.89,None,None,0.0,0,0.0,815925000.0,203981250.0
1999-11-18,'000605,中联建设,0.0,0.0,0.0,0.0,9.89,None,None,0.0,0,0.0,815925000.0,203981250.0
1999-11-17,'000605,中联建设,0.0,0.0,0.0,0.0,9.89,None,None,0.0,0,0.0,815925000.0,203981250.0
1999-11-16,'000605,中联建设,0.0,0.0,0.0,0.0,9.89,None,None,0.0,0,0.0,815925000.0,203981250.0
1999-11-15,'000605,中联建设,0.0,0.0,0.0,0.0,9.89,None,None,0.0,0,0.0,815925000.0,203981250.0
1999-11-12,'000605,中联建设,0.0,0.0,0.0,0.0,9.89,None,None,0.0,0,0.0,815925000.0,203981250.0
1999-11-11,'000605,中联建设,0.0,0.0,0.0,0.0,9.89,None,None,0.0,0,0.0,815925000.0,203981250.0
1999-11-10,'000605,中联建设,0.0,0.0,0.0,0.0,9.89,None,None,0.0,0,0.0,815925000.0,203981250.0
1999-11-09,'000605,中联建设,0.0,0.0,0.0,0.0,9.89,None,None,0.0,0,0.0,815925000.0,203981250.0
1999-11-08,'000605,中联建设,0.0,0.0,0.0,0.0,9.89,None,None,0.0,0,0.0,815925000.0,203981250.0
1999-11-05,'000605,中联建设,0.0,0.0,0.0,0.0,9.89,None,None,0.0,0,0.0,815925000.0,203981250.0
1999-11-04,'000605,中联建设,0.0,0.0,0.0,0.0,9.89,None,None,0.0,0,0.0,815925000.0,203981250.0
1999-11-03,'000605,中联建设,0.0,0.0,0.0,0.0,9.89,None,None,0.0,0,0.0,815925000.0,203981250.0
1999-11-02,'000605,中联建设,0.0,0.0,0.0,0.0,9.89,None,None,0.0,0,0.0,815925000.0,203981250.0
1999-11-01,'000605,中联建设,0.0,0.0,0.0,0.0,9.89,None,None,0.0,0,0.0,815925000.0,203981250.0
1999-10-29,'000605,中联建设,0.0,0.0,0.0,0.0,9.89,None,None,0.0,0,0.0,815925000.0,203981250.0
1999-10-28,'000605,中联建设,0.0,0.0,0.0,0.0,9.89,None,None,0.0,0,0.0,815925000.0,203981250.0
1999-10-27,'000605,中联建设,0.0,0.0,0.0,0.0,9.89,None,None,0.0,0,0.0,815925000.0,203981250.0
1999-10-26,'000605,中联建设,0.0,0.0,0.0,0.0,9.89,None,None,0.0,0,0.0,815925000.0,203981250.0
1999-10-25,'000605,中联建设,0.0,0.0,0.0,0.0,9.89,None,None,0.0,0,0.0,815925000.0,203981250.0
1999-10-22,'000605,中联建设,0.0,0.0,0.0,0.0,9.89,None,None,0.0,0,0.0,815925000.0,203981250.0
1999-10-21,'000605,中联建设,0.0,0.0,0.0,0.0,9.89,None,None,0.0,0,0.0,815925000.0,203981250.0
1999-10-20,'000605,中联建设,0.0,0.0,0.0,0.0,9.89,None,None,0.0,0,0.0,815925000.0,203981250.0
1999-10-19,'000605,中联建设,0.0,0.0,0.0,0.0,9.89,None,None,0.0,0,0.0,815925000.0,203981250.0
1999-10-18,'000605,中联建设,0.0,0.0,0.0,0.0,9.89,None,None,0.0,0,0.0,815925000.0,203981250.0
1999-10-15,'000605,中联建设,0.0,0.0,0.0,0.0,9.89,None,None,0.0,0,0.0,815925000.0,203981250.0
1999-10-14,'000605,中联建设,0.0,0.0,0.0,0.0,9.89,None,None,0.0,0,0.0,815925000.0,203981250.0
1999-10-13,'000605,中联建设,0.0,0.0,0.0,0.0,9.89,None,None,0.0,0,0.0,815925000.0,203981250.0
1999-10-12,'000605,中联建设,0.0,0.0,0.0,0.0,9.89,None,None,0.0,0,0.0,815925000.0,203981250.0
1999-10-11,'000605,中联建设,0.0,0.0,0.0,0.0,9.89,None,None,0.0,0,0.0,815925000.0,203981250.0
1999-10-08,'000605,中联建设,0.0,0.0,0.0,0.0,9.89,None,None,0.0,0,0.0,815925000.0,203981250.0
1999-09-30,'000605,中联建设,0.0,0.0,0.0,0.0,9.89,None,None,0.0,0,0.0,815925000.0,203981250.0
1999-09-29,'000605,中联建设,0.0,0.0,0.0,0.0,9.89,None,None,0.0,0,0.0,815925000.0,203981250.0
1999-09-28,'000605,中联建设,0.0,0.0,0.0,0.0,9.89,None,None,0.0,0,0.0,815925000.0,203981250.0
1999-09-27,'000605,中联建设,0.0,0.0,0.0,0.0,9.89,None,None,0.0,0,0.0,815925000.0,203981250.0
1999-09-24,'000605,中联建设,0.0,0.0,0.0,0.0,9.89,None,None,0.0,0,0.0,815925000.0,203981250.0
1999-09-23,'000605,中联建设,0.0,0.0,0.0,0.0,9.89,None,None,0.0,0,0.0,815925000.0,203981250.0
1999-09-22,'000605,中联建设,0.0,0.0,0.0,0.0,9.89,None,None,0.0,0,0.0,815925000.0,203981250.0
1999-09-21,'000605,中联建设,0.0,0.0,0.0,0.0,9.89,None,None,0.0,0,0.0,815925000.0,203981250.0
1999-09-20,'000605,中联建设,0.0,0.0,0.0,0.0,9.89,None,None,0.0,0,0.0,815925000.0,203981250.0
1999-09-17,'000605,中联建设,0.0,0.0,0.0,0.0,9.89,None,None,0.0,0,0.0,815925000.0,203981250.0
1999-09-16,'000605,中联建设,0.0,0.0,0.0,0.0,9.89,None,None,0.0,0,0.0,815925000.0,203981250.0
1999-09-15,'000605,中联建设,0.0,0.0,0.0,0.0,9.89,None,None,0.0,0,0.0,815925000.0,203981250.0
1999-09-14,'000605,中联建设,0.0,0.0,0.0,0.0,9.89,None,None,0.0,0,0.0,815925000.0,203981250.0
1999-09-13,'000605,中联建设,0.0,0.0,0.0,0.0,9.89,None,None,0.0,0,0.0,815925000.0,203981250.0
1999-09-10,'000605,中联建设,0.0,0.0,0.0,0.0,9.89,None,None,0.0,0,0.0,815925000.0,203981250.0
1999-09-09,'000605,中联建设,0.0,0.0,0.0,0.0,9.89,None,None,0.0,0,0.0,815925000.0,203981250.0
1999-09-08,'000605,中联建设,0.0,0.0,0.0,0.0,9.89,None,None,0.0,0,0.0,815925000.0,203981250.0
1999-09-07,'000605,中联建设,0.0,0.0,0.0,0.0,9.89,None,None,0.0,0,0.0,815925000.0,203981250.0
1999-09-06,'000605,中联建设,0.0,0.0,0.0,0.0,9.89,None,None,0.0,0,0.0,815925000.0,203981250.0
1999-09-03,'000605,中联建设,0.0,0.0,0.0,0.0,9.89,None,None,0.0,0,0.0,815925000.0,203981250.0
1999-09-02,'000605,中联建设,0.0,0.0,0.0,0.0,9.89,None,None,0.0,0,0.0,815925000.0,203981250.0
1999-09-01,'000605,中联建设,0.0,0.0,0.0,0.0,9.89,None,None,0.0,0,0.0,815925000.0,203981250.0
1999-08-31,'000605,中联建设,0.0,0.0,0.0,0.0,9.89,None,None,0.0,0,0.0,815925000.0,203981250.0
1999-08-30,'000605,中联建设,0.0,0.0,0.0,0.0,9.89,None,None,0.0,0,0.0,815925000.0,203981250.0
1999-08-27,'000605,中联建设,0.0,0.0,0.0,0.0,9.89,None,None,0.0,0,0.0,815925000.0,203981250.0
1999-08-26,'000605,中联建设,0.0,0.0,0.0,0.0,9.89,None,None,0.0,0,0.0,815925000.0,203981250.0
1999-08-25,'000605,中联建设,0.0,0.0,0.0,0.0,9.89,None,None,0.0,0,0.0,815925000.0,203981250.0
1999-08-24,'000605,中联建设,0.0,0.0,0.0,0.0,9.89,None,None,0.0,0,0.0,815925000.0,203981250.0
1999-08-23,'000605,中联建设,0.0,0.0,0.0,0.0,9.89,None,None,0.0,0,0.0,815925000.0,203981250.0
1999-08-20,'000605,中联建设,0.0,0.0,0.0,0.0,9.89,None,None,0.0,0,0.0,815925000.0,203981250.0
1999-08-19,'000605,中联建设,0.0,0.0,0.0,0.0,9.89,None,None,0.0,0,0.0,815925000.0,203981250.0
1999-08-18,'000605,中联建设,9.89,9.95,9.18,9.18,9.75,0.14,1.4359,0.4891,100867,990491.0,815925000.0,203981250.0
1999-08-17,'000605,中联建设,9.75,9.94,9.56,9.56,9.56,0.19,1.9874,0.4381,90353,886482.56,804375000.0,201093750.0
1999-08-16,'000605,中联建设,9.56,9.75,9.51,9.51,9.8,-0.24,-2.449,0.4194,86502,831492.1,788700000.0,197175000.0
1999-08-13,'000605,中联建设,9.8,9.91,9.75,9.86,9.85,-0.05,-0.5076,0.3695,76200,747628.97,808500000.0,202125000.0
1999-08-12,'000605,中联建设,9.85,10.0,9.75,9.83,9.83,0.02,0.2035,0.3588,74009,727853.22,812625000.0,203156250.0
1999-08-11,'000605,中联建设,9.83,10.0,9.71,9.71,9.9,-0.07,-0.7071,0.5707,117702,1164871.56,810975000.0,202743750.0
1999-08-10,'000605,中联建设,9.9,10.18,9.81,10.08,10.35,-0.45,-4.3478,0.6225,128397,1283942.5,816750000.0,204187500.0
1999-08-09,'000605,中联建设,0.0,0.0,0.0,0.0,9.97,None,None,0.0,0,0.0,822525000.0,205631250.0
1999-08-06,'000605,中联建设,0.0,0.0,0.0,0.0,9.97,None,None,0.0,0,0.0,822525000.0,205631250.0
1999-08-05,'000605,中联建设,0.0,0.0,0.0,0.0,9.97,None,None,0.0,0,0.0,822525000.0,205631250.0
1999-08-04,'000605,中联建设,0.0,0.0,0.0,0.0,9.97,None,None,0.0,0,0.0,822525000.0,205631250.0
1999-08-03,'000605,中联建设,0.0,0.0,0.0,0.0,9.97,None,None,0.0,0,0.0,822525000.0,205631250.0
1999-08-02,'000605,中联建设,0.0,0.0,0.0,0.0,9.97,None,None,0.0,0,0.0,822525000.0,205631250.0
1999-07-30,'000605,中联建设,0.0,0.0,0.0,0.0,9.97,None,None,0.0,0,0.0,822525000.0,205631250.0
1999-07-29,'000605,中联建设,0.0,0.0,0.0,0.0,9.97,None,None,0.0,0,0.0,822525000.0,205631250.0
1999-07-28,'000605,中联建设,0.0,0.0,0.0,0.0,9.97,None,None,0.0,0,0.0,822525000.0,205631250.0
1999-07-27,'000605,中联建设,9.97,10.02,9.89,10.0,10.0,-0.03,-0.3,0.6484,133738,1333002.88,822525000.0,205631250.0
1999-07-26,'000605,中联建设,0.0,0.0,0.0,0.0,9.71,None,None,0.0,0,0.0,801075000.0,200268750.0
1999-07-23,'000605,中联建设,9.71,9.87,9.41,9.5,9.55,0.16,1.6754,0.6696,138104,1332255.0,801075000.0,200268750.0
1999-07-22,'000605,中联建设,9.55,10.15,9.5,10.01,10.09,-0.54,-5.3518,0.9038,186402,1816321.94,787875000.0,196968750.0
1999-07-21,'000605,中联建设,0.0,0.0,0.0,0.0,9.95,None,None,0.0,0,0.0,820875000.0,205218750.0
1999-07-20,'000605,中联建设,9.95,9.97,9.31,9.4,9.38,0.57,6.0768,1.5125,311961,2995170.82,820875000.0,205218750.0
1999-07-19,'000605,中联建设,9.38,9.53,9.32,9.5,9.44,-0.06,-0.6356,0.8337,171960,1617069.9,773850000.0,193462500.0
1999-07-16,'000605,中联建设,9.44,10.0,9.4,10.0,9.93,-0.49,-4.9345,1.6718,344800,3313842.61,778800000.0,194700000.0
1999-07-15,'000605,中联建设,9.93,10.3,9.9,10.29,10.24,-0.31,-3.0273,1.3721,283000,2841174.0,819225000.0,204806250.0
1999-07-14,'000605,中联建设,0.0,0.0,0.0,0.0,12.36,None,None,0.0,0,0.0,1019700000.0,254925000.0
1999-07-13,'000605,中联建设,0.0,0.0,0.0,0.0,12.36,None,None,0.0,0,0.0,1019700000.0,254925000.0
1999-07-12,'000605,中联建设,0.0,0.0,0.0,0.0,12.36,None,None,0.0,0,0.0,1019700000.0,254925000.0
1999-07-09,'000605,中联建设,0.0,0.0,0.0,0.0,12.36,None,None,0.0,0,0.0,1019700000.0,254925000.0
1999-07-08,'000605,中联建设,0.0,0.0,0.0,0.0,12.36,None,None,0.0,0,0.0,1019700000.0,254925000.0
1999-07-07,'000605,中联建设,0.0,0.0,0.0,0.0,12.36,None,None,0.0,0,0.0,1019700000.0,254925000.0
1999-07-06,'000605,中联建设,0.0,0.0,0.0,0.0,12.36,None,None,0.0,0,0.0,1019700000.0,254925000.0
1999-07-05,'000605,中联建设,0.0,0.0,0.0,0.0,12.36,None,None,0.0,0,0.0,1019700000.0,254925000.0
1999-07-02,'000605,中联建设,0.0,0.0,0.0,0.0,12.36,None,None,0.0,0,0.0,1019700000.0,254925000.0
1999-07-01,'000605,中联建设,0.0,0.0,0.0,0.0,12.36,None,None,0.0,0,0.0,1019700000.0,254925000.0
1999-06-30,'000605,中联建设,0.0,0.0,0.0,0.0,12.36,None,None,0.0,0,0.0,1019700000.0,254925000.0
1999-06-29,'000605,中联建设,12.36,12.36,10.75,11.25,11.24,1.12,9.9644,11.5703,2386381,27887844.92,1019700000.0,254925000.0
1999-06-28,'000605,中联建设,11.24,11.3,10.65,10.69,10.8,0.44,4.0741,7.6646,1580821,17446785.15,927300000.0,231825000.0
1999-06-25,'000605,中联建设,10.8,11.8,10.8,11.8,11.8,-1.0,-8.4746,6.8494,1412693,16140416.01,891000000.0,222750000.0
1999-06-24,'000605,中联建设,11.8,11.9,11.35,11.78,11.74,0.06,0.5111,6.676,1376927,15976323.28,973500000.0,243375000.0
1999-06-23,'000605,中联建设,11.74,11.75,11.4,11.75,11.75,-0.01,-0.0851,5.3285,1098994,12683162.97,968550000.0,242137500.0
1999-06-22,'000605,中联建设,11.75,12.05,11.25,11.25,11.25,0.5,4.4444,5.3416,1101711,12833095.99,969375000.0,242343750.0
1999-06-21,'000605,中联建设,11.25,11.4,10.85,10.85,10.83,0.42,3.8781,3.3731,695710,7777535.74,928125000.0,232031250.0
1999-06-18,'000605,中联建设,10.83,11.25,10.65,10.88,10.88,-0.05,-0.4596,4.1132,848346,9279071.81,893475000.0,223368750.0
1999-06-17,'000605,中联建设,10.88,11.36,10.6,11.15,11.14,-0.26,-2.3339,4.0873,843015,9222672.7,897600000.0,224400000.0
1999-06-16,'000605,中联建设,11.14,11.28,10.55,10.6,10.66,0.48,4.5028,7.0948,1463293,15979340.84,919050000.0,229762500.0
1999-06-15,'000605,中联建设,10.66,11.68,10.3,11.55,11.39,-0.73,-6.4091,7.9292,1635392,18042646.11,879450000.0,219862500.0
1999-06-14,'000605,中联建设,11.39,11.55,10.66,10.97,10.5,0.89,8.4762,9.992,2060855,23458373.75,939675000.0,234918750.0
1999-06-11,'000605,中联建设,10.5,11.02,10.0,10.0,10.02,0.48,4.7904,8.361,1724454,18482642.75,866250000.0,216562500.0
1999-06-10,'000605,中联建设,10.02,10.3,9.87,10.25,10.18,-0.16,-1.5717,3.5222,726449,7310565.32,826650000.0,206662500.0
1999-06-09,'000605,中联建设,10.18,10.18,9.61,9.68,9.69,0.49,5.0568,4.2048,867250,8687010.05,839850000.0,209962500.0
1999-06-08,'000605,中联建设,9.69,9.86,9.59,9.8,9.8,-0.11,-1.1224,2.8725,592454,5730001.31,799425000.0,199856250.0
1999-06-07,'000605,中联建设,9.8,9.85,9.53,9.56,9.52,0.28,2.9412,2.7443,566021,5504883.02,808500000.0,202125000.0
1999-06-04,'000605,中联建设,9.52,9.7,9.22,9.45,9.4,0.12,1.2766,2.2344,460855,4376364.92,785400000.0,196350000.0
1999-06-03,'000605,中联建设,9.4,9.52,9.1,9.3,9.35,0.05,0.5348,1.9942,411314,3844218.59,775500000.0,193875000.0
1999-06-02,'000605,中联建设,9.35,9.75,9.32,9.75,9.75,-0.4,-4.1026,2.1561,444689,4205685.85,771375000.0,192843750.0
1999-06-01,'000605,中联建设,9.75,9.75,9.2,9.55,9.55,0.2,2.0942,4.072,839860,7858043.6,804375000.0,201093750.0
1999-05-31,'000605,中联建设,9.55,10.18,9.22,10.12,10.11,-0.56,-5.5391,5.2121,1074994,10333756.74,787875000.0,196968750.0
1999-05-28,'000605,中联建设,10.11,10.13,9.98,10.01,9.96,0.15,1.506,5.4093,1115675,11211848.0,834075000.0,208518750.0
1999-05-27,'000605,中联建设,9.96,10.25,9.86,9.98,9.98,-0.02,-0.2004,7.986,1647104,16335327.78,821700000.0,205425000.0
1999-05-26,'000605,中联建设,9.98,10.68,9.9,10.5,10.48,-0.5,-4.771,10.9298,2254279,23330726.73,823350000.0,205837500.0
1999-05-25,'000605,中联建设,10.48,10.48,10.18,10.2,10.2,0.28,2.7451,11.6619,2405274,25007560.66,864600000.0,216150000.0
1999-05-24,'000605,中联建设,10.2,10.28,9.88,9.88,9.74,0.46,4.7228,13.2571,2734273,27608201.58,841500000.0,210375000.0
1999-05-21,'000605,中联建设,9.74,10.07,9.47,10.06,9.15,0.59,6.4481,11.4287,2357171,22766061.64,803550000.0,200887500.0
1999-05-20,'000605,中联建设,0.0,0.0,0.0,0.0,9.15,None,None,0.0,0,0.0,754875000.0,188718750.0
1999-05-19,'000605,中联建设,0.0,0.0,0.0,0.0,9.15,None,None,0.0,0,0.0,754875000.0,188718750.0
1999-05-18,'000605,中联建设,9.15,9.22,9.0,9.17,9.17,-0.02,-0.2181,2.0362,419958,3825925.24,754875000.0,188718750.0
1999-05-17,'000605,中联建设,9.17,9.35,8.7,8.86,8.99,0.18,2.0022,5.2239,1077427,9859379.11,756525000.0,189131250.0
1999-05-14,'000605,中联建设,0.0,0.0,0.0,0.0,8.99,None,None,0.0,0,0.0,741675000.0,185418750.0
1999-05-13,'000605,中联建设,8.99,9.17,8.99,9.09,9.09,-0.1,-1.1001,1.7195,354639,3208257.61,741675000.0,185418750.0
1999-05-12,'000605,中联建设,9.09,9.17,9.0,9.01,9.08,0.01,0.1101,1.2643,260762,2356740.62,749925000.0,187481250.0
1999-05-11,'000605,中联建设,9.08,9.18,8.75,8.78,8.8,0.28,3.1818,3.0095,620700,5620002.9,749100000.0,187275000.0
1999-05-10,'000605,中联建设,8.8,8.84,8.21,8.75,8.85,-0.05,-0.565,2.1346,440261,3819056.59,726000000.0,181500000.0
1999-05-07,'000605,中联建设,8.85,8.97,8.79,8.8,8.78,0.07,0.7973,0.9472,195350,1730731.6,730125000.0,182531250.0
1999-05-06,'000605,中联建设,8.78,8.93,8.75,8.85,8.86,-0.08,-0.9029,1.1302,233100,2062803.85,724350000.0,181087500.0
1999-05-05,'000605,中联建设,8.86,8.9,8.73,8.88,8.82,0.04,0.4535,1.4846,306200,2704270.0,730950000.0,182737500.0
1999-05-04,'000605,中联建设,8.82,8.89,8.52,8.63,8.64,0.18,2.0833,1.4005,288850,2520033.05,727650000.0,181912500.0
1999-04-30,'000605,中联建设,8.64,8.7,8.55,8.55,8.6,0.04,0.4651,0.5048,104111,897470.65,712800000.0,178200000.0
1999-04-29,'000605,中联建设,8.6,8.68,8.3,8.3,8.35,0.25,2.994,0.7256,149650,1272646.5,709500000.0,177375000.0
1999-04-28,'000605,中联建设,8.35,8.46,8.27,8.28,8.3,0.05,0.6024,0.5726,118099,984631.7,688875000.0,172218750.0
1999-04-27,'000605,中联建设,8.3,8.33,8.05,8.05,8.28,0.02,0.2415,0.8301,171217,1408791.55,684750000.0,171187500.0
1999-04-26,'000605,中联建设,8.28,8.42,8.26,8.4,8.46,-0.18,-2.1277,1.0909,225007,1872192.8,683100000.0,170775000.0
1999-04-23,'000605,中联建设,8.46,8.52,8.28,8.46,8.48,-0.02,-0.2358,0.8547,176290,1485690.2,697950000.0,174487500.0
1999-04-22,'000605,中联建设,8.48,8.5,8.26,8.5,8.57,-0.09,-1.0502,1.2509,258000,2163067.65,699600000.0,174900000.0
1999-04-21,'000605,中联建设,8.57,8.9,8.53,8.8,8.79,-0.22,-2.5028,0.8051,166062,1451836.4,707025000.0,176756250.0
1999-04-20,'000605,中联建设,8.79,8.97,8.75,8.9,8.74,0.05,0.5721,0.9018,186000,1644978.2,725175000.0,181293750.0
1999-04-19,'000605,中联建设,8.74,8.82,8.5,8.58,8.6,0.14,1.6279,0.4458,91950,795894.7,721050000.0,180262500.0
1999-04-16,'000605,中联建设,8.6,8.76,8.28,8.28,8.75,-0.15,-1.7143,1.2434,256450,2205422.5,709500000.0,177375000.0
1999-04-15,'000605,中联建设,8.75,8.9,8.7,8.75,8.79,-0.04,-0.4551,0.8255,170255,1492122.21,721875000.0,180468750.0
1999-04-14,'000605,中联建设,8.79,8.97,8.6,8.65,8.79,0.0,0.0,0.6572,135550,1192133.5,725175000.0,181293750.0
1999-04-13,'000605,中联建设,8.79,8.99,8.51,8.7,8.72,0.07,0.8028,1.5109,311615,2725191.6,725175000.0,181293750.0
1999-04-12,'000605,中联建设,8.72,9.17,8.71,9.07,9.34,-0.62,-6.6381,2.263,466750,4141925.84,719400000.0,179850000.0
1999-04-09,'000605,中联建设,9.34,9.5,9.3,9.5,9.5,-0.16,-1.6842,0.879,181300,1704801.41,770550000.0,192637500.0
1999-04-08,'000605,中联建设,9.5,9.62,9.35,9.47,9.58,-0.08,-0.8351,0.9259,190959,1807059.37,783750000.0,195937500.0
1999-04-07,'000605,中联建设,9.58,9.72,9.4,9.7,9.71,-0.13,-1.3388,1.2781,263618,2514174.7,790350000.0,197587500.0
1999-04-06,'000605,中联建设,9.71,9.98,9.7,9.9,9.93,-0.22,-2.2155,2.0321,419130,4100905.0,801075000.0,200268750.0
1999-04-05,'000605,中联建设,9.93,9.93,9.55,9.61,9.57,0.36,3.7618,3.2911,678799,6595223.29,819225000.0,204806250.0
1999-04-02,'000605,中联建设,9.57,9.64,9.36,9.42,9.42,0.15,1.5924,1.6727,345000,3292460.0,789525000.0,197381250.0
1999-04-01,'000605,中联建设,9.42,9.45,9.3,9.31,9.31,0.11,1.1815,1.5537,320448,2992295.06,777150000.0,194287500.0
1999-03-31,'000605,中联建设,9.31,9.44,9.2,9.4,9.43,-0.12,-1.2725,0.5927,122250,1135479.0,768075000.0,192018750.0
1999-03-30,'000605,中联建设,9.43,9.56,9.4,9.54,9.54,-0.11,-1.153,1.0003,206312,1948329.24,777975000.0,194493750.0
1999-03-29,'000605,中联建设,9.54,9.56,9.3,9.35,9.29,0.25,2.6911,1.9025,392383,3715653.45,787050000.0,196762500.0
1999-03-26,'000605,中联建设,9.29,9.36,9.09,9.15,9.17,0.12,1.3086,1.7411,359099,3299567.53,766425000.0,191606250.0
1999-03-25,'000605,中联建设,9.17,9.25,9.1,9.2,9.21,-0.04,-0.4343,1.3358,275500,2522420.75,756525000.0,189131250.0
1999-03-24,'000605,中联建设,9.21,9.4,9.16,9.16,9.25,-0.04,-0.4324,1.2572,259296,2394684.2,759825000.0,189956250.0
1999-03-23,'000605,中联建设,9.25,9.35,9.05,9.21,9.35,-0.1,-1.0695,1.0763,221987,2046663.63,763125000.0,190781250.0
1999-03-22,'000605,中联建设,9.35,9.58,9.33,9.51,9.5,-0.15,-1.5789,1.3934,287386,2700035.75,771375000.0,192843750.0
1999-03-19,'000605,中联建设,9.5,9.58,9.15,9.3,9.14,0.36,3.9387,1.2497,257750,2400402.0,783750000.0,195937500.0
1999-03-18,'000605,中联建设,9.14,9.48,9.1,9.48,9.4,-0.26,-2.766,1.1035,227600,2111800.5,754050000.0,188512500.0
1999-03-17,'000605,中联建设,9.4,9.65,9.36,9.65,9.6,-0.2,-2.0833,2.1038,433903,4118919.55,775500000.0,193875000.0
1999-03-16,'000605,中联建设,9.6,9.76,9.5,9.75,9.75,-0.15,-1.5385,1.5661,323015,3094765.87,792000000.0,198000000.0
1999-03-15,'000605,中联建设,9.75,10.1,9.65,9.78,9.58,0.17,1.7745,6.5477,1350458,13294196.69,804375000.0,201093750.0
1999-03-12,'000605,中联建设,9.58,9.62,9.21,9.33,9.3,0.28,3.0108,4.3962,906726,8575783.35,790350000.0,197587500.0
1999-03-11,'000605,中联建设,9.3,9.35,9.11,9.16,9.14,0.16,1.7505,1.4781,304868,2824362.56,767250000.0,191812500.0
1999-03-10,'000605,中联建设,9.14,9.24,9.0,9.11,9.12,0.02,0.2193,1.4274,294393,2673483.74,754050000.0,188512500.0
1999-03-09,'000605,中联建设,9.12,9.29,9.11,9.28,9.25,-0.13,-1.4054,1.2179,251200,2307154.0,752400000.0,188100000.0
1999-03-08,'000605,中联建设,9.25,9.3,9.0,9.1,9.1,0.15,1.6484,1.4849,306270,2806067.44,763125000.0,190781250.0
1999-03-05,'000605,中联建设,9.1,9.16,8.82,8.84,8.85,0.25,2.8249,2.4239,499930,4521189.3,750750000.0,187687500.0
1999-03-04,'000605,中联建设,8.85,9.05,8.8,9.05,8.97,-0.12,-1.3378,0.7501,154700,1377165.98,730125000.0,182531250.0
1999-03-03,'000605,中联建设,8.97,8.99,8.7,8.8,8.74,0.23,2.6316,1.3797,284560,2535216.6,740025000.0,185006250.0
1999-03-02,'000605,中联建设,8.74,8.74,8.45,8.58,8.51,0.23,2.7027,0.7968,164332,1412677.22,721050000.0,180262500.0
1999-03-01,'000605,中联建设,8.51,8.56,8.3,8.47,8.46,0.05,0.591,0.5633,116180,980819.8,702075000.0,175518750.0
1999-02-09,'000605,中联建设,8.46,8.7,8.27,8.46,8.26,0.2,2.4213,0.3279,67625,572138.55,697950000.0,174487500.0
1999-02-08,'000605,中联建设,8.26,8.46,8.12,8.15,8.27,-0.01,-0.1209,0.6528,134642,1105537.2,681450000.0,170362500.0
1999-02-05,'000605,中联建设,8.27,8.54,8.25,8.5,8.58,-0.31,-3.6131,0.64,132000,1101109.0,682275000.0,170568750.0
1999-02-04,'000605,中联建设,8.58,8.77,8.5,8.7,8.78,-0.2,-2.2779,0.7573,156200,1350670.0,707850000.0,176962500.0
1999-02-03,'000605,中联建设,8.78,8.95,8.61,8.69,8.75,0.03,0.3429,1.4837,306015,2697888.31,724350000.0,181087500.0
1999-02-02,'000605,中联建设,8.75,8.77,8.29,8.5,8.57,0.18,2.1004,2.0931,431702,3662739.6,721875000.0,180468750.0
1999-02-01,'000605,中联建设,8.57,8.8,8.54,8.66,8.71,-0.14,-1.6073,0.7971,164400,1415621.0,707025000.0,176756250.0
1999-01-29,'000605,中联建设,8.71,8.79,8.62,8.62,8.74,-0.03,-0.3432,0.9527,196500,1708894.68,718575000.0,179643750.0
1999-01-28,'000605,中联建设,8.74,8.85,8.65,8.7,8.93,-0.19,-2.1277,1.2532,258478,2252367.1,721050000.0,180262500.0
1999-01-27,'000605,中联建设,8.93,8.99,8.57,8.71,8.71,0.22,2.5258,1.6791,346316,3015256.24,736725000.0,184181250.0
1999-01-26,'000605,中联建设,8.71,9.0,8.66,8.95,9.0,-0.29,-3.2222,1.3994,288620,2524097.0,718575000.0,179643750.0
1999-01-25,'000605,中联建设,9.0,9.32,8.98,9.3,9.29,-0.29,-3.1216,1.1184,230680,2095576.0,742500000.0,185625000.0
1999-01-22,'000605,中联建设,9.29,9.39,9.2,9.22,9.28,0.01,0.1078,0.6335,130650,1210532.5,766425000.0,191606250.0
1999-01-21,'000605,中联建设,9.28,9.29,9.02,9.09,9.12,0.16,1.7544,0.4213,86890,795140.4,765600000.0,191400000.0
1999-01-20,'000605,中联建设,9.12,9.38,9.08,9.25,9.24,-0.12,-1.2987,0.5382,111002,1014541.2,752400000.0,188100000.0
1999-01-19,'000605,中联建设,9.24,9.4,9.19,9.4,9.26,-0.02,-0.216,0.7228,149070,1383990.84,762300000.0,190575000.0
1999-01-18,'000605,中联建设,9.26,9.28,8.98,9.0,8.98,0.28,3.118,1.578,325467,2982384.59,763950000.0,190987500.0
1999-01-15,'000605,中联建设,8.98,9.6,8.98,9.6,9.54,-0.56,-5.87,2.0747,427900,3935806.08,740850000.0,185212500.0
1999-01-14,'000605,中联建设,9.54,9.64,9.32,9.32,9.3,0.24,2.5806,3.4554,712680,6784738.24,787050000.0,196762500.0
1999-01-13,'000605,中联建设,9.3,9.42,9.25,9.27,9.27,0.03,0.3236,2.5454,524997,4914436.02,767250000.0,191812500.0
1999-01-12,'000605,中联建设,9.27,9.42,9.13,9.28,9.28,-0.01,-0.1078,2.416,498307,4625337.06,764775000.0,191193750.0
1999-01-11,'000605,中联建设,9.28,9.3,9.0,9.06,9.17,0.11,1.1996,1.3354,275434,2513121.94,765600000.0,191400000.0
1999-01-08,'000605,中联建设,9.17,9.18,8.7,8.7,8.69,0.48,5.5236,1.9297,397998,3594779.42,756525000.0,189131250.0
1999-01-07,'000605,中联建设,8.69,8.86,8.66,8.67,8.8,-0.11,-1.25,0.7045,145300,1266177.0,716925000.0,179231250.0
1999-01-06,'000605,中联建设,8.8,8.88,8.58,8.58,8.69,0.11,1.2658,0.7807,161022,1415305.62,726000000.0,181500000.0
1999-01-05,'000605,中联建设,8.69,8.82,8.0,8.8,8.8,-0.11,-1.25,0.704,145194,1241327.3,716925000.0,179231250.0
1999-01-04,'000605,中联建设,8.8,9.0,8.8,8.98,9.0,-0.2,-2.2222,0.4174,86091,766814.06,726000000.0,181500000.0
1998-12-31,'000605,中联建设,9.0,9.19,8.88,9.1,9.11,-0.11,-1.2075,0.3141,64780,583898.8,742500000.0,185625000.0
1998-12-30,'000605,中联建设,9.11,9.14,8.9,9.02,9.01,0.1,1.1099,0.4722,97401,878426.95,751575000.0,187893750.0
1998-12-29,'000605,中联建设,9.01,9.2,8.98,9.1,9.15,-0.14,-1.5301,0.3263,67300,611782.0,743325000.0,185831250.0
1998-12-28,'000605,中联建设,9.15,9.44,9.15,9.2,9.23,-0.08,-0.8667,0.2778,57300,527195.0,754875000.0,188718750.0
1998-12-25,'000605,中联建设,9.23,9.45,9.15,9.38,9.25,-0.02,-0.2162,0.4465,92082,858233.4,761475000.0,190368750.0
1998-12-24,'000605,中联建设,9.25,9.31,9.14,9.25,9.36,-0.11,-1.1752,0.3762,77600,716692.0,763125000.0,190781250.0
1998-12-23,'000605,中联建设,9.36,9.38,9.2,9.36,9.39,-0.03,-0.3195,0.6617,136467,1265630.09,772200000.0,193050000.0
1998-12-22,'000605,中联建设,9.39,9.45,9.1,9.1,9.07,0.32,3.5281,0.8863,182794,1698676.74,774675000.0,193668750.0
1998-12-21,'000605,中联建设,9.07,9.11,8.81,8.81,8.92,0.15,1.6816,0.2948,60800,549850.0,748275000.0,187068750.0
1998-12-18,'000605,中联建设,8.92,9.15,8.82,9.05,8.92,0.0,0.0,0.6408,132173,1179313.09,735900000.0,183975000.0
1998-12-17,'000605,中联建设,8.92,9.12,8.88,9.06,9.1,-0.18,-1.978,1.0213,210639,1889520.1,735900000.0,183975000.0
1998-12-16,'000605,中联建设,9.1,9.34,9.02,9.3,9.3,-0.2,-2.1505,0.6705,138300,1275613.0,750750000.0,187687500.0
1998-12-15,'000605,中联建设,9.3,9.35,9.0,9.09,9.34,-0.04,-0.4283,1.8895,389705,3553377.22,767250000.0,191812500.0
1998-12-14,'000605,中联建设,9.34,9.88,9.18,9.88,9.92,-0.58,-5.8468,1.943,400751,3770955.44,770550000.0,192637500.0
1998-12-11,'000605,中联建设,9.92,10.2,9.5,10.1,10.0,-0.08,-0.8,2.476,510680,4984297.8,818400000.0,204600000.0
1998-12-10,'000605,中联建设,10.0,10.45,9.78,10.38,10.29,-0.29,-2.8183,2.607,537700,5390104.16,825000000.0,206250000.0
1998-12-09,'000605,中联建设,10.29,10.44,9.8,9.89,9.88,0.41,4.1498,3.3178,684304,6985371.84,848925000.0,212231250.0
1998-12-08,'000605,中联建设,9.88,10.04,9.75,9.85,9.85,0.03,0.3046,0.4398,90700,896173.0,815100000.0,203775000.0
1998-12-07,'000605,中联建设,9.85,10.5,9.8,10.5,10.09,-0.24,-2.3786,0.6701,138200,1374631.0,812625000.0,203156250.0
1998-12-04,'000605,中联建设,10.09,10.45,10.03,10.4,10.37,-0.28,-2.7001,0.737,152010,1553280.0,832425000.0,208106250.0
1998-12-03,'000605,中联建设,10.37,10.5,10.35,10.41,10.5,-0.13,-1.2381,0.5508,113595,1182686.2,855525000.0,213881250.0
1998-12-02,'000605,中联建设,10.5,10.91,10.37,10.37,10.67,-0.17,-1.5933,0.5038,103900,1111878.0,866250000.0,216562500.0
1998-12-01,'000605,中联建设,0.0,0.0,0.0,0.0,10.67,None,None,0.0,0,0.0,880275000.0,220068750.0
1998-11-30,'000605,中联建设,0.0,0.0,0.0,0.0,10.67,None,None,0.0,0,0.0,880275000.0,220068750.0
1998-11-27,'000605,中联建设,10.67,11.05,10.52,10.82,10.9,-0.23,-2.1101,0.9602,198035,2125383.65,880275000.0,220068750.0
1998-11-26,'000605,中联建设,10.9,11.22,10.8,11.0,11.18,-0.28,-2.5045,0.5773,119065,1308223.78,899250000.0,224812500.0
1998-11-25,'000605,中联建设,11.18,11.48,11.08,11.38,11.2,-0.02,-0.1786,0.6366,131300,1465658.0,922350000.0,230587500.0
1998-11-24,'000605,中联建设,11.2,11.45,11.01,11.45,11.39,-0.19,-1.6681,1.0452,215580,2438057.2,924000000.0,231000000.0
1998-11-23,'000605,中联建设,11.39,11.39,10.7,11.05,11.29,0.1,0.8857,4.8526,1000843,10964159.8,939675000.0,234918750.0
1998-11-20,'000605,中联建设,11.29,11.5,11.2,11.25,11.33,-0.04,-0.353,0.9338,192600,2170486.75,931425000.0,232856250.0
1998-11-19,'000605,中联建设,11.33,11.58,11.3,11.58,11.58,-0.25,-2.1589,0.9595,197900,2254477.1,934725000.0,233681250.0
1998-11-18,'000605,中联建设,11.58,11.7,11.43,11.44,11.44,0.14,1.2238,1.8807,387893,4474799.7,955350000.0,238837500.0
1998-11-17,'000605,中联建设,11.44,11.8,11.4,11.68,11.64,-0.2,-1.7182,1.3285,274000,3151295.0,943800000.0,235950000.0
1998-11-16,'000605,中联建设,11.64,11.99,11.6,11.95,11.88,-0.24,-2.0202,0.9964,205500,2419315.71,960300000.0,240075000.0
1998-11-13,'000605,中联建设,11.88,12.13,11.6,11.6,11.38,0.5,4.3937,3.2178,663673,7873485.05,980100000.0,245025000.0
1998-11-12,'000605,中联建设,11.38,11.76,11.21,11.6,11.66,-0.28,-2.4014,2.1761,448825,5153581.55,938850000.0,234712500.0
1998-11-11,'000605,中联建设,11.66,11.73,11.5,11.58,11.56,0.1,0.8651,1.6286,335900,3896123.07,961950000.0,240487500.0
1998-11-10,'000605,中联建设,11.56,11.82,11.5,11.67,11.65,-0.09,-0.7725,1.3591,280322,3247497.19,953700000.0,238425000.0
1998-11-09,'000605,中联建设,11.65,11.75,11.46,11.58,11.58,0.07,0.6045,1.6801,346520,4014538.25,961125000.0,240281250.0
1998-11-06,'000605,中联建设,11.58,11.95,11.5,11.95,11.88,-0.3,-2.5253,2.6318,542805,6338475.78,955350000.0,238837500.0
1998-11-05,'000605,中联建设,11.88,12.03,11.71,11.96,11.99,-0.11,-0.9174,1.8337,378203,4493878.19,980100000.0,245025000.0
1998-11-04,'000605,中联建设,11.99,12.15,11.9,12.05,12.04,-0.05,-0.4153,2.0013,412761,4958888.06,989175000.0,247293750.0
1998-11-03,'000605,中联建设,12.04,12.1,11.7,11.88,11.88,0.16,1.3468,2.2961,473578,5663578.13,993300000.0,248325000.0
1998-11-02,'000605,中联建设,11.88,11.93,11.6,11.6,11.7,0.18,1.5385,1.4215,293186,3473475.3,980100000.0,245025000.0
1998-10-30,'000605,中联建设,11.7,11.75,11.55,11.69,11.71,-0.01,-0.0854,1.9476,401699,4682974.35,965250000.0,241312500.0
1998-10-29,'000605,中联建设,11.71,12.0,11.6,12.0,12.01,-0.3,-2.4979,2.4805,511605,6052523.6,966075000.0,241518750.0
1998-10-28,'000605,中联建设,12.01,12.06,11.6,11.8,11.58,0.43,3.7133,6.9686,1437281,17137797.63,990825000.0,247706250.0
1998-10-27,'000605,中联建设,11.58,11.68,11.15,11.25,11.28,0.3,2.6596,1.7113,352952,4062747.7,955350000.0,238837500.0
1998-10-26,'000605,中联建设,11.28,11.38,11.1,11.38,11.38,-0.1,-0.8787,2.1479,443000,4975809.5,930600000.0,232650000.0
1998-10-23,'000605,中联建设,11.38,11.65,11.3,11.6,11.63,-0.25,-2.1496,1.9629,404840,4663291.29,938850000.0,234712500.0
1998-10-22,'000605,中联建设,11.63,11.63,11.28,11.36,11.36,0.27,2.3768,2.6856,553895,6316974.1,959475000.0,239868750.0
1998-10-21,'000605,中联建设,11.36,11.7,11.21,11.7,11.63,-0.27,-2.3216,2.4523,505780,5770663.15,937200000.0,234300000.0
1998-10-20,'000605,中联建设,11.63,11.9,11.5,11.9,11.8,-0.17,-1.4407,1.7766,366428,4277296.64,959475000.0,239868750.0
1998-10-19,'000605,中联建设,11.8,11.86,11.63,11.63,11.54,0.26,2.253,2.8224,582130,6864652.14,973500000.0,243375000.0
1998-10-16,'000605,中联建设,11.54,11.62,11.44,11.46,11.44,0.1,0.8741,1.8947,390773,4509944.08,952050000.0,238012500.0
1998-10-15,'000605,中联建设,11.44,11.5,11.2,11.37,11.23,0.21,1.87,1.1553,238274,2715138.16,943800000.0,235950000.0
1998-10-14,'000605,中联建设,11.23,11.45,11.2,11.4,11.32,-0.09,-0.7951,1.025,211407,2382759.65,926475000.0,231618750.0
1998-10-13,'000605,中联建设,11.32,11.77,11.25,11.55,11.51,-0.19,-1.6507,2.4965,514900,5956980.1,933900000.0,233475000.0
1998-10-12,'000605,中联建设,11.51,11.62,11.37,11.4,11.36,0.15,1.3204,2.132,439732,5052063.71,949575000.0,237393750.0
1998-10-09,'000605,中联建设,11.36,11.49,10.88,10.88,10.85,0.51,4.7005,3.6813,759260,8609729.94,937200000.0,234300000.0
1998-10-08,'000605,中联建设,10.85,10.85,10.65,10.66,10.63,0.22,2.0696,0.8597,177307,1908601.76,895125000.0,223781250.0
1998-10-07,'000605,中联建设,10.63,10.9,10.51,10.78,10.8,-0.17,-1.5741,1.1364,234387,2510689.4,876975000.0,219243750.0
1998-10-06,'000605,中联建设,10.8,11.28,10.8,11.18,11.29,-0.49,-4.3401,1.4663,302423,3320915.5,891000000.0,222750000.0
1998-10-05,'000605,中联建设,11.29,11.4,11.03,11.38,11.22,0.07,0.6239,1.6061,331262,3720803.2,931425000.0,232856250.0
1998-09-30,'000605,中联建设,11.22,11.45,11.14,11.45,11.13,0.09,0.8086,1.5877,327460,3669911.42,925650000.0,231412500.0
1998-09-29,'000605,中联建设,11.13,11.3,11.0,11.05,11.08,0.05,0.4513,2.7996,577418,6439238.5,918225000.0,229556250.0
1998-09-28,'000605,中联建设,11.08,11.52,11.0,11.01,10.9,0.18,1.6514,10.3759,2140023,24125629.84,914100000.0,228525000.0
1998-09-25,'000605,中联建设,10.9,11.08,10.15,10.25,10.27,0.63,6.1344,5.7736,1190799,12649003.33,899250000.0,224812500.0
1998-09-24,'000605,中联建设,10.27,10.45,10.15,10.4,10.25,0.02,0.1951,3.2861,677759,6969053.94,847275000.0,211818750.0
1998-09-23,'000605,中联建设,10.25,10.39,9.8,9.86,9.85,0.4,4.0609,2.7586,568955,5769921.57,845625000.0,211406250.0
1998-09-22,'000605,中联建设,9.85,9.98,9.75,9.75,9.89,-0.04,-0.4044,1.0784,222426,2185868.6,812625000.0,203156250.0
1998-09-21,'000605,中联建设,9.89,9.95,9.55,9.55,9.7,0.19,1.9588,0.9005,185730,1808046.8,815925000.0,203981250.0
1998-09-18,'000605,中联建设,9.7,10.05,9.58,9.88,10.1,-0.4,-3.9604,1.6029,330600,3247990.0,800250000.0,200062500.0
1998-09-17,'000605,中联建设,10.1,10.59,9.97,10.59,10.25,-0.15,-1.4634,4.2765,882038,9005349.14,833250000.0,208312500.0
1998-09-16,'000605,中联建设,10.25,10.29,10.05,10.29,10.3,-0.05,-0.4854,1.9404,400201,4054369.05,845625000.0,211406250.0
1998-09-15,'000605,中联建设,10.3,10.7,10.28,10.69,10.51,-0.21,-1.9981,1.355,279460,2904958.0,849750000.0,212437500.0
1998-09-14,'000605,中联建设,10.51,10.59,10.1,10.1,10.1,0.41,4.0594,1.7224,355238,3682170.96,867075000.0,216768750.0
1998-09-11,'000605,中联建设,10.1,10.39,9.9,10.0,10.12,-0.02,-0.1976,1.328,273900,2764676.5,833250000.0,208312500.0
1998-09-10,'000605,中联建设,10.12,10.3,9.7,9.92,9.89,0.23,2.3256,2.5136,518430,5245927.0,834900000.0,208725000.0
1998-09-09,'000605,中联建设,9.89,9.9,9.55,9.55,9.64,0.25,2.5934,1.439,296794,2908350.42,815925000.0,203981250.0
1998-09-08,'000605,中联建设,9.64,9.98,9.51,9.84,9.84,-0.2,-2.0325,1.5202,313545,3063676.23,795300000.0,198825000.0
1998-09-07,'000605,中联建设,9.84,9.9,9.58,9.58,9.58,0.26,2.714,0.7406,152756,1485156.2,811800000.0,202950000.0
1998-09-04,'000605,中联建设,9.58,9.7,9.5,9.58,9.57,0.01,0.1045,0.7195,148397,1422668.45,790350000.0,197587500.0
1998-09-03,'000605,中联建设,9.57,9.63,9.16,9.29,9.28,0.29,3.125,1.3763,283854,2684409.48,789525000.0,197381250.0
1998-09-02,'000605,中联建设,9.28,9.29,8.98,9.11,9.16,0.12,1.31,1.4934,308009,2798285.52,765600000.0,191400000.0
1998-09-01,'000605,中联建设,9.16,9.49,9.08,9.1,9.15,0.01,0.1093,1.3542,279300,2575656.0,755700000.0,188925000.0
1998-08-31,'000605,中联建设,9.15,9.15,8.55,8.96,9.04,0.11,1.2168,1.6802,346540,3068991.0,754875000.0,188718750.0
1998-08-28,'000605,中联建设,9.04,9.35,9.01,9.01,9.37,-0.33,-3.5219,0.8984,185300,1693330.0,745800000.0,186450000.0
1998-08-27,'000605,中联建设,9.37,9.81,9.35,9.7,9.73,-0.36,-3.6999,2.6164,539631,5198370.71,773025000.0,193256250.0
1998-08-26,'000605,中联建设,9.73,9.94,8.8,8.95,9.04,0.69,7.6327,6.3859,1317088,12846550.4,802725000.0,200681250.0
1998-08-25,'000605,中联建设,9.04,9.28,8.99,9.28,9.16,-0.12,-1.31,0.7163,147743,1335926.5,745800000.0,186450000.0
1998-08-24,'000605,中联建设,9.16,9.42,8.98,9.2,9.17,-0.01,-0.1091,1.0153,209400,1926102.7,755700000.0,188925000.0
1998-08-21,'000605,中联建设,9.17,9.3,8.88,9.09,9.06,0.11,1.2141,1.1418,235500,2142052.0,756525000.0,189131250.0
1998-08-20,'000605,中联建设,9.06,9.08,8.4,8.6,8.6,0.46,5.3488,1.1616,239570,2129770.42,747450000.0,186862500.0
1998-08-19,'000605,中联建设,8.6,8.65,8.11,8.11,8.13,0.47,5.7811,0.9714,200354,1689363.98,709500000.0,177375000.0
1998-08-18,'000605,中联建设,8.13,8.77,8.03,8.5,8.65,-0.52,-6.0116,1.3455,277500,2305372.15,670725000.0,167681250.0
1998-08-17,'000605,中联建设,8.65,9.5,8.65,9.23,9.61,-0.96,-9.9896,1.2005,247600,2192813.5,713625000.0,178406250.0
1998-08-14,'000605,中联建设,9.61,10.09,9.5,10.01,10.07,-0.46,-4.568,0.6293,129800,1262658.47,792825000.0,198206250.0
1998-08-13,'000605,中联建设,10.07,10.2,9.5,10.01,10.0,0.07,0.7,0.9542,196805,1942213.75,830775000.0,207693750.0
1998-08-12,'000605,中联建设,10.0,10.27,9.2,9.2,10.04,-0.04,-0.3984,0.9609,198177,1930793.46,825000000.0,206250000.0
1998-08-11,'000605,中联建设,10.04,10.4,10.01,10.17,10.01,0.03,0.2997,0.9886,203900,2078110.86,828300000.0,207075000.0
1998-08-10,'000605,中联建设,10.01,10.5,9.8,10.0,10.5,-0.49,-4.6667,1.9909,410615,4110252.0,825825000.0,206456250.0
1998-08-07,'000605,中联建设,10.5,10.85,10.38,10.81,10.87,-0.37,-3.4039,0.9168,189100,2009842.0,866250000.0,216562500.0
1998-08-06,'000605,中联建设,10.87,11.16,10.85,11.1,11.02,-0.15,-1.3612,0.5697,117500,1285431.11,896775000.0,224193750.0
1998-08-05,'000605,中联建设,11.02,11.05,10.8,10.8,10.88,0.14,1.2868,0.7048,145367,1589437.91,909150000.0,227287500.0
1998-08-04,'000605,中联建设,10.88,11.42,10.83,11.4,11.23,-0.35,-3.1167,1.919,395800,4367348.0,897600000.0,224400000.0
1998-08-03,'000605,中联建设,11.23,11.48,11.1,11.48,11.48,-0.25,-2.1777,1.2299,253664,2854165.65,926475000.0,231618750.0
1998-07-31,'000605,中联建设,11.48,11.7,11.2,11.25,11.3,0.18,1.5929,2.0304,418779,4765111.85,947100000.0,236775000.0
1998-07-30,'000605,中联建设,11.3,11.62,11.2,11.6,11.5,-0.2,-1.7391,1.7484,360600,4104418.2,932250000.0,233062500.0
1998-07-29,'000605,中联建设,11.5,11.71,11.4,11.65,11.68,-0.18,-1.5411,1.6145,333000,3840100.4,948750000.0,237187500.0
1998-07-28,'000605,中联建设,11.68,11.69,11.38,11.4,11.5,0.18,1.5652,1.4669,302550,3485785.0,963600000.0,240900000.0
1998-07-27,'000605,中联建设,11.5,11.95,11.36,11.9,11.95,-0.45,-3.7657,2.7795,573270,6645535.87,948750000.0,237187500.0
1998-07-24,'000605,中联建设,11.95,11.97,11.7,11.8,11.8,0.15,1.2712,2.0631,425515,5046507.6,985875000.0,246468750.0
1998-07-23,'000605,中联建设,11.8,12.2,11.68,12.05,11.85,-0.05,-0.4219,2.5181,519352,6134361.28,973500000.0,243375000.0
1998-07-22,'000605,中联建设,11.85,12.3,11.7,12.08,11.99,-0.14,-1.1676,1.7402,358920,4304462.0,977625000.0,244406250.0
1998-07-21,'000605,中联建设,11.99,12.4,11.68,12.2,12.18,-0.19,-1.5599,5.0656,1044775,12511956.3,989175000.0,247293750.0
1998-07-20,'000605,中联建设,12.18,12.75,12.1,12.6,12.59,-0.41,-3.2566,4.6695,963079,12020434.29,1004850000.0,251212500.0
1998-07-17,'000605,中联建设,12.59,12.95,12.1,12.5,12.7,-0.11,-0.8661,4.4568,919222,11579285.45,1038675000.0,259668750.0
1998-07-16,'000605,中联建设,12.7,13.15,12.65,13.0,12.98,-0.28,-2.1572,6.7776,1397885,18154940.45,1047750000.0,261937500.0
1998-07-15,'000605,中联建设,12.98,13.06,12.49,12.5,12.47,0.51,4.0898,9.7774,2016592,25913913.37,1070850000.0,267712500.0
1998-07-14,'000605,中联建设,12.47,12.9,12.35,12.35,12.37,0.1,0.8084,4.0045,825933,10471063.54,1028775000.0,257193750.0
1998-07-13,'000605,中联建设,12.37,12.65,12.2,12.41,12.52,-0.15,-1.1981,2.2029,454347,5636480.62,1020525000.0,255131250.0
1998-07-10,'000605,中联建设,12.52,12.7,12.4,12.58,12.63,-0.11,-0.8709,3.5242,726873,9156506.63,1032900000.0,258225000.0
1998-07-09,'000605,中联建设,12.63,12.8,12.3,12.5,12.5,0.13,1.04,6.4256,1325271,16691508.1,1041975000.0,260493750.0
1998-07-08,'000605,中联建设,12.5,12.5,11.75,11.75,11.78,0.72,6.1121,9.7472,2010361,24565773.03,1031250000.0,257812500.0
1998-07-07,'000605,中联建设,11.78,12.1,11.6,11.6,11.74,0.04,0.3407,2.5417,524216,6261906.56,971850000.0,242962500.0
1998-07-06,'000605,中联建设,11.74,12.1,11.42,11.8,11.67,0.07,0.5998,1.9511,402422,4795677.9,968550000.0,242137500.0
1998-07-03,'000605,中联建设,11.67,11.85,11.5,11.5,11.65,0.02,0.1717,0.7176,148012,1732773.12,962775000.0,240693750.0
1998-07-02,'000605,中联建设,11.65,11.65,11.14,11.34,11.36,0.29,2.5528,0.7021,144814,1639910.3,961125000.0,240281250.0
1998-07-01,'000605,中联建设,11.36,12.07,11.35,12.07,11.55,-0.19,-1.645,0.6022,124200,1429693.0,937200000.0,234300000.0
1998-06-30,'000605,中联建设,11.55,11.9,11.28,11.3,11.32,0.23,2.0318,1.0625,219144,2547580.73,952875000.0,238218750.0
1998-06-29,'000605,中联建设,11.32,11.45,11.1,11.4,11.53,-0.21,-1.8213,0.8732,180100,2045753.1,933900000.0,233475000.0
1998-06-26,'000605,中联建设,11.53,12.0,11.45,11.75,11.7,-0.17,-1.453,1.4764,304500,3527086.0,951225000.0,237806250.0
1998-06-25,'000605,中联建设,11.7,12.25,11.68,12.25,12.0,-0.3,-2.5,1.1479,236750,2794263.5,965250000.0,241312500.0
1998-06-24,'000605,中联建设,12.0,12.49,12.0,12.49,12.14,-0.14,-1.1532,1.1139,229750,2784718.0,990000000.0,247500000.0
1998-06-23,'000605,中联建设,12.14,12.35,12.01,12.12,12.42,-0.28,-2.2544,1.3714,282858,3452136.84,1001550000.0,250387500.0
1998-06-22,'000605,中联建设,12.42,12.42,11.9,12.1,12.1,0.32,2.6446,1.9766,407667,4981188.89,1024650000.0,256162500.0
1998-06-19,'000605,中联建设,12.1,12.25,11.8,11.8,12.05,0.05,0.4149,1.8653,384715,4666113.0,998250000.0,249562500.0
1998-06-18,'000605,中联建设,12.05,12.08,11.8,12.08,11.75,0.3,2.5532,1.1432,235780,2819400.65,994125000.0,248531250.0
1998-06-17,'000605,中联建设,11.75,12.0,11.6,11.83,11.83,-0.08,-0.6762,0.5617,115845,1361527.25,969375000.0,242343750.0
1998-06-16,'000605,中联建设,11.83,12.0,11.42,11.42,11.75,0.08,0.6809,0.8675,178927,2087929.76,975975000.0,243993750.0
1998-06-15,'000605,中联建设,11.75,12.4,11.65,12.28,12.28,-0.53,-4.316,1.5741,324658,3847409.96,969375000.0,242343750.0
1998-06-12,'000605,中联建设,12.28,12.28,11.5,11.5,11.38,0.9,7.9086,2.4992,515451,6203561.08,1013100000.0,253275000.0
1998-06-11,'000605,中联建设,11.38,12.18,11.0,12.07,12.01,-0.63,-5.2456,1.5984,329667,3837356.78,938850000.0,234712500.0
1998-06-10,'000605,中联建设,12.01,12.5,12.0,12.5,12.36,-0.35,-2.8317,2.423,499734,6110116.61,990825000.0,247706250.0
1998-06-09,'000605,中联建设,12.36,13.1,12.2,12.8,12.79,-0.43,-3.362,1.8302,377470,4746141.54,1019700000.0,254925000.0
1998-06-08,'000605,中联建设,12.79,13.18,12.75,12.82,12.75,0.04,0.3137,2.7497,567131,7355200.77,1055175000.0,263793750.0
1998-06-05,'000605,中联建设,12.75,13.5,12.6,13.3,13.22,-0.47,-3.5552,4.5919,947083,12238675.58,1051875000.0,262968750.0
1998-06-04,'000605,中联建设,13.22,13.9,13.0,13.68,13.77,-0.55,-3.9942,3.7457,772555,10484298.62,1090650000.0,272662500.0
1998-06-03,'000605,中联建设,13.77,13.8,13.35,13.41,13.3,0.47,3.5338,5.357,1104891,15083604.85,1136025000.0,284006250.0
1998-06-02,'000605,中联建设,13.3,13.4,12.85,12.98,12.89,0.41,3.1808,6.1203,1262318,16674924.72,1097250000.0,274312500.0
1998-06-01,'000605,中联建设,12.89,13.36,12.75,13.01,12.86,0.03,0.2333,2.0878,430599,5579824.03,1063425000.0,265856250.0
1998-05-29,'000605,中联建设,12.86,13.64,12.4,12.45,12.4,0.46,3.7097,4.6715,963499,12551987.2,1060950000.0,265237500.0
1998-05-28,'000605,中联建设,12.4,12.98,12.4,12.89,12.8,-0.4,-3.125,1.7838,367900,4637740.0,1023000000.0,255750000.0
1998-05-27,'000605,中联建设,12.8,12.97,12.44,12.74,12.59,0.21,1.668,2.318,478080,6067110.94,1056000000.0,264000000.0
1998-05-26,'000605,中联建设,12.59,13.1,12.3,13.1,12.94,-0.35,-2.7048,3.1365,646910,8184841.6,1038675000.0,259668750.0
1998-05-25,'000605,中联建设,12.94,13.4,12.81,13.25,13.08,-0.14,-1.0703,4.561,940701,12350517.1,1067550000.0,266887500.0
1998-05-22,'000605,中联建设,13.08,13.2,12.8,12.98,12.9,0.18,1.3953,6.5736,1355810,17665472.69,1079100000.0,269775000.0
1998-05-21,'000605,中联建设,12.9,13.07,12.28,12.3,12.22,0.68,5.5646,7.5193,1550850,19851996.6,1064250000.0,266062500.0
1998-05-20,'000605,中联建设,12.22,12.68,12.2,12.5,12.51,-0.29,-2.3181,3.9806,821008,10249529.54,1008150000.0,252037500.0
1998-05-19,'000605,中联建设,12.51,12.7,11.92,12.0,11.97,0.54,4.5113,8.528,1758890,21850055.55,1032075000.0,258018750.0
1998-05-18,'000605,中联建设,11.97,12.18,11.62,11.62,11.61,0.36,3.1008,3.8213,788150,9438490.51,987525000.0,246881250.0
1998-05-15,'000605,中联建设,11.61,11.97,11.5,11.7,11.63,-0.02,-0.172,2.4888,513306,6006795.68,957825000.0,239456250.0
1998-05-14,'000605,中联建设,11.63,12.3,11.6,12.1,12.03,-0.4,-3.325,3.5243,726879,8599597.66,959475000.0,239868750.0
1998-05-13,'000605,中联建设,12.03,12.2,11.78,11.78,11.78,0.25,2.1222,3.5305,728161,8739745.43,992475000.0,248118750.0
1998-05-12,'000605,中联建设,11.78,12.0,11.66,12.0,12.05,-0.27,-2.2407,2.9312,604558,7107971.96,971850000.0,242962500.0
1998-05-11,'000605,中联建设,12.05,13.0,12.0,12.2,12.04,0.01,0.0831,9.4968,1958712,24225699.01,994125000.0,248531250.0
1998-05-08,'000605,中联建设,12.04,12.3,11.5,11.7,11.74,0.3,2.5554,13.7572,2837420,34110512.01,993300000.0,248325000.0
1998-05-07,'000605,中联建设,11.74,12.19,11.0,11.16,11.09,0.65,5.8611,8.5263,1758558,20467107.64,968550000.0,242137500.0
1998-05-06,'000605,中联建设,11.09,11.46,10.8,10.87,10.86,0.23,2.1179,3.1163,642728,7185449.1,914925000.0,228731250.0
1998-05-05,'000605,中联建设,10.86,11.09,10.79,11.09,10.95,-0.09,-0.8219,1.876,386923,4197611.62,895950000.0,223987500.0
1998-05-04,'000605,中联建设,10.95,11.03,10.6,10.94,10.93,0.02,0.183,1.9182,395625,4281890.26,903375000.0,225843750.0
1998-04-30,'000605,中联建设,10.93,11.18,10.85,10.96,10.96,-0.03,-0.2737,1.4304,295030,3228166.06,901725000.0,225431250.0
1998-04-29,'000605,中联建设,10.96,11.05,10.76,10.76,10.76,0.2,1.8587,1.2106,249689,2739981.78,904200000.0,226050000.0
1998-04-28,'000605,中联建设,10.76,11.01,10.55,10.6,10.64,0.12,1.1278,1.5648,322750,3506829.4,887700000.0,221925000.0
1998-04-27,'000605,中联建设,10.64,11.21,10.5,11.21,11.14,-0.5,-4.4883,2.6609,548817,5916043.1,877800000.0,219450000.0
1998-04-24,'000605,中联建设,11.14,11.35,11.12,11.21,11.17,-0.03,-0.2686,1.618,333710,3753808.31,919050000.0,229762500.0
1998-04-23,'000605,中联建设,11.17,11.5,11.0,11.48,11.48,-0.31,-2.7003,1.621,334324,3751369.49,921525000.0,230381250.0
1998-04-22,'000605,中联建设,11.48,11.48,11.2,11.27,11.26,0.22,1.9538,1.6513,340574,3866558.47,947100000.0,236775000.0
1998-04-21,'000605,中联建设,11.26,11.4,11.19,11.2,11.29,-0.03,-0.2657,1.3868,286020,3224084.4,928950000.0,232237500.0
1998-04-20,'000605,中联建设,11.29,11.6,10.95,11.1,11.23,0.06,0.5343,1.0164,209630,2362030.6,931425000.0,232856250.0
1998-04-17,'000605,中联建设,11.23,11.6,11.1,11.6,11.66,-0.43,-3.6878,2.0739,427740,4821538.2,926475000.0,231618750.0
1998-04-16,'000605,中联建设,11.66,12.05,11.5,12.0,12.07,-0.41,-3.3969,3.348,690525,8180433.21,961950000.0,240487500.0
1998-04-15,'000605,中联建设,12.07,12.23,11.81,12.0,12.0,0.07,0.5833,3.9555,815817,9799045.6,995775000.0,248943750.0
1998-04-14,'000605,中联建设,12.0,12.5,11.56,11.56,11.56,0.44,3.8062,13.5224,2789005,33899964.54,990000000.0,247500000.0
1998-04-13,'000605,中联建设,11.56,11.63,10.82,10.98,11.0,0.56,5.0909,7.9995,1649891,18769322.28,953700000.0,238425000.0
1998-04-10,'000605,中联建设,11.0,11.37,10.8,11.2,11.15,-0.15,-1.3453,3.5092,723780,7985121.93,907500000.0,226875000.0
1998-04-09,'000605,中联建设,0.0,0.0,0.0,0.0,11.15,None,None,0.0,0,0.0,919875000.0,229968750.0
1998-04-08,'000605,中联建设,11.15,11.19,10.7,10.9,10.97,0.18,1.6408,4.7401,977637,10716430.92,919875000.0,229968750.0
1998-04-07,'000605,中联建设,10.97,11.0,10.7,10.9,10.93,0.04,0.366,2.6847,553727,6013058.54,905025000.0,226256250.0
1998-04-06,'000605,中联建设,10.93,11.38,10.6,10.71,10.83,0.1,0.9234,3.1452,648695,7122032.85,901725000.0,225431250.0
1998-04-03,'000605,中联建设,10.83,10.97,10.65,10.97,10.97,-0.14,-1.2762,2.8404,585839,6338612.36,893475000.0,223368750.0
1998-04-02,'000605,中联建设,10.97,11.55,10.9,10.95,10.96,0.01,0.0912,4.6949,968330,10801558.5,905025000.0,226256250.0
1998-04-01,'000605,中联建设,10.96,11.24,10.83,11.23,11.25,-0.29,-2.5778,3.9307,810700,8915617.08,904200000.0,226050000.0
1998-03-31,'000605,中联建设,11.25,11.63,11.2,11.63,11.64,-0.39,-3.3505,2.2628,466700,5309394.95,928125000.0,232031250.0
1998-03-30,'000605,中联建设,11.64,11.7,10.9,11.23,11.23,0.41,3.6509,5.6878,1173118,13052341.81,960300000.0,240075000.0
1998-03-27,'000605,中联建设,11.23,11.5,11.0,11.5,11.08,0.15,1.3538,5.0275,1036926,11570923.56,926475000.0,231618750.0
1998-03-26,'000605,中联建设,11.08,11.3,10.95,11.02,11.14,-0.06,-0.5386,5.0533,1042252,11536458.13,914100000.0,228525000.0
1998-03-25,'000605,中联建设,11.14,11.73,9.98,11.3,11.04,0.1,0.9058,9.5052,1960445,22127838.83,919050000.0,229762500.0
1998-03-24,'000605,中联建设,11.04,11.08,10.44,10.53,10.54,0.5,4.7438,8.0353,1657280,17774376.02,910800000.0,227700000.0
1998-03-23,'000605,中联建设,10.54,10.68,10.22,10.22,10.2,0.34,3.3333,7.8623,1621604,16957054.36,869550000.0,217387500.0
1998-03-20,'000605,中联建设,10.2,10.6,10.15,10.55,10.45,-0.25,-2.3923,2.1887,451422,4678120.88,841500000.0,210375000.0
1998-03-19,'000605,中联建设,10.45,10.7,10.15,10.2,10.27,0.18,1.7527,7.7434,1597085,16734749.2,862125000.0,215531250.0
1998-03-18,'000605,中联建设,10.27,10.3,10.0,10.22,10.2,0.07,0.6863,3.197,659387,6711369.2,847275000.0,211818750.0
1998-03-17,'000605,中联建设,10.2,10.3,9.24,10.18,10.25,-0.05,-0.4878,2.572,530485,5373572.4,841500000.0,210375000.0
1998-03-16,'000605,中联建设,10.25,10.3,9.6,9.72,9.52,0.73,7.6681,1.4357,296111,2934126.08,845625000.0,211406250.0
1998-03-13,'000605,中联建设,9.52,9.62,9.45,9.45,9.52,0.0,0.0,0.8823,181980,1732270.88,785400000.0,196350000.0
1998-03-12,'000605,中联建设,9.52,9.7,9.44,9.6,9.72,-0.2,-2.0576,1.746,360105,3452749.0,785400000.0,196350000.0
1998-03-11,'000605,中联建设,9.72,10.05,9.65,9.85,9.86,-0.14,-1.4199,1.0025,206766,2031018.5,801900000.0,200475000.0
1998-03-10,'000605,中联建设,9.86,10.2,9.4,9.5,9.58,0.28,2.9228,3.057,630515,6214313.58,813450000.0,203362500.0
1998-03-09,'000605,中联建设,9.58,9.85,9.11,9.11,10.12,-0.54,-5.336,6.9415,1431682,13559387.1,790350000.0,197587500.0
1998-03-06,'000605,中联建设,10.12,10.53,9.95,10.15,10.1,0.02,0.198,7.0631,1456774,14960014.0,834900000.0,208725000.0
1998-03-05,'000605,中联建设,10.1,10.23,9.78,9.8,9.86,0.24,2.4341,5.5761,1150075,11505061.32,833250000.0,208312500.0
1998-03-04,'000605,中联建设,9.86,10.21,9.85,10.2,10.06,-0.2,-1.9881,1.6208,334300,3335173.6,813450000.0,203362500.0
1998-03-03,'000605,中联建设,10.06,10.6,9.6,10.05,10.16,-0.1,-0.9843,2.9138,600975,5911903.25,829950000.0,207487500.0
1998-03-02,'000605,中联建设,10.16,10.92,10.0,10.5,10.95,-0.79,-7.2146,2.6608,548780,5680130.7,838200000.0,209550000.0
1998-02-27,'000605,中联建设,10.95,11.1,10.66,10.66,10.65,0.3,2.8169,2.609,538116,5852745.06,903375000.0,225843750.0
1998-02-26,'000605,中联建设,10.65,10.82,10.56,10.65,10.7,-0.05,-0.4673,1.0661,219875,2331550.75,878625000.0,219656250.0
1998-02-25,'000605,中联建设,10.7,10.89,10.6,10.73,10.76,-0.06,-0.5576,0.9601,198011,2120049.71,882750000.0,220687500.0
1998-02-24,'000605,中联建设,10.76,11.16,10.75,10.99,11.0,-0.24,-2.1818,1.418,292455,3173609.15,887700000.0,221925000.0
1998-02-23,'000605,中联建设,11.0,11.1,10.7,10.8,10.85,0.15,1.3825,1.1933,246115,2702511.0,907500000.0,226875000.0
1998-02-20,'000605,中联建设,10.85,11.39,10.78,11.2,11.11,-0.26,-2.3402,3.5164,725256,7905921.0,895125000.0,223781250.0
1998-02-19,'000605,中联建设,11.11,11.55,11.04,11.45,11.42,-0.31,-2.7145,3.0644,632040,7035915.42,916575000.0,229143750.0
1998-02-18,'000605,中联建设,11.42,11.6,11.21,11.58,11.72,-0.3,-2.5597,2.2744,469101,5356122.46,942150000.0,235537500.0
1998-02-17,'000605,中联建设,11.72,12.3,11.2,12.3,12.4,-0.68,-5.4839,4.3515,897496,10493185.05,966900000.0,241725000.0
1998-02-16,'000605,中联建设,12.4,12.8,12.35,12.58,12.9,-0.5,-3.876,1.3479,278010,3477561.4,1023000000.0,255750000.0
1998-02-13,'000605,中联建设,12.9,13.42,12.7,13.13,13.22,-0.32,-2.4206,2.3687,488550,6310776.49,1064250000.0,266062500.0
1998-02-12,'000605,中联建设,13.22,13.42,12.08,13.42,13.4,-0.18,-1.3433,2.0548,423800,5448040.94,1090650000.0,272662500.0
1998-02-11,'000605,中联建设,13.4,13.65,13.0,13.05,13.19,0.21,1.5921,1.4478,298608,4003477.86,1105500000.0,276375000.0
1998-02-10,'000605,中联建设,13.19,13.47,12.95,13.4,13.39,-0.2,-1.4937,0.7709,159004,2088739.53,1088175000.0,272043750.0
1998-02-09,'000605,中联建设,13.39,13.65,13.25,13.3,13.28,0.11,0.8283,0.7214,148790,1989813.7,1104675000.0,276168750.0
1998-01-23,'000605,中联建设,13.28,13.45,13.02,13.18,13.3,-0.02,-0.1504,2.2991,474190,6270051.82,1095600000.0,273900000.0
1998-01-22,'000605,中联建设,13.3,13.5,12.96,13.5,13.23,0.07,0.5291,1.635,337212,4493633.26,1097250000.0,274312500.0
1998-01-21,'000605,中联建设,13.23,13.67,12.8,13.28,13.43,-0.2,-1.4892,1.433,295560,3912595.65,1091475000.0,272868750.0
1998-01-20,'000605,中联建设,13.43,13.62,13.1,13.18,13.47,-0.04,-0.297,1.5508,319845,4276996.43,1107975000.0,276993750.0
1998-01-19,'000605,中联建设,13.47,14.2,12.5,13.17,13.3,0.17,1.2782,1.6885,348252,4715765.37,1111275000.0,277818750.0
1998-01-16,'000605,中联建设,13.3,13.65,13.2,13.37,13.54,-0.24,-1.7725,1.6517,340672,4569895.49,1097250000.0,274312500.0
1998-01-15,'000605,中联建设,13.54,13.8,13.08,13.08,13.23,0.31,2.3432,3.8494,793937,10760783.63,1117050000.0,279262500.0
1998-01-14,'000605,中联建设,13.23,13.39,11.7,12.1,12.17,1.06,8.7099,4.6161,952069,12302539.69,1091475000.0,272868750.0
1998-01-13,'000605,中联建设,12.17,13.1,11.95,13.1,13.28,-1.11,-8.3584,3.3209,684933,8401468.35,1004025000.0,251006250.0
1998-01-12,'000605,中联建设,13.28,14.3,13.21,13.35,13.54,-0.26,-1.9202,4.0194,829000,11351252.79,1095600000.0,273900000.0
1998-01-09,'000605,中联建设,13.54,13.7,12.7,12.7,12.9,0.64,4.9612,5.605,1156022,15524673.57,1117050000.0,279262500.0
1998-01-08,'000605,中联建设,12.9,13.06,11.9,11.9,11.92,0.98,8.2215,4.8869,1007913,12919716.03,1064250000.0,266062500.0
1998-01-07,'000605,中联建设,11.92,12.28,11.61,12.1,12.07,-0.15,-1.2428,1.9404,400215,4770831.38,983400000.0,245850000.0
1998-01-06,'000605,中联建设,12.07,12.45,12.0,12.2,12.16,-0.09,-0.7401,1.9768,407720,4949488.57,995775000.0,248943750.0
1998-01-05,'000605,中联建设,12.16,12.45,11.97,11.98,11.75,0.41,3.4894,2.7179,560563,6841388.98,1003200000.0,250800000.0
1997-12-31,'000605,中联建设,11.75,11.91,11.2,11.5,11.47,0.28,2.4412,3.4802,717800,8452040.58,969375000.0,242343750.0
1997-12-30,'000605,中联建设,11.47,11.5,11.25,11.35,11.29,0.18,1.5943,1.824,376208,4305596.19,946275000.0,236568750.0
1997-12-29,'000605,中联建设,11.29,11.49,11.25,11.49,11.24,0.05,0.4448,1.681,346700,3935177.15,931425000.0,232856250.0
1997-12-26,'000605,中联建设,11.24,11.44,11.08,11.2,11.2,0.04,0.3571,1.3047,269101,3019414.0,927300000.0,231825000.0
1997-12-25,'000605,中联建设,11.2,11.51,11.0,11.29,11.36,-0.16,-1.4085,1.8292,377275,4280413.44,924000000.0,231000000.0
1997-12-24,'000605,中联建设,11.36,11.51,10.87,10.88,10.91,0.45,4.1247,2.8214,581904,6594609.25,937200000.0,234300000.0
1997-12-23,'000605,中联建设,10.91,11.0,10.45,10.45,10.45,0.46,4.4019,1.7615,363305,3947828.66,900075000.0,225018750.0
1997-12-22,'000605,中联建设,10.45,10.55,10.16,10.3,10.4,0.05,0.4808,1.0586,218331,2265835.2,862125000.0,215531250.0
1997-12-19,'000605,中联建设,10.4,10.5,10.31,10.5,10.54,-0.14,-1.3283,0.3387,69850,727111.75,858000000.0,214500000.0
1997-12-18,'000605,中联建设,10.54,10.68,10.4,10.48,10.5,0.04,0.381,0.6751,139235,1454776.3,869550000.0,217387500.0
1997-12-17,'000605,中联建设,10.5,10.68,10.46,10.48,10.5,0.0,0.0,0.7343,151440,1595155.75,866250000.0,216562500.0
1997-12-16,'000605,中联建设,10.5,10.61,10.2,10.58,10.62,-0.12,-1.1299,0.5679,117125,1229475.45,866250000.0,216562500.0
1997-12-15,'000605,中联建设,10.62,10.79,10.5,10.78,10.54,0.08,0.759,0.3696,76230,806370.25,876150000.0,219037500.0
1997-12-12,'000605,中联建设,10.54,10.91,10.51,10.85,10.79,-0.25,-2.317,0.4841,99850,1063645.5,869550000.0,217387500.0
1997-12-11,'000605,中联建设,10.79,10.8,10.65,10.73,10.73,0.06,0.5592,0.6024,124255,1333821.95,890175000.0,222543750.0
1997-12-10,'000605,中联建设,10.73,10.89,10.45,10.45,10.44,0.29,2.7778,1.1211,231231,2460803.76,885225000.0,221306250.0
1997-12-09,'000605,中联建设,10.44,10.6,10.39,10.48,10.46,-0.02,-0.1912,0.5497,113370,1183745.1,861300000.0,215325000.0
1997-12-08,'000605,中联建设,10.46,10.7,10.4,10.7,10.59,-0.13,-1.2276,0.6077,125329,1309447.25,862950000.0,215737500.0
1997-12-05,'000605,中联建设,10.59,11.1,10.55,10.61,10.5,0.09,0.8571,2.2256,459025,4982625.49,873675000.0,218418750.0
1997-12-04,'000605,中联建设,10.5,10.55,9.9,9.9,10.11,0.39,3.8576,0.6118,126175,1304762.25,866250000.0,216562500.0
1997-12-03,'000605,中联建设,10.11,10.74,10.1,10.6,10.39,-0.28,-2.6949,0.5019,103525,1055190.55,834075000.0,208518750.0
1997-12-02,'000605,中联建设,10.39,10.68,10.37,10.68,10.57,-0.18,-1.7029,0.4015,82800,862839.0,857175000.0,214293750.0
1997-12-01,'000605,中联建设,10.57,10.83,10.4,10.71,10.69,-0.12,-1.1225,0.6845,141180,1485035.0,872025000.0,218006250.0
1997-11-28,'000605,中联建设,10.69,10.8,10.4,10.7,10.6,0.09,0.8491,0.7874,162411,1717573.75,881925000.0,220481250.0
1997-11-27,'000605,中联建设,10.6,10.92,10.53,10.92,10.95,-0.35,-3.1963,0.3471,71580,763825.35,874500000.0,218625000.0
1997-11-26,'000605,中联建设,10.95,10.95,10.64,10.9,10.9,0.05,0.4587,0.2747,56660,613142.87,903375000.0,225843750.0
1997-11-25,'000605,中联建设,10.9,11.0,10.63,10.63,10.86,0.04,0.3683,0.2116,43645,472272.5,899250000.0,224812500.0
1997-11-24,'000605,中联建设,10.86,11.5,10.7,11.5,10.83,0.03,0.277,0.3687,76045,827523.0,895950000.0,223987500.0
1997-11-21,'000605,中联建设,10.83,11.18,10.7,10.85,11.0,-0.17,-1.5455,0.5951,122747,1331945.72,893475000.0,223368750.0
1997-11-20,'000605,中联建设,11.0,11.35,10.85,11.2,11.2,-0.2,-1.7857,0.7857,162059,1794854.69,907500000.0,226875000.0
1997-11-19,'000605,中联建设,11.2,11.6,11.15,11.45,11.45,-0.25,-2.1834,0.9896,204100,2316368.79,924000000.0,231000000.0
1997-11-18,'000605,中联建设,11.45,11.65,10.8,10.9,10.92,0.53,4.8535,3.0101,620824,7053996.69,944625000.0,236156250.0
1997-11-17,'000605,中联建设,10.92,10.95,10.55,10.92,10.6,0.32,3.0189,0.9862,203405,2172140.33,900900000.0,225225000.0
1997-11-14,'000605,中联建设,10.6,10.77,10.5,10.77,10.75,-0.15,-1.3953,0.7131,147075,1559343.7,874500000.0,218625000.0
1997-11-13,'000605,中联建设,10.75,10.85,10.35,10.8,10.95,-0.2,-1.8265,0.8385,172949,1821763.72,886875000.0,221718750.0
1997-11-12,'000605,中联建设,10.95,11.08,10.9,11.0,10.96,-0.01,-0.0912,0.6777,139773,1535171.65,903375000.0,225843750.0
1997-11-11,'000605,中联建设,10.96,11.16,10.78,11.16,11.16,-0.2,-1.7921,0.8391,173070,1876774.3,904200000.0,226050000.0
1997-11-10,'000605,中联建设,11.16,11.3,11.0,11.25,11.28,-0.12,-1.0638,1.3265,273600,3032485.7,920700000.0,230175000.0
1997-11-07,'000605,中联建设,11.28,11.3,11.1,11.1,11.19,0.09,0.8043,1.0253,211461,2364437.22,930600000.0,232650000.0
1997-11-06,'000605,中联建设,11.19,11.55,11.18,11.44,11.43,-0.24,-2.0997,1.3662,281785,3180007.95,923175000.0,230793750.0
1997-11-05,'000605,中联建设,11.43,11.55,11.2,11.42,11.42,0.01,0.0876,0.5078,104735,1194596.2,942975000.0,235743750.0
1997-11-04,'000605,中联建设,11.42,11.44,11.05,11.2,11.22,0.2,1.7825,1.5111,311667,3513028.18,942150000.0,235537500.0
1997-11-03,'000605,中联建设,11.22,11.4,11.0,11.34,11.39,-0.17,-1.4925,1.1803,243446,2726203.81,925650000.0,231412500.0
1997-10-31,'000605,中联建设,11.39,11.6,11.1,11.2,11.53,-0.14,-1.2142,1.124,231816,2623035.9,939675000.0,234918750.0
1997-10-30,'000605,中联建设,11.53,11.85,11.1,11.85,11.75,-0.22,-1.8723,5.8133,1199001,13763655.24,951225000.0,237806250.0
1997-10-29,'000605,中联建设,11.75,12.0,11.35,11.59,11.61,0.14,1.2059,3.6816,506219,5918717.8,646250000.0,161562500.0
1997-10-28,'000605,中联建设,11.61,12.68,11.6,12.6,18.45,-6.84,-37.0732,6.0014,825190,9850905.72,638550000.0,159637500.0
1997-10-27,'000605,中联建设,18.45,19.0,18.01,18.19,17.85,0.6,3.3613,10.5821,1455035,26916904.05,1014750000.0,253687500.0
1997-10-24,'000605,中联建设,17.85,18.1,17.55,17.98,18.0,-0.15,-0.8333,4.8656,669026,11899997.06,981750000.0,245437500.0
1997-10-23,'000605,中联建设,18.0,18.12,16.1,16.33,16.47,1.53,9.2896,10.0026,1375352,23718591.55,990000000.0,247500000.0
1997-10-22,'000605,中联建设,16.47,17.0,15.9,16.48,16.34,0.13,0.7956,3.2101,441386,7257999.42,905850000.0,226462500.0
1997-10-21,'000605,中联建设,16.34,16.45,15.4,15.65,15.73,0.61,3.8779,5.7375,788910,12669684.79,898700000.0,224675000.0
1997-10-20,'000605,中联建设,15.73,16.3,15.61,16.05,15.81,-0.08,-0.506,1.7488,240460,3822428.4,865150000.0,216287500.0
1997-10-17,'000605,中联建设,15.81,15.83,15.2,15.28,15.03,0.78,5.1896,2.935,403563,6281033.9,869550000.0,217387500.0
1997-10-16,'000605,中联建设,15.03,15.13,14.3,14.5,14.45,0.58,4.0138,1.7335,238351,3545428.04,826650000.0,206662500.0
1997-10-15,'000605,中联建设,14.45,14.45,13.81,13.81,14.2,0.25,1.7606,0.6533,89829,1276721.7,794750000.0,198687500.0
1997-10-14,'000605,中联建设,14.2,14.39,13.8,13.9,14.15,0.05,0.3534,0.0939,12910,180001.9,781000000.0,195250000.0
1997-10-13,'000605,中联建设,14.15,14.65,14.03,14.65,14.45,-0.3,-2.0761,0.1073,14750,209249.0,778250000.0,194562500.0
1997-10-10,'000605,中联建设,14.45,14.95,14.2,14.6,14.34,0.11,0.7671,0.2202,30274,438114.06,794750000.0,198687500.0
1997-10-09,'000605,中联建设,14.34,14.41,13.71,14.34,14.37,-0.03,-0.2088,0.3143,43220,617698.72,788700000.0,197175000.0
1997-10-08,'000605,中联建设,14.37,14.84,14.11,14.45,14.1,0.27,1.9149,0.3999,54990,792458.0,790350000.0,197587500.0
1997-10-07,'000605,中联建设,14.1,14.4,13.7,14.15,14.36,-0.26,-1.8106,0.1904,26174,367774.8,775500000.0,193875000.0
1997-10-06,'000605,中联建设,14.36,14.58,14.0,14.58,14.39,-0.03,-0.2085,0.0525,7220,103837.0,789800000.0,197450000.0
1997-09-30,'000605,中联建设,14.39,14.5,14.0,14.0,14.2,0.19,1.338,0.6241,85810,1229647.3,791450000.0,197862500.0
1997-09-29,'000605,中联建设,14.2,14.9,14.2,14.48,14.6,-0.4,-2.7397,0.0785,10800,155049.0,781000000.0,195250000.0
1997-09-26,'000605,中联建设,14.6,14.86,14.1,14.86,14.77,-0.17,-1.151,0.4276,58800,849684.5,803000000.0,200750000.0
1997-09-25,'000605,中联建设,14.77,14.95,14.4,14.9,14.77,0.0,0.0,0.4256,58519,860314.4,812350000.0,203087500.0
1997-09-24,'000605,中联建设,14.77,14.9,14.4,14.9,14.35,0.42,2.9268,0.708,97354,1426220.15,812350000.0,203087500.0
1997-09-23,'000605,中联建设,14.35,15.4,14.05,14.9,14.52,-0.17,-1.1708,0.9697,133340,2004611.1,789250000.0,197312500.0
1997-09-22,'000605,中联建设,14.52,15.0,14.5,15.0,15.28,-0.76,-4.9738,0.1382,19000,277403.21,798600000.0,199650000.0
1997-09-19,'000605,中联建设,15.28,15.28,14.53,14.98,14.94,0.34,2.2758,0.2602,35780,531795.2,840400000.0,210100000.0
1997-09-18,'000605,中联建设,14.94,15.05,14.72,15.0,15.15,-0.21,-1.3861,0.2422,33300,498212.0,821700000.0,205425000.0
1997-09-17,'000605,中联建设,15.15,15.4,15.01,15.4,15.17,-0.02,-0.1318,0.1513,20810,314091.0,833250000.0,208312500.0
1997-09-16,'000605,中联建设,15.17,15.45,15.0,15.17,15.17,0.0,0.0,0.1203,16540,249994.41,834350000.0,208587500.0
1997-09-15,'000605,中联建设,15.17,15.85,15.16,15.83,15.5,-0.33,-2.129,0.186,25580,392993.0,834350000.0,208587500.0
1997-09-12,'000605,中联建设,15.5,15.83,15.25,15.48,15.55,-0.05,-0.3215,0.2487,34200,531648.6,852500000.0,213125000.0
1997-09-11,'000605,中联建设,15.55,15.96,14.9,14.9,15.98,-0.43,-2.6909,0.7935,109111,1722144.79,855250000.0,213812500.0
1997-09-10,'000605,中联建设,15.98,15.98,14.9,15.8,15.8,0.18,1.1392,1.1471,157720,2434108.1,878900000.0,219725000.0
1997-09-09,'000605,中联建设,15.8,16.3,15.75,16.3,16.3,-0.5,-3.0675,0.6164,84760,1350314.5,869000000.0,217250000.0
1997-09-08,'000605,中联建设,16.3,16.8,16.2,16.22,16.28,0.02,0.1229,0.5776,79420,1302003.75,896500000.0,224125000.0
1997-09-05,'000605,中联建设,16.28,16.34,16.22,16.34,16.35,-0.07,-0.4281,0.4676,64300,1047446.6,895400000.0,223850000.0
1997-09-04,'000605,中联建设,16.35,16.35,16.22,16.22,16.4,-0.05,-0.3049,0.4104,56436,919273.52,899250000.0,224812500.0
1997-09-03,'000605,中联建设,16.4,16.45,16.21,16.3,16.48,-0.08,-0.4854,0.3521,48420,790514.2,902000000.0,225500000.0
1997-09-02,'000605,中联建设,16.48,16.67,16.2,16.2,16.5,-0.02,-0.1212,0.2541,34943,570605.04,906400000.0,226600000.0
1997-09-01,'000605,中联建设,16.5,16.7,16.1,16.34,16.62,-0.12,-0.722,0.6635,91231,1490409.45,907500000.0,226875000.0
1997-08-29,'000605,中联建设,16.62,16.74,16.27,16.6,16.67,-0.05,-0.2999,0.7157,98403,1611841.66,914100000.0,228525000.0
1997-08-28,'000605,中联建设,16.67,17.5,16.4,17.15,16.87,-0.2,-1.1855,2.5108,345238,5827999.05,916850000.0,229212500.0
1997-08-27,'000605,中联建设,16.87,16.87,15.34,16.0,15.34,1.53,9.9739,2.7799,382241,6319605.76,927850000.0,231962500.0
1997-08-26,'000605,中联建设,15.34,15.39,15.0,15.1,15.09,0.25,1.6567,1.341,184389,2806664.4,843700000.0,210925000.0
1997-08-25,'000605,中联建设,15.09,15.3,14.48,14.5,14.28,0.81,5.6723,1.1019,151510,2271673.68,829950000.0,207487500.0
1997-08-22,'000605,中联建设,14.28,14.5,13.0,13.0,14.05,0.23,1.637,0.5262,72350,1021976.7,785400000.0,196350000.0
1997-08-21,'000605,中联建设,14.05,14.2,13.7,14.2,13.6,0.45,3.3088,0.2826,38855,544370.6,772750000.0,193187500.0
1997-08-20,'000605,中联建设,13.6,13.6,12.8,12.8,13.22,0.38,2.8744,0.3839,52780,696618.3,748000000.0,187000000.0
1997-08-19,'000605,中联建设,13.22,13.8,13.0,13.8,13.82,-0.6,-4.3415,0.2431,33430,448660.9,727100000.0,181775000.0
1997-08-18,'000605,中联建设,13.82,14.2,13.78,14.2,14.05,-0.23,-1.637,0.2407,33100,461326.9,760100000.0,190025000.0
1997-08-15,'000605,中联建设,14.05,14.1,13.85,14.1,14.05,0.0,0.0,0.4485,61666,862741.4,772750000.0,193187500.0
1997-08-14,'000605,中联建设,14.05,14.23,13.8,14.05,13.95,0.1,0.7168,0.402,55279,774240.06,772750000.0,193187500.0
1997-08-13,'000605,中联建设,13.95,14.4,13.95,14.0,14.29,-0.34,-2.3793,0.3368,46304,652588.1,767250000.0,191812500.0
1997-08-12,'000605,中联建设,14.29,14.48,13.95,13.95,14.77,-0.48,-3.2498,0.3768,51810,736021.3,785950000.0,196487500.0
1997-08-11,'000605,中联建设,14.77,14.9,13.6,14.9,14.97,-0.2,-1.336,1.0582,145503,2091664.9,812350000.0,203087500.0
1997-08-08,'000605,中联建设,14.97,15.95,14.8,15.95,15.6,-0.63,-4.0385,0.7194,98920,1496314.0,823350000.0,205837500.0
1997-08-07,'000605,中联建设,15.6,16.05,15.11,15.8,16.0,-0.4,-2.5,0.6339,79237,1236268.59,780000000.0,195000000.0
1997-08-06,'000605,中联建设,16.0,16.3,15.8,16.2,17.32,-1.32,-7.6212,2.886,360750,5787112.0,800000000.0,200000000.0
1997-08-05,'000605,中联建设,17.32,17.56,17.03,17.38,17.69,-0.37,-2.0916,2.6751,334390,5794117.5,866000000.0,216500000.0
1997-08-04,'000605,中联建设,17.69,18.0,17.5,18.0,17.5,0.19,1.0857,3.1487,393592,6936320.08,884500000.0,221125000.0
1997-08-01,'000605,中联建设,17.5,17.5,16.8,16.81,16.62,0.88,5.2948,6.7188,839848,14484322.74,875000000.0,218750000.0
1997-07-31,'000605,中联建设,16.62,17.02,16.49,16.95,17.0,-0.38,-2.2353,5.8492,731146,12204181.66,831000000.0,207750000.0
1997-07-30,'000605,中联建设,17.0,17.08,16.5,16.5,16.9,0.1,0.5917,6.3038,787971,13206350.5,850000000.0,212500000.0
1997-07-29,'000605,中联建设,16.9,17.2,16.02,16.8,16.8,0.1,0.5952,1.6888,211100,3545111.51,845000000.0,211250000.0
1997-07-28,'000605,中联建设,16.8,17.03,16.0,17.0,17.0,-0.2,-1.1765,3.2697,408716,6925749.67,840000000.0,210000000.0
1997-07-25,'000605,中联建设,17.0,18.0,17.0,17.3,17.87,-0.87,-4.8685,1.2712,158900,2750495.5,850000000.0,212500000.0
1997-07-24,'000605,中联建设,17.87,18.8,17.82,18.8,18.8,-0.93,-4.9468,2.4349,304360,5539179.0,893500000.0,223375000.0
1997-07-23,'000605,中联建设,18.8,19.2,18.61,19.2,18.8,0.0,0.0,0.6922,86531,1637162.0,940000000.0,235000000.0
1997-07-22,'000605,中联建设,18.8,19.25,18.07,18.63,18.96,-0.16,-0.8439,2.6478,330975,6103401.45,940000000.0,235000000.0
1997-07-21,'000605,中联建设,18.96,20.5,18.8,20.5,18.69,0.27,1.4446,1.39,173753,3359567.9,948000000.0,237000000.0
1997-07-18,'000605,中联建设,18.69,19.0,18.6,18.7,19.01,-0.32,-1.6833,1.3202,165031,3090077.6,934500000.0,233625000.0
1997-07-17,'000605,中联建设,19.01,19.39,18.68,19.2,19.47,-0.46,-2.3626,1.5231,190383,3625359.0,950500000.0,237625000.0
1997-07-16,'000605,中联建设,19.47,20.6,19.11,20.2,20.48,-1.01,-4.9316,1.2984,162300,3206368.0,973500000.0,243375000.0
1997-07-15,'000605,中联建设,20.48,21.2,20.38,20.53,21.28,-0.8,-3.7594,1.2367,154588,3206698.12,1024000000.0,256000000.0
1997-07-14,'000605,中联建设,21.28,21.49,20.0,20.0,20.5,0.78,3.8049,3.6375,454688,9528987.43,1064000000.0,266000000.0
1997-07-11,'000605,中联建设,20.5,20.5,19.1,19.1,19.38,1.12,5.7792,2.3902,298770,6037946.55,1025000000.0,256250000.0
1997-07-10,'000605,中联建设,19.38,20.8,19.0,20.8,19.14,0.24,1.2539,0.686,85748,1715074.24,969000000.0,242250000.0
1997-07-09,'000605,中联建设,19.14,19.8,18.08,18.61,19.75,-0.61,-3.0886,0.8564,107047,2006085.3,957000000.0,239250000.0
1997-07-08,'000605,中联建设,19.75,20.79,18.45,20.1,20.1,-0.35,-1.7413,1.1481,143518,2804160.18,987500000.0,246875000.0
1997-07-07,'000605,中联建设,20.1,21.45,20.0,20.71,21.08,-0.98,-4.649,0.8816,110200,2276461.04,1005000000.0,251250000.0
1997-07-04,'000605,中联建设,21.08,21.49,20.53,20.6,21.03,0.05,0.2378,1.1831,147888,3078658.4,1054000000.0,263500000.0
1997-07-03,'000605,中联建设,21.03,22.05,20.5,20.95,21.69,-0.66,-3.0429,1.0073,125916,2658387.0,1051500000.0,262875000.0
1997-07-02,'000605,中联建设,21.69,21.8,19.22,19.98,20.48,1.21,5.9082,3.1396,392450,8151437.14,1084500000.0,271125000.0
1997-06-27,'000605,中联建设,20.48,20.8,18.8,20.2,20.03,0.45,2.2466,2.0164,252048,5131015.88,1024000000.0,256000000.0
1997-06-26,'000605,中联建设,20.03,20.28,19.6,19.8,19.93,0.1,0.5018,1.2512,156397,3146465.76,1001500000.0,250375000.0
1997-06-25,'000605,中联建设,19.93,20.2,19.7,20.18,20.09,-0.16,-0.7964,0.6362,79528,1586453.2,996500000.0,249125000.0
1997-06-24,'000605,中联建设,20.09,20.15,19.35,19.35,20.09,0.0,0.0,0.9594,119922,2398276.48,1004500000.0,251125000.0
1997-06-23,'000605,中联建设,20.09,21.0,18.7,21.0,20.43,-0.34,-1.6642,1.8424,230300,4697059.0,1004500000.0,251125000.0
1997-06-20,'000605,中联建设,20.43,20.68,18.88,19.1,18.98,1.45,7.6396,2.7452,343144,6639756.37,1021500000.0,255375000.0
1997-06-19,'000605,中联建设,18.98,19.1,18.56,18.66,19.0,-0.02,-0.1053,1.136,142000,2678662.24,949000000.0,237250000.0
1997-06-18,'000605,中联建设,19.0,19.5,18.68,19.5,19.35,-0.35,-1.8088,0.3968,49600,947867.0,950000000.0,237500000.0
1997-06-17,'000605,中联建设,19.35,19.45,18.51,18.51,19.0,0.35,1.8421,1.6897,211212,4031563.32,967500000.0,241875000.0
1997-06-16,'000605,中联建设,19.0,19.38,18.8,18.8,18.58,0.42,2.2605,1.0866,135826,2579942.42,950000000.0,237500000.0
1997-06-13,'000605,中联建设,18.58,18.96,17.3,17.3,18.3,0.28,1.5301,1.6365,204564,3749929.46,929000000.0,232250000.0
1997-06-12,'000605,中联建设,18.3,18.4,17.7,18.3,18.26,0.04,0.2191,1.3163,164537,2983938.11,915000000.0,228750000.0
1997-06-11,'000605,中联建设,18.26,18.4,16.35,17.4,18.13,0.13,0.717,2.2357,279458,4933623.19,913000000.0,228250000.0
1997-06-10,'000605,中联建设,18.13,19.0,17.71,19.0,18.89,-0.76,-4.0233,1.598,199744,3624021.04,906500000.0,226625000.0
1997-06-09,'000605,中联建设,18.89,19.05,18.2,18.2,18.11,0.78,4.307,2.596,324499,6109379.47,944500000.0,236125000.0
1997-06-06,'000605,中联建设,18.11,18.77,16.89,16.9,18.77,-0.66,-3.5162,4.3269,540864,9806787.86,905500000.0,226375000.0
1997-06-05,'000605,中联建设,18.77,19.25,18.3,18.31,18.29,0.48,2.6244,3.9787,497341,9371950.79,938500000.0,234625000.0
1997-06-04,'000605,中联建设,18.29,18.5,17.88,17.98,17.92,0.37,2.0647,3.7576,469701,8555801.39,914500000.0,228625000.0
1997-06-03,'000605,中联建设,17.92,18.35,17.2,17.7,17.75,0.17,0.9577,5.5358,691975,12523287.82,896000000.0,224000000.0
1997-06-02,'000605,中联建设,17.75,17.75,16.66,16.66,16.36,1.39,8.4963,5.4499,681232,11891410.02,887500000.0,221875000.0
1997-05-30,'000605,中联建设,16.36,16.38,15.65,15.66,15.43,0.93,6.0272,2.7363,342032,5495663.26,818000000.0,204500000.0
1997-05-29,'000605,中联建设,15.43,15.97,15.3,15.6,15.7,-0.27,-1.7197,1.2136,151700,2369452.0,771500000.0,192875000.0
1997-05-28,'000605,中联建设,15.7,16.35,15.5,15.5,16.14,-0.44,-2.7261,1.7395,217436,3480910.8,785000000.0,196250000.0
1997-05-27,'000605,中联建设,16.14,16.5,15.2,15.2,15.71,0.43,2.7371,2.7353,341918,5515930.0,807000000.0,201750000.0
1997-05-26,'000605,中联建设,15.71,15.8,14.5,15.38,15.1,0.61,4.0397,2.3785,297316,4521152.04,785500000.0,196375000.0
1997-05-23,'000605,中联建设,15.1,15.1,14.02,14.25,14.25,0.85,5.9649,2.1619,270236,3994127.6,755000000.0,188750000.0
1997-05-22,'000605,中联建设,14.25,15.5,14.0,14.05,15.55,-1.3,-8.3601,2.4942,311780,4467552.6,712500000.0,178125000.0
1997-05-21,'000605,中联建设,15.55,15.7,15.12,15.68,15.8,-0.25,-1.5823,4.069,508619,7873070.49,777500000.0,194375000.0
1997-05-20,'000605,中联建设,15.8,16.15,15.02,15.9,15.76,0.04,0.2538,6.0791,759883,11994791.2,790000000.0,197500000.0
1997-05-19,'000605,中联建设,15.76,15.9,14.8,14.8,14.88,0.88,5.914,5.3572,669646,10364602.46,788000000.0,197000000.0
1997-05-16,'000605,中联建设,14.88,15.85,14.2,14.3,15.67,-0.79,-5.0415,10.262,1282750,19575325.36,744000000.0,186000000.0
1997-05-15,'000605,中联建设,15.67,15.83,14.2,14.2,14.65,1.02,6.9625,4.772,596499,9075189.15,783500000.0,195875000.0
1997-05-14,'000605,中联建设,14.65,16.0,14.49,15.2,15.58,-0.93,-5.9692,4.8982,612270,9211080.1,732500000.0,183125000.0
1997-05-13,'000605,中联建设,15.58,16.6,15.29,16.5,16.35,-0.77,-4.7095,8.1423,1017790,15857087.67,779000000.0,194750000.0
1997-05-12,'000605,中联建设,16.35,16.35,15.5,15.5,14.86,1.49,10.0269,10.059,1257373,20202321.8,817500000.0,204375000.0
1997-05-09,'000605,中联建设,14.86,14.96,13.5,13.5,13.8,1.06,7.6812,9.3234,1165430,16803104.96,743000000.0,185750000.0
1997-05-08,'000605,中联建设,13.8,14.68,13.4,14.28,14.32,-0.52,-3.6313,7.3777,922210,13031459.38,690000000.0,172500000.0
1997-05-07,'000605,中联建设,14.32,14.7,13.6,13.6,13.3,1.02,7.6692,10.7198,1339975,19100075.4,716000000.0,179000000.0
1997-05-06,'000605,中联建设,13.3,13.68,13.06,13.2,13.21,0.09,0.6813,5.2432,655400,8837254.18,665000000.0,166250000.0
1997-05-05,'000605,中联建设,13.21,13.5,12.7,13.18,13.15,0.06,0.4563,3.5064,438300,5858616.04,660500000.0,165125000.0
1997-04-30,'000605,中联建设,13.15,13.38,13.01,13.3,13.2,-0.05,-0.3788,2.0664,258300,3416078.0,657500000.0,164375000.0
1997-04-29,'000605,中联建设,13.2,13.3,12.6,13.0,12.88,0.32,2.4845,3.0827,385338,4991564.2,660000000.0,165000000.0
1997-04-28,'000605,中联建设,12.88,13.4,12.7,13.3,13.3,-0.42,-3.1579,2.9784,372300,4850885.5,644000000.0,161000000.0
1997-04-25,'000605,中联建设,13.3,13.99,13.2,13.99,13.78,-0.48,-3.4833,4.9306,616327,8295040.19,665000000.0,166250000.0
1997-04-24,'000605,中联建设,13.78,13.88,13.27,13.28,13.31,0.47,3.5312,10.2976,1287205,17594759.52,689000000.0,172250000.0
1997-04-23,'000605,中联建设,13.31,13.44,13.01,13.11,13.18,0.13,0.9863,2.9389,367365,4844245.21,665500000.0,166375000.0
1997-04-22,'000605,中联建设,13.18,13.24,13.01,13.17,13.18,0.0,0.0,1.9288,241100,3173736.24,659000000.0,164750000.0
1997-04-21,'000605,中联建设,13.18,13.28,13.0,13.1,13.15,0.03,0.2281,2.7112,338900,4461587.92,659000000.0,164750000.0
1997-04-18,'000605,中联建设,13.15,13.4,12.95,13.32,13.35,-0.2,-1.4981,3.4659,433233,5661800.59,657500000.0,164375000.0
1997-04-17,'000605,中联建设,13.35,13.7,13.2,13.4,13.28,0.07,0.5271,2.6015,325185,4360646.12,667500000.0,166875000.0
1997-04-16,'000605,中联建设,13.28,13.45,13.16,13.4,13.42,-0.14,-1.0432,1.979,247372,3292811.48,664000000.0,166000000.0
1997-04-15,'000605,中联建设,13.42,13.6,13.1,13.1,12.91,0.51,3.9504,3.7117,463958,6229341.94,671000000.0,167750000.0
1997-04-14,'000605,中联建设,12.91,13.19,12.5,12.7,12.7,0.21,1.6535,2.426,303248,3930471.2,645500000.0,161375000.0
1997-04-11,'000605,中联建设,12.7,12.98,12.39,12.98,13.14,-0.44,-3.3486,2.1448,268100,3414047.5,635000000.0,158750000.0
1997-04-10,'000605,中联建设,13.14,13.62,13.1,13.62,13.39,-0.25,-1.8671,3.0139,376733,4985180.46,657000000.0,164250000.0
1997-04-09,'000605,中联建设,13.39,13.7,13.2,13.3,13.4,-0.01,-0.0746,2.034,254244,3419991.2,669500000.0,167375000.0
1997-04-08,'000605,中联建设,13.4,13.55,12.98,13.25,13.25,0.15,1.1321,3.0903,386289,5118358.08,670000000.0,167500000.0
1997-04-07,'000605,中联建设,13.25,13.5,13.1,13.5,13.6,-0.35,-2.5735,5.3851,673132,8881432.15,662500000.0,165625000.0
1997-04-04,'000605,中联建设,13.6,13.8,13.48,13.72,13.67,-0.07,-0.5121,3.4564,432047,5866515.06,680000000.0,170000000.0
1997-04-03,'000605,中联建设,13.67,13.85,13.52,13.74,13.89,-0.22,-1.5839,3.5336,441700,6055582.39,683500000.0,170875000.0
1997-04-02,'000605,中联建设,13.89,14.54,13.85,14.54,14.45,-0.56,-3.8754,4.9036,612950,8627651.0,694500000.0,173625000.0
1997-04-01,'000605,中联建设,14.45,14.5,13.7,13.7,13.83,0.62,4.483,7.6818,960221,13371976.25,722500000.0,180625000.0
1997-03-31,'000605,中联建设,13.83,13.85,13.2,13.48,13.6,0.23,1.6912,5.059,632381,8646315.07,691500000.0,172875000.0
1997-03-28,'000605,中联建设,13.6,13.7,13.45,13.52,13.5,0.1,0.7407,4.2517,531459,7208595.27,680000000.0,170000000.0
1997-03-27,'000605,中联建设,13.5,13.78,13.4,13.7,13.65,-0.15,-1.0989,5.9397,742466,10050840.4,675000000.0,168750000.0
1997-03-26,'000605,中联建设,13.65,13.98,13.35,13.7,13.7,-0.05,-0.365,7.0006,875080,11872326.05,682500000.0,170625000.0
1997-03-25,'000605,中联建设,13.7,14.02,13.11,14.02,14.12,-0.42,-2.9745,10.2192,1277406,17374400.38,685000000.0,171250000.0
1997-03-24,'000605,中联建设,14.12,14.95,14.0,14.5,13.86,0.26,1.8759,26.2456,3280696,46887956.54,706000000.0,176500000.0
1997-03-21,'000605,中联建设,13.86,13.95,12.85,13.16,12.9,0.96,7.4419,31.7575,3969683,53586113.98,693000000.0,173250000.0
1997-03-20,'000605,中联建设,12.9,13.2,12.6,12.85,12.77,0.13,1.018,18.8445,2355568,30310439.9,645000000.0,161250000.0
1997-03-19,'000605,中联建设,12.77,12.95,12.45,12.5,12.35,0.42,3.4008,10.328,1291003,16396300.0,638500000.0,159625000.0
1997-03-18,'000605,中联建设,12.35,12.56,12.0,12.5,12.55,-0.2,-1.5936,6.3904,798799,9838468.82,617500000.0,154375000.0
1997-03-17,'000605,中联建设,12.55,13.01,12.49,12.8,12.57,-0.02,-0.1591,8.9368,1117100,14170801.04,627500000.0,156875000.0
1997-03-14,'000605,中联建设,12.57,12.87,12.33,12.76,12.77,-0.2,-1.5662,6.312,788998,9920827.48,628500000.0,157125000.0
1997-03-13,'000605,中联建设,12.77,12.99,12.28,12.4,12.31,0.46,3.7368,17.2,2149997,27260389.63,638500000.0,159625000.0
1997-03-12,'000605,中联建设,12.31,12.5,12.18,12.4,12.45,-0.14,-1.1245,9.8234,1227922,15145517.53,615500000.0,153875000.0
1997-03-11,'000605,中联建设,12.45,12.5,11.81,12.0,12.0,0.45,3.75,11.5776,1447196,17485537.16,622500000.0,155625000.0
1997-03-10,'000605,中联建设,12.0,12.2,11.6,12.01,12.3,-0.3,-2.439,11.7125,1464058,17490394.91,600000000.0,150000000.0
1997-03-07,'000605,中联建设,12.3,12.6,12.3,12.55,12.49,-0.19,-1.5212,3.332,416500,5176415.7,615000000.0,153750000.0
1997-03-06,'000605,中联建设,12.49,12.54,12.15,12.3,12.41,0.08,0.6446,3.5984,449803,5572771.55,624500000.0,156125000.0
1997-03-05,'000605,中联建设,12.41,12.95,12.4,12.83,12.8,-0.39,-3.0469,3.9976,499700,6318449.05,620500000.0,155125000.0
1997-03-04,'000605,中联建设,12.8,13.2,12.7,12.86,12.78,0.02,0.1565,8.6143,1076788,13915512.99,640000000.0,160000000.0
1997-03-03,'000605,中联建设,12.78,12.8,12.0,12.0,12.0,0.78,6.5,6.494,811746,10175333.49,639000000.0,159750000.0
1997-02-28,'000605,中联建设,12.0,12.09,11.68,12.0,11.98,0.02,0.1669,2.9297,366217,4347078.26,600000000.0,150000000.0
1997-02-27,'000605,中联建设,11.98,12.14,11.83,12.1,11.9,0.08,0.6723,4.5768,572100,6883308.2,599000000.0,149750000.0
1997-02-26,'000605,中联建设,11.9,12.0,11.53,11.7,11.7,0.2,1.7094,2.2212,277649,3292668.5,595000000.0,148750000.0
1997-02-25,'000605,中联建设,11.7,11.82,11.12,11.12,11.1,0.6,5.4054,3.3903,423783,4956822.68,585000000.0,146250000.0
1997-02-24,'000605,中联建设,11.1,11.45,11.08,11.35,11.23,-0.13,-1.1576,2.0112,251400,2854710.93,555000000.0,138750000.0
1997-02-21,'000605,中联建设,11.23,11.31,10.8,10.85,11.0,0.23,2.0909,1.596,199500,2230087.5,561500000.0,140375000.0
1997-02-20,'000605,中联建设,11.0,11.18,10.26,10.26,11.4,-0.4,-3.5088,4.2893,536159,5776798.02,550000000.0,137500000.0
1997-02-19,'000605,中联建设,11.4,11.5,11.0,11.18,10.89,0.51,4.6832,2.7989,349867,3944354.7,570000000.0,142500000.0
1997-02-18,'000605,中联建设,10.89,12.2,10.89,12.0,12.1,-1.21,-10.0,4.7866,598322,6714678.0,544500000.0,136125000.0
1997-02-17,'000605,中联建设,12.1,12.3,11.85,12.3,12.14,-0.04,-0.3295,1.5336,191700,2305032.0,605000000.0,151250000.0
1997-01-31,'000605,中联建设,12.14,12.48,12.12,12.15,12.28,-0.14,-1.1401,3.513,439121,5397443.0,607000000.0,151750000.0
1997-01-30,'000605,中联建设,12.28,12.38,12.0,12.35,12.4,-0.12,-0.9677,2.5414,317672,3894331.2,614000000.0,153500000.0
1997-01-29,'000605,中联建设,12.4,12.78,12.15,12.35,12.41,-0.01,-0.0806,3.9675,495938,6195101.48,620000000.0,155000000.0
1997-01-28,'000605,中联建设,12.41,12.45,12.1,12.33,12.27,0.14,1.141,4.724,590500,7305620.0,620500000.0,155125000.0
1997-01-27,'000605,中联建设,12.27,12.48,12.0,12.0,12.26,0.01,0.0816,3.9558,494472,6074163.68,613500000.0,153375000.0
1997-01-24,'000605,中联建设,12.26,12.5,12.0,12.2,12.06,0.2,1.6584,3.8818,485231,5922111.75,613000000.0,153250000.0
1997-01-23,'000605,中联建设,12.06,12.1,11.8,11.99,11.87,0.19,1.6007,4.1203,515039,6190819.72,603000000.0,150750000.0
1997-01-22,'000605,中联建设,11.87,11.95,11.6,11.8,11.88,-0.01,-0.0842,2.7306,341322,4023500.18,593500000.0,148375000.0
1997-01-21,'000605,中联建设,11.88,11.98,11.8,11.9,11.85,0.03,0.2532,2.2017,275208,3270574.84,594000000.0,148500000.0
1997-01-20,'000605,中联建设,11.85,12.0,11.8,12.0,11.8,0.05,0.4237,1.79,223750,2662262.4,592500000.0,148125000.0
1997-01-17,'000605,中联建设,11.8,11.9,11.6,11.6,11.73,0.07,0.5968,1.7944,224300,2644858.64,590000000.0,147500000.0
1997-01-16,'000605,中联建设,11.73,11.88,11.5,11.65,11.78,-0.05,-0.4244,1.7708,221356,2574877.2,586500000.0,146625000.0
1997-01-15,'000605,中联建设,11.78,11.85,11.48,11.56,11.63,0.15,1.2898,2.112,264000,3108593.0,589000000.0,147250000.0
1997-01-14,'000605,中联建设,11.63,12.15,11.55,12.1,12.03,-0.4,-3.325,3.2906,411328,4829805.4,581500000.0,145375000.0
1997-01-13,'000605,中联建设,12.03,12.13,11.61,11.61,11.71,0.32,2.7327,4.7263,590793,7074668.44,601500000.0,150375000.0
1997-01-10,'000605,中联建设,11.71,11.72,11.5,11.6,11.55,0.16,1.3853,2.2443,280534,3259928.02,585500000.0,146375000.0
1997-01-09,'000605,中联建设,11.55,11.8,11.39,11.6,11.35,0.2,1.7621,2.1487,268588,3125075.32,577500000.0,144375000.0
1997-01-08,'000605,中联建设,11.35,11.88,11.2,11.7,11.76,-0.41,-3.4864,2.7744,346796,4003691.4,567500000.0,141875000.0
1997-01-07,'000605,中联建设,11.76,11.8,10.65,11.0,11.09,0.67,6.0415,4.5738,571729,6548513.06,588000000.0,147000000.0
1997-01-06,'000605,中联建设,11.09,12.2,11.05,11.8,11.9,-0.81,-6.8067,3.7031,462893,5415670.0,554500000.0,138625000.0
1997-01-03,'000605,中联建设,11.9,12.67,11.5,12.4,12.67,-0.77,-6.0773,8.1983,1024789,12429371.32,595000000.0,148750000.0
1997-01-02,'000605,中联建设,12.67,12.88,12.0,12.05,12.62,0.05,0.3962,5.5691,696135,8776637.31,633500000.0,158375000.0
1996-12-31,'000605,中联建设,12.62,13.2,12.3,13.2,13.1,-0.48,-3.6641,9.8696,1233700,15690024.0,631000000.0,157750000.0
1996-12-30,'000605,中联建设,13.1,13.1,11.95,12.0,11.91,1.19,9.9916,10.2368,1279600,16184963.0,655000000.0,163750000.0
1996-12-27,'000605,中联建设,11.98,11.98,11.1,11.5,11.0,0.98,8.9091,9.9704,1246300,14391755.0,599000000.0,149750000.0
1996-12-26,'000605,中联建设,11.0,11.25,10.73,10.99,10.77,0.23,2.1356,4.0088,501100,5509181.0,550000000.0,137500000.0
1996-12-25,'000605,中联建设,10.78,10.95,9.2,10.5,10.04,0.74,7.3705,7.5056,938200,9629358.0,539000000.0,134750000.0
1996-12-24,'000605,中联建设,10.08,11.42,10.01,10.67,10.63,-0.55,-5.174,6.0032,750400,8170334.0,504000000.0,126000000.0
1996-12-23,'000605,中联建设,10.65,11.95,10.3,10.4,11.34,-0.69,-6.0847,4.2296,528700,5741849.0,532500000.0,133125000.0
1996-12-20,'000605,中联建设,11.34,11.58,11.34,11.39,12.6,-1.26,-10.0,1.8704,233800,2654469.0,567000000.0,141750000.0
1996-12-19,'000605,中联建设,12.6,14.0,12.6,14.0,14.0,-1.4,-10.0,5.312,664000,8612366.0,630000000.0,157500000.0
1996-12-18,'000605,中联建设,14.0,14.51,12.2,12.2,13.56,0.44,3.2448,6.204,775500,10078379.0,700000000.0,175000000.0
1996-12-17,'000605,中联建设,13.56,13.56,13.56,13.56,15.07,-1.51,-10.0199,3.0672,383400,5198904.0,678000000.0,169500000.0
1996-12-16,'000605,中联建设,15.07,15.07,15.07,15.07,16.74,-1.67,-9.9761,0.2704,33800,509366.0,753500000.0,188375000.0
1996-12-13,'000605,中联建设,16.7,17.63,16.7,17.63,17.72,-1.02,-5.7562,6.1104,763800,13087892.0,835000000.0,208750000.0
1996-12-12,'000605,中联建设,17.72,18.5,17.22,17.98,17.8,-0.08,-0.4494,12.7544,1594300,28682302.0,886000000.0,221500000.0
1996-12-11,'000605,中联建设,17.8,18.0,17.1,17.31,17.3,0.5,2.8902,13.1928,1649100,29066666.0,890000000.0,222500000.0
1996-12-10,'000605,中联建设,17.3,17.6,16.85,17.5,17.45,-0.15,-0.8596,8.6896,1086200,18704562.0,865000000.0,216250000.0
1996-12-09,'000605,中联建设,17.45,17.6,16.79,17.1,17.05,0.4,2.346,12.2296,1528700,26198958.0,872500000.0,218125000.0
1996-12-06,'000605,中联建设,17.05,17.48,16.0,17.25,17.21,-0.16,-0.9297,9.7288,1216100,20433186.0,852500000.0,213125000.0
1996-12-05,'000605,中联建设,17.21,17.4,14.45,17.2,16.9,0.31,1.8343,14.396,1799500,30703796.0,860500000.0,215125000.0
1996-12-04,'000605,中联建设,16.9,17.8,16.68,16.68,16.0,0.9,5.625,22.064,2758000,47868796.0,845000000.0,211250000.0
1996-12-03,'000605,中联建设,16.0,16.44,15.2,15.48,15.43,0.57,3.6941,7.4808,935100,14889617.0,800000000.0,200000000.0
1996-12-02,'000605,中联建设,15.43,16.48,15.0,16.4,16.2,-0.77,-4.7531,10.3552,1294400,20261146.0,771500000.0,192875000.0
1996-11-29,'000605,中联建设,16.2,17.5,15.9,17.1,17.01,-0.81,-4.7619,17.4576,2182200,36253728.0,810000000.0,202500000.0
1996-11-28,'000605,中联建设,17.01,17.69,14.7,15.21,15.1,1.91,12.649,31.2712,3908900,63532408.0,850500000.0,212625000.0
1996-11-27,'000605,中联建设,15.1,15.5,14.3,14.75,14.9,0.2,1.3423,9.712,1214000,18323468.0,755000000.0,188750000.0
1996-11-26,'000605,中联建设,14.9,15.5,14.3,15.5,15.5,-0.6,-3.871,7.2816,910200,13597731.0,745000000.0,186250000.0
1996-11-25,'000605,中联建设,15.5,16.0,14.83,15.72,15.35,0.15,0.9772,13.3024,1662800,25547826.0,775000000.0,193750000.0
1996-11-22,'000605,中联建设,15.35,15.49,13.7,14.5,14.95,0.4,2.6756,18.104,2263000,32416222.0,767500000.0,191875000.0
1996-11-21,'000605,中联建设,14.95,16.5,14.61,14.68,14.38,0.57,3.9638,29.2208,3652600,56944960.0,747500000.0,186875000.0
1996-11-20,'000605,中联建设,14.38,14.5,13.0,13.0,12.95,1.43,11.0425,21.2872,2660900,37354460.0,719000000.0,179750000.0
1996-11-19,'000605,中联建设,12.95,13.05,12.05,12.12,12.1,0.85,7.0248,14.4096,1801200,22785428.0,647500000.0,161875000.0
1996-11-18,'000605,中联建设,12.1,12.3,11.9,12.2,11.95,0.15,1.2552,13.2128,1651600,19924014.0,605000000.0,151250000.0
1996-11-15,'000605,中联建设,11.95,12.17,11.6,11.8,11.82,0.13,1.0998,16.96,2120000,25278072.0,597500000.0,149375000.0
1996-11-14,'000605,中联建设,11.82,11.95,11.5,11.5,11.2,0.62,5.5357,23.9032,2987900,35083476.0,591000000.0,147750000.0
1996-11-13,'000605,中联建设,11.2,11.38,10.51,10.8,10.7,0.5,4.6729,15.8224,1977800,21765662.0,560000000.0,140000000.0
1996-11-12,'000605,中联建设,10.7,11.0,10.51,10.98,10.87,-0.17,-1.5639,6.6336,829200,8930455.0,535000000.0,133750000.0
1996-11-11,'000605,中联建设,10.87,10.88,10.3,10.58,10.47,0.4,3.8204,10.2024,1275300,13629083.0,543500000.0,135875000.0
1996-11-08,'000605,中联建设,10.47,10.48,10.25,10.26,10.39,0.08,0.77,3.076,384500,3983589.25,523500000.0,130875000.0
1996-11-07,'000605,中联建设,10.39,10.6,10.21,10.6,10.4,-0.01,-0.0962,2.2808,285100,2948271.0,519500000.0,129875000.0
1996-11-06,'000605,中联建设,10.4,10.75,10.2,10.6,10.6,-0.2,-1.8868,4.3032,537900,5556750.0,520000000.0,130000000.0
1996-11-05,'000605,中联建设,10.6,11.4,10.5,11.1,11.0,-0.4,-3.6364,7.8232,977900,10706863.0,530000000.0,132500000.0
1996-11-04,'000605,中联建设,11.0,11.0,10.46,10.58,10.35,0.65,6.2802,11.8864,1485800,16096790.0,550000000.0,137500000.0
1996-11-01,'000605,中联建设,10.35,10.65,10.25,10.5,10.66,-0.31,-2.9081,6.748,843500,8734445.0,517500000.0,129375000.0
1996-10-31,'000605,中联建设,10.66,10.8,10.25,10.27,10.25,0.41,4.0,7.2072,900900,9517731.0,533000000.0,133250000.0
1996-10-30,'000605,中联建设,10.25,10.8,10.2,10.45,10.62,-0.37,-3.484,5.5136,689200,7199704.5,512500000.0,128125000.0
1996-10-29,'000605,中联建设,10.62,11.1,10.18,10.5,10.49,0.13,1.2393,9.8624,1232800,13069409.0,531000000.0,132750000.0
1996-10-28,'000605,中联建设,10.49,10.6,10.01,10.03,10.2,0.29,2.8431,7.9808,997600,10375140.0,524500000.0,131125000.0
1996-10-25,'000605,中联建设,10.2,10.48,10.0,10.38,10.35,-0.15,-1.4493,5.1184,639800,6528504.0,510000000.0,127500000.0
1996-10-24,'000605,中联建设,10.35,10.59,10.15,10.28,10.33,0.02,0.1936,6.9032,862900,8893312.0,517500000.0,129375000.0
1996-10-23,'000605,中联建设,10.33,10.5,10.08,10.3,10.34,-0.01,-0.0967,4.6928,586600,6024961.5,516500000.0,129125000.0
1996-10-22,'000605,中联建设,10.34,11.0,9.9,10.23,11.01,-0.67,-6.0854,11.1808,1397600,14739654.0,517000000.0,129250000.0
1996-10-21,'000605,中联建设,11.01,11.1,9.8,9.8,10.24,0.77,7.5195,13.4352,1679400,17584280.0,550500000.0,137625000.0
1996-10-18,'000605,中联建设,10.24,12.37,10.21,11.55,11.45,-1.21,-10.5677,26.788,3348500,38009604.0,512000000.0,128000000.0
1996-10-17,'000605,中联建设,11.45,11.55,10.0,10.01,9.8,1.65,16.8367,41.4568,5182100,56796436.0,572500000.0,143125000.0
1996-10-16,'000605,中联建设,9.8,9.89,9.1,9.5,9.43,0.37,3.9236,18.5096,2313700,21986090.0,490000000.0,122500000.0
1996-10-15,'000605,中联建设,9.43,9.68,9.0,9.1,9.08,0.35,3.8546,12.0744,1509300,14143909.0,471500000.0,117875000.0
1996-10-14,'000605,中联建设,9.08,9.1,8.8,9.0,9.0,0.08,0.8889,5.7872,723400,6520613.5,454000000.0,113500000.0
1996-10-11,'000605,中联建设,9.0,9.15,8.85,9.12,9.11,-0.11,-1.2075,7.1168,889600,7953864.0,450000000.0,112500000.0
1996-10-10,'000605,中联建设,9.11,9.23,8.99,9.12,9.14,-0.03,-0.3282,7.6032,950400,8608361.0,455500000.0,113875000.0
1996-10-09,'000605,中联建设,9.14,9.75,9.05,9.05,9.35,-0.21,-2.246,10.3152,1289400,12168254.0,457000000.0,114250000.0
1996-10-08,'000605,中联建设,9.35,9.35,8.96,9.3,9.22,0.13,1.41,8.6416,1080200,9956548.0,467500000.0,116875000.0
1996-10-07,'000605,中联建设,9.22,9.22,8.9,9.0,8.96,0.26,2.9018,8.4688,1058600,9571043.0,461000000.0,115250000.0
1996-10-04,'000605,中联建设,8.96,9.05,8.81,8.98,9.0,-0.04,-0.4444,4.1232,515400,4586020.5,448000000.0,112000000.0
1996-10-03,'000605,中联建设,9.0,9.3,9.0,9.05,8.98,0.02,0.2227,7.888,986000,8940183.0,450000000.0,112500000.0
1996-09-27,'000605,中联建设,8.98,9.06,8.7,8.7,8.76,0.22,2.5114,7.488,936000,8339589.0,449000000.0,112250000.0
1996-09-26,'000605,中联建设,8.76,8.89,8.7,8.81,8.75,0.01,0.1143,4.668,583500,5135291.0,438000000.0,109500000.0
1996-09-25,'000605,中联建设,8.75,8.99,8.6,8.9,8.9,-0.15,-1.6854,6.1056,763200,6642821.5,437500000.0,109375000.0
1996-09-24,'000605,中联建设,8.9,9.15,8.5,8.68,8.7,0.2,2.2989,7.9976,999700,8860260.0,445000000.0,111250000.0
1996-09-23,'000605,中联建设,8.7,8.95,8.5,8.9,8.98,-0.28,-3.118,10.0656,1258200,10855197.0,435000000.0,108750000.0
1996-09-20,'000605,中联建设,8.98,9.33,8.95,8.95,8.8,0.18,2.0455,18.3344,2291800,20901804.0,449000000.0,112250000.0
1996-09-19,'000605,中联建设,8.8,8.8,8.38,8.8,8.9,-0.1,-1.1236,8.5216,1065200,9182970.0,440000000.0,110000000.0
1996-09-18,'000605,中联建设,8.9,9.8,8.75,9.8,9.79,-0.89,-9.0909,19.02,2377500,21586078.0,445000000.0,111250000.0
1996-09-17,'000605,中联建设,9.79,10.0,9.15,9.4,9.35,0.44,4.7059,21.7896,2723700,25942972.0,489500000.0,122375000.0
1996-09-16,'000605,中联建设,9.35,10.05,9.1,10.01,10.2,-0.85,-8.3333,18.2104,2276300,21554976.0,467500000.0,116875000.0
1996-09-13,'000605,中联建设,10.2,10.2,9.1,9.8,4.0,6.2,155.0,36.7848,4598100,44790216.0,510000000.0,127500000.0
