日期,股票代码,名称,收盘价,最高价,最低价,开盘价,前收盘,涨跌额,涨跌幅,换手率,成交量,成交金额,总市值,流通市值
2019-04-10,'002512,达华智能,6.12,6.15,5.92,6.08,6.06,0.06,0.9901,2.5546,27561927,166645363.07,6703763127.84,6602900858.28
2019-04-09,'002512,达华智能,6.06,6.1,5.84,5.92,5.85,0.21,3.5897,2.6172,28236582,170067751.3,6638039959.92,6538166536.14
2019-04-08,'002512,达华智能,5.85,6.15,5.75,6.06,6.08,-0.23,-3.7829,2.7682,29866063,177306454.16,6408008872.2,6311596408.65
2019-04-04,'002512,达华智能,6.08,6.27,6.06,6.18,6.21,-0.13,-2.0934,2.5395,27399113,167574472.76,6659947682.56,6559744643.52
2019-04-03,'002512,达华智能,6.21,6.3,5.91,5.99,6.08,0.13,2.1382,3.7709,40684208,249878220.75,6802347879.72,6700002341.49
2019-04-02,'002512,达华智能,6.08,6.35,6.02,6.23,6.02,0.06,0.9967,3.5948,38784888,238743249.01,6659947682.56,6559744643.52
2019-04-01,'002512,达华智能,6.02,6.08,5.8,5.89,5.77,0.25,4.3328,2.6853,28971897,173397224.63,6594224514.64,6495010321.38
2019-03-29,'002512,达华智能,5.77,5.82,5.55,5.66,5.56,0.21,3.777,2.2611,24394999,138899242.46,6320377981.64,6225283979.13
2019-03-28,'002512,达华智能,5.56,5.85,5.55,5.76,5.69,-0.13,-2.2847,1.9481,21017985,119903629.05,6090346893.92,5998713851.64
2019-03-27,'002512,达华智能,5.69,5.86,5.43,5.86,5.72,-0.03,-0.5245,2.1976,23710296,133994189.14,6232747091.08,6138971549.61
2019-03-26,'002512,达华智能,5.72,6.12,5.69,6.04,6.04,-0.32,-5.298,2.4926,26892863,157613654.1,6265608675.04,6171338710.68
2019-03-25,'002512,达华智能,6.04,6.23,5.9,6.03,6.12,-0.08,-1.3072,1.9724,21280338,128838775.25,6616132237.28,6516588428.76
2019-03-22,'002512,达华智能,6.12,6.29,6.01,6.28,6.24,-0.12,-1.9231,2.2195,23946057,146541122.31,6703763127.84,6602900858.28
2019-03-21,'002512,达华智能,6.24,6.32,6.12,6.22,6.12,0.12,1.9608,3.1437,33917417,211628281.43,6835209463.68,6732369502.56
2019-03-20,'002512,达华智能,6.12,6.31,6.0,6.28,6.2,-0.08,-1.2903,2.5135,27118038,166130307.94,6703763127.84,6602900858.28
2019-03-19,'002512,达华智能,6.2,6.35,6.16,6.3,6.3,-0.1,-1.5873,2.4079,25979050,162313674.77,6791394018.4,6689213287.8
2019-03-18,'002512,达华智能,6.3,6.35,6.14,6.14,6.23,0.07,1.1236,2.588,27922022,174351046.06,6900932631.6,6797103824.7
2019-03-15,'002512,达华智能,6.23,6.7,6.15,6.5,6.2,0.03,0.4839,3.491,37664308,240375311.23,6824255602.36,6721580448.87
2019-03-14,'002512,达华智能,6.2,6.67,6.12,6.67,6.8,-0.6,-8.8235,4.7952,51736159,326314673.88,6791394018.4,6689213287.8
2019-03-13,'002512,达华智能,6.8,7.5,6.8,7.12,7.03,-0.23,-3.2717,8.3998,90626020,649537693.06,7448625697.6,7336556509.2
2019-03-12,'002512,达华智能,7.03,7.03,6.4,6.4,6.39,0.64,10.0156,6.6088,71302193,479033525.65,7700564507.96,7584704744.07
2019-03-11,'002512,达华智能,6.39,6.47,6.14,6.25,6.33,0.06,0.9479,4.2251,45584853,287414131.41,6999517383.48,6894205307.91
2019-03-08,'002512,达华智能,6.33,6.94,6.33,6.68,7.03,-0.7,-9.9573,6.5966,71170944,467509797.3,6933794215.56,6829470985.77
2019-03-07,'002512,达华智能,7.03,7.4,6.58,6.8,6.77,0.26,3.8405,8.7698,94617993,671887415.65,7700564507.96,7584704744.07
2019-03-06,'002512,达华智能,6.77,6.77,6.0,6.11,6.15,0.62,10.0813,8.7307,94195602,595997566.4,7415764113.64,7304189348.13
2019-03-05,'002512,达华智能,6.15,6.17,5.57,5.8,5.72,0.43,7.5175,7.2796,78540102,452638614.11,6736624711.8,6635268019.35
2019-03-04,'002512,达华智能,5.72,5.8,5.25,5.25,5.27,0.45,8.5389,7.0536,76101281,423397445.5,6265608675.04,6171338710.68
2019-03-01,'002512,达华智能,5.27,5.43,5.22,5.32,5.31,-0.04,-0.7533,2.7661,29843876,158505177.67,5772684915.64,5685831294.63
2019-02-28,'002512,达华智能,5.31,5.46,5.21,5.27,5.23,0.08,1.5296,2.639,28472119,151076769.71,5816500360.92,5728987509.39
2019-02-27,'002512,达华智能,5.23,5.45,5.13,5.2,5.21,0.02,0.3839,3.9922,43071883,227391590.9,5728869470.36,5642675079.87
2019-02-26,'002512,达华智能,5.21,5.65,5.19,5.53,5.32,-0.11,-2.0677,7.3265,79046284,431183212.08,5706961747.72,5621096972.49
2019-02-25,'002512,达华智能,5.32,5.32,4.93,5.0,4.84,0.48,9.9174,5.8195,62787337,319722927.1,5827454222.24,5739776563.08
2019-02-22,'002512,达华智能,4.84,4.97,4.76,4.81,4.75,0.09,1.8947,3.5706,38523491,187070321.11,5301668878.88,5221901985.96
2019-02-21,'002512,达华智能,4.75,4.99,4.72,4.75,4.84,-0.09,-1.8595,4.0356,43539875,210249468.29,5203084127.0,5124800502.75
2019-02-20,'002512,达华智能,4.84,4.97,4.75,4.92,5.02,-0.18,-3.5857,3.484,37589186,182106188.81,5301668878.88,5221901985.96
2019-02-19,'002512,达华智能,5.02,5.15,4.65,4.67,4.7,0.32,6.8085,6.3159,59330763,289806996.74,5498838382.64,4715722895.62
2019-02-18,'002512,达华智能,4.7,4.75,4.43,4.43,4.58,0.12,2.6201,4.9906,46880878,215328334.7,5148314820.4,4415119045.7
2019-02-15,'002512,达华智能,4.58,4.72,4.21,4.22,4.29,0.29,6.7599,5.5292,51940550,234573730.22,5016868484.56,4302392601.98
2019-02-14,'002512,达华智能,4.29,4.4,4.13,4.21,4.18,0.11,2.6316,3.6406,34199290,145026035.64,4699206506.28,4029970362.99
2019-02-13,'002512,达华智能,4.18,4.28,4.06,4.12,4.04,0.14,3.4653,3.6118,33928993,141417009.9,4578714031.76,3926637789.58
2019-02-12,'002512,达华智能,4.04,4.18,4.0,4.07,4.03,0.01,0.2481,3.6839,34605816,140947096.43,4425359973.28,3795123605.24
2019-02-11,'002512,达华智能,4.03,4.03,3.73,3.75,3.66,0.37,10.1093,3.9721,37313159,146855485.2,4414406111.96,3785729734.93
2019-02-01,'002512,达华智能,3.66,3.71,3.5,3.5,3.46,0.2,5.7803,2.8084,26381621,95675932.83,4009113243.12,3438156533.46
2019-01-31,'002512,达华智能,3.46,3.69,3.45,3.52,3.83,-0.37,-9.6606,3.5954,33774843,120480667.18,3790036016.72,3250279127.26
2019-01-30,'002512,达华智能,3.83,3.83,3.83,3.83,4.26,-0.43,-10.0939,0.5444,5114300,19587769.0,4195328885.56,3597852328.73
2019-01-29,'002512,达华智能,4.26,4.54,4.2,4.54,4.54,-0.28,-6.1674,2.3338,21923876,94113381.28,4666344922.32,4001788752.06
2019-01-28,'002512,达华智能,4.54,4.77,4.47,4.74,4.71,-0.17,-3.6093,2.0588,19339962,88969728.34,4973053039.28,4264817120.74
2019-01-25,'002512,达华智能,4.71,4.94,4.71,4.86,4.89,-0.18,-3.681,1.6524,15522000,74791241.67,5159268681.72,4424512916.01
2019-01-24,'002512,达华智能,4.89,4.92,4.75,4.85,4.85,0.04,0.8247,1.5332,14402933,69883380.41,5356438185.48,4593602581.59
2019-01-23,'002512,达华智能,4.85,5.03,4.8,4.98,5.01,-0.16,-3.1936,1.9986,18774697,91920278.8,5312622740.2,4556027100.35
2019-01-22,'002512,达华智能,5.01,5.16,5.0,5.13,5.1,-0.09,-1.7647,1.4069,13216526,66811324.26,5487884521.32,4706329025.31
2019-01-21,'002512,达华智能,5.1,5.18,5.06,5.1,5.06,0.04,0.7905,1.4139,13281982,67995715.44,5586469273.2,4790873858.1
2019-01-18,'002512,达华智能,5.06,5.12,5.0,5.05,5.06,0.0,0.0,1.4591,13706900,69330280.15,5542653827.92,4753298376.86
2019-01-17,'002512,达华智能,5.06,5.19,5.02,5.14,5.18,-0.12,-2.3166,2.0445,19205650,97588754.75,5542653827.92,4753298376.86
2019-01-16,'002512,达华智能,5.18,5.34,5.16,5.21,5.19,-0.01,-0.1927,1.9101,17942926,93850244.37,5674100163.76,4866024820.58
2019-01-15,'002512,达华智能,5.19,5.23,5.13,5.15,5.16,0.03,0.5814,1.6046,15073583,78146823.5,5685054025.08,4875418690.89
2019-01-14,'002512,达华智能,5.16,5.3,5.11,5.28,5.33,-0.17,-3.1895,2.4398,22919208,119343914.79,5652192441.12,4847237079.96
2019-01-11,'002512,达华智能,5.33,5.6,5.21,5.21,5.2,0.13,2.5,3.8663,36319710,196562070.69,5838408083.56,5006932875.23
2019-01-10,'002512,达华智能,5.2,5.39,5.15,5.31,5.27,-0.07,-1.3283,2.167,20356927,107292072.19,5696007886.4,4884812561.2
2019-01-09,'002512,达华智能,5.27,5.42,5.19,5.3,5.31,-0.04,-0.7533,2.7317,25660968,136295455.75,5772684915.64,4950569653.37
2019-01-08,'002512,达华智能,5.31,5.43,5.24,5.28,5.28,0.03,0.5682,2.4937,23425353,124896178.69,5816500360.92,4988145134.61
2019-01-07,'002512,达华智能,5.28,5.37,5.19,5.22,5.18,0.1,1.9305,2.3743,22304219,117671186.61,5783638776.96,4959963523.68
2019-01-04,'002512,达华智能,5.18,5.23,4.93,5.01,5.16,0.02,0.3876,2.6825,25199381,128877178.61,5674100163.76,4866024820.58
2019-01-03,'002512,达华智能,5.16,5.57,5.15,5.17,5.14,0.02,0.3891,2.9176,27407134,145000952.92,5652192441.12,4847237079.96
2019-01-02,'002512,达华智能,5.14,5.32,5.08,5.31,5.31,-0.17,-3.2015,2.768,26002564,134244806.09,5630284718.48,4828449339.34
2018-12-28,'002512,达华智能,5.31,5.55,5.26,5.53,5.47,-0.16,-2.925,2.592,24349303,131409960.96,5816500360.92,4988145134.61
2018-12-27,'002512,达华智能,5.47,5.93,5.47,5.88,5.85,-0.38,-6.4957,3.3046,31042648,176814071.53,5991762142.04,5138447059.57
2018-12-26,'002512,达华智能,5.85,6.0,5.74,5.99,6.04,-0.19,-3.1457,3.7963,35661576,208565334.61,6408008872.2,5495414131.35
2018-12-25,'002512,达华智能,6.04,6.37,5.66,5.72,5.79,0.25,4.3178,5.551,52145126,319330902.58,6616132237.28,5673897667.24
2018-12-24,'002512,达华智能,5.79,5.89,5.72,5.84,5.86,-0.07,-1.1945,1.5989,15019423,87057851.4,6342285704.28,5439050909.49
2018-12-21,'002512,达华智能,5.86,6.04,5.81,5.93,5.91,-0.05,-0.846,1.8751,17614200,104246372.0,6418962733.52,5504808001.66
2018-12-20,'002512,达华智能,5.91,6.11,5.84,5.95,5.96,-0.05,-0.8389,2.7245,25593500,152437274.34,6473732040.12,5551777353.21
2018-12-19,'002512,达华智能,5.96,6.35,5.93,6.29,6.27,-0.31,-4.9442,4.4096,41422887,252217964.28,6528501346.72,5598746704.76
2018-12-18,'002512,达华智能,6.27,6.27,5.66,5.66,5.7,0.57,10.0,5.4941,51611055,313918372.9,6868071047.64,5889956684.37
2018-12-17,'002512,达华智能,5.7,5.82,5.61,5.77,5.85,-0.15,-2.5641,1.9384,18209229,104174069.22,6243700952.4,5354506076.7
2018-12-14,'002512,达华智能,5.85,6.14,5.76,6.14,6.16,-0.31,-5.0325,3.2257,30302108,179910517.97,6408008872.2,5495414131.35
2018-12-13,'002512,达华智能,6.16,6.22,6.05,6.15,6.14,0.02,0.3257,2.1551,20244274,124498663.57,6747578573.12,5786624110.96
2018-12-12,'002512,达华智能,6.14,6.33,6.12,6.3,6.28,-0.14,-2.2293,2.2746,21366998,132517754.54,6725670850.48,5767836370.34
2018-12-11,'002512,达华智能,6.28,6.4,6.21,6.39,6.31,-0.03,-0.4754,2.1005,19731409,124201278.02,6879024908.96,5899350554.68
2018-12-10,'002512,达华智能,6.31,6.59,6.27,6.48,6.62,-0.31,-4.6828,2.654,24931076,159517635.13,6911886492.92,5927532165.61
2018-12-07,'002512,达华智能,6.62,6.77,6.55,6.6,6.54,0.08,1.2232,3.0545,28693694,191210304.53,7251456193.84,6218742145.22
2018-12-06,'002512,达华智能,6.54,6.8,6.42,6.62,6.69,-0.15,-2.2422,3.8301,35979306,239566899.75,7163825303.28,6143591182.74
2018-12-05,'002512,达华智能,6.69,6.8,6.26,6.3,6.56,0.13,1.9817,3.9533,37136711,242202708.18,7328133223.08,6284499237.39
2018-12-04,'002512,达华智能,6.56,6.73,6.46,6.5,6.61,-0.05,-0.7564,3.3378,31355011,206012896.02,7185733025.92,6162378923.36
2018-12-03,'002512,达华智能,6.61,6.74,6.42,6.59,6.44,0.17,2.6398,4.0612,36086149,237144973.75,7240502332.52,5873429965.37
2018-11-30,'002512,达华智能,6.44,6.8,6.3,6.42,6.39,0.05,0.7825,3.347,29740347,193714173.72,7054286690.08,5722373521.48
2018-11-29,'002512,达华智能,6.39,6.73,6.36,6.72,6.74,-0.35,-5.1929,4.5076,40053380,261343496.34,6999517383.48,5677945155.63
2018-11-28,'002512,达华智能,6.74,7.12,6.72,6.8,6.72,0.02,0.2976,7.9723,70838931,490069643.97,7382902529.68,5988943716.58
2018-11-27,'002512,达华智能,6.72,6.72,6.18,6.22,6.11,0.61,9.9836,4.4414,39465235,255553329.62,7360994807.04,5971172370.24
2018-11-26,'002512,达华智能,6.11,6.59,6.09,6.48,6.77,-0.66,-9.7489,5.0829,45165186,284084726.48,6692809266.52,5429146306.87
2018-11-23,'002512,达华智能,6.77,7.09,6.77,6.96,7.0,-0.23,-3.2857,4.5446,40381645,280297233.08,7415764113.64,6015600736.09
2018-11-22,'002512,达华智能,7.0,7.19,6.93,7.0,7.2,-0.2,-2.7778,9.3208,82821736,583322877.45,7667702924.0,6219971219.0
2018-11-21,'002512,达华智能,7.2,7.68,7.04,7.04,7.82,-0.62,-7.9284,11.9622,106291921,767161341.49,7886780150.4,6397684682.4
2018-11-20,'002512,达华智能,7.82,7.82,7.82,7.82,8.69,-0.87,-10.0115,1.3719,12190100,95326582.0,8565919552.24,6948596418.94
2018-11-19,'002512,达华智能,8.69,9.0,8.69,8.69,9.66,-0.97,-10.0414,11.3886,101195388,880179085.61,9518905487.08,7721649984.73
2018-11-16,'002512,达华智能,0.0,0.0,0.0,0.0,9.66,None,None,0.0,0,0.0,10581430035.1,8583560282.22
2018-11-15,'002512,达华智能,0.0,0.0,0.0,0.0,9.66,None,None,0.0,0,0.0,10581430035.1,8583560282.22
2018-11-14,'002512,达华智能,0.0,0.0,0.0,0.0,9.66,None,None,0.0,0,0.0,10581430035.1,8583560282.22
2018-11-13,'002512,达华智能,0.0,0.0,0.0,0.0,9.66,None,None,0.0,0,0.0,10581430035.1,8583560282.22
2018-11-12,'002512,达华智能,0.0,0.0,0.0,0.0,9.66,None,None,0.0,0,0.0,10581430035.1,8583560282.22
2018-11-09,'002512,达华智能,0.0,0.0,0.0,0.0,9.66,None,None,0.0,0,0.0,10581430035.1,8583560282.22
2018-11-08,'002512,达华智能,0.0,0.0,0.0,0.0,9.66,None,None,0.0,0,0.0,10581430035.1,8583560282.22
2018-11-07,'002512,达华智能,0.0,0.0,0.0,0.0,9.66,None,None,0.0,0,0.0,10581430035.1,8583560282.22
2018-11-06,'002512,达华智能,0.0,0.0,0.0,0.0,9.66,None,None,0.0,0,0.0,10581430035.1,8583560282.22
2018-11-05,'002512,达华智能,0.0,0.0,0.0,0.0,9.66,None,None,0.0,0,0.0,10581430035.1,8583560282.22
2018-11-02,'002512,达华智能,0.0,0.0,0.0,0.0,9.66,None,None,0.0,0,0.0,10581430035.1,8583560282.22
2018-11-01,'002512,达华智能,0.0,0.0,0.0,0.0,9.66,None,None,0.0,0,0.0,10581430035.1,8583560282.22
2018-10-31,'002512,达华智能,0.0,0.0,0.0,0.0,9.66,None,None,0.0,0,0.0,10581430035.1,8583560282.22
2018-10-30,'002512,达华智能,0.0,0.0,0.0,0.0,9.66,None,None,0.0,0,0.0,10581430035.1,8583560282.22
2018-10-29,'002512,达华智能,0.0,0.0,0.0,0.0,9.66,None,None,0.0,0,0.0,10581430035.1,8583560282.22
2018-10-26,'002512,达华智能,0.0,0.0,0.0,0.0,9.66,None,None,0.0,0,0.0,10581430035.1,8583560282.22
2018-10-25,'002512,达华智能,0.0,0.0,0.0,0.0,9.66,None,None,0.0,0,0.0,10581430035.1,8583560282.22
2018-10-24,'002512,达华智能,0.0,0.0,0.0,0.0,9.66,None,None,0.0,0,0.0,10581430035.1,8583560282.22
2018-10-23,'002512,达华智能,0.0,0.0,0.0,0.0,9.66,None,None,0.0,0,0.0,10581430035.1,8583560282.22
2018-10-22,'002512,达华智能,0.0,0.0,0.0,0.0,9.66,None,None,0.0,0,0.0,10581430035.1,8583560282.22
2018-10-19,'002512,达华智能,0.0,0.0,0.0,0.0,9.66,None,None,0.0,0,0.0,10581430035.1,8583560282.22
2018-10-18,'002512,达华智能,0.0,0.0,0.0,0.0,9.66,None,None,0.0,0,0.0,10581430035.1,8583560282.22
2018-10-17,'002512,达华智能,0.0,0.0,0.0,0.0,9.66,None,None,0.0,0,0.0,10581430035.1,8583560282.22
2018-10-16,'002512,达华智能,0.0,0.0,0.0,0.0,9.66,None,None,0.0,0,0.0,10581430035.1,8583560282.22
2018-10-15,'002512,达华智能,0.0,0.0,0.0,0.0,9.66,None,None,0.0,0,0.0,10581430035.1,8583560282.22
2018-10-12,'002512,达华智能,0.0,0.0,0.0,0.0,9.66,None,None,0.0,0,0.0,10581430035.1,8583560282.22
2018-10-11,'002512,达华智能,0.0,0.0,0.0,0.0,9.66,None,None,0.0,0,0.0,10581430035.1,8583560282.22
2018-10-10,'002512,达华智能,0.0,0.0,0.0,0.0,9.66,None,None,0.0,0,0.0,10581430035.1,8583560282.22
2018-10-09,'002512,达华智能,0.0,0.0,0.0,0.0,9.66,None,None,0.0,0,0.0,10581430035.1,8583560282.22
2018-10-08,'002512,达华智能,0.0,0.0,0.0,0.0,9.66,None,None,0.0,0,0.0,10581430035.1,8583560282.22
2018-09-28,'002512,达华智能,0.0,0.0,0.0,0.0,9.66,None,None,0.0,0,0.0,10581430035.1,8583560282.22
2018-09-27,'002512,达华智能,0.0,0.0,0.0,0.0,9.66,None,None,0.0,0,0.0,10581430035.1,8583560282.22
2018-09-26,'002512,达华智能,0.0,0.0,0.0,0.0,9.66,None,None,0.0,0,0.0,10581430035.1,8583560282.22
2018-09-25,'002512,达华智能,0.0,0.0,0.0,0.0,9.66,None,None,0.0,0,0.0,10581430035.1,8583560282.22
2018-09-21,'002512,达华智能,0.0,0.0,0.0,0.0,9.66,None,None,0.0,0,0.0,10581430035.1,8583560282.22
2018-09-20,'002512,达华智能,0.0,0.0,0.0,0.0,9.66,None,None,0.0,0,0.0,10581430035.1,8583560282.22
2018-09-19,'002512,达华智能,0.0,0.0,0.0,0.0,9.66,None,None,0.0,0,0.0,10581430035.1,8583560282.22
2018-09-18,'002512,达华智能,0.0,0.0,0.0,0.0,9.66,None,None,0.0,0,0.0,10581430035.1,8583560282.22
2018-09-17,'002512,达华智能,0.0,0.0,0.0,0.0,9.66,None,None,0.0,0,0.0,10581430035.1,8583560282.22
2018-09-14,'002512,达华智能,0.0,0.0,0.0,0.0,9.66,None,None,0.0,0,0.0,10581430035.1,8583560282.22
2018-09-13,'002512,达华智能,0.0,0.0,0.0,0.0,9.66,None,None,0.0,0,0.0,10581430035.1,8583560282.22
2018-09-12,'002512,达华智能,0.0,0.0,0.0,0.0,9.66,None,None,0.0,0,0.0,10581430035.1,8583560282.22
2018-09-11,'002512,达华智能,0.0,0.0,0.0,0.0,9.66,None,None,0.0,0,0.0,10581430035.1,8583560282.22
2018-09-10,'002512,达华智能,0.0,0.0,0.0,0.0,9.66,None,None,0.0,0,0.0,10581430035.1,8583560282.22
2018-09-07,'002512,达华智能,0.0,0.0,0.0,0.0,9.66,None,None,0.0,0,0.0,10581430035.1,8583560282.22
2018-09-06,'002512,达华智能,0.0,0.0,0.0,0.0,9.66,None,None,0.0,0,0.0,10581430035.1,8583560282.22
2018-09-05,'002512,达华智能,0.0,0.0,0.0,0.0,9.66,None,None,0.0,0,0.0,10581430035.1,8583560282.22
2018-09-04,'002512,达华智能,0.0,0.0,0.0,0.0,9.66,None,None,0.0,0,0.0,10581430035.1,8583560282.22
2018-09-03,'002512,达华智能,0.0,0.0,0.0,0.0,9.66,None,None,0.0,0,0.0,10581430035.1,8583560282.22
2018-08-31,'002512,达华智能,0.0,0.0,0.0,0.0,9.66,None,None,0.0,0,0.0,10581430035.1,8583560282.22
2018-08-30,'002512,达华智能,0.0,0.0,0.0,0.0,9.66,None,None,0.0,0,0.0,10581430035.1,8583560282.22
2018-08-29,'002512,达华智能,0.0,0.0,0.0,0.0,9.66,None,None,0.0,0,0.0,10581430035.1,8583560282.22
2018-08-28,'002512,达华智能,0.0,0.0,0.0,0.0,9.66,None,None,0.0,0,0.0,10581430035.1,8583560282.22
2018-08-27,'002512,达华智能,0.0,0.0,0.0,0.0,9.66,None,None,0.0,0,0.0,10581430035.1,8583560282.22
2018-08-24,'002512,达华智能,0.0,0.0,0.0,0.0,9.66,None,None,0.0,0,0.0,10581430035.1,8583560282.22
2018-08-23,'002512,达华智能,0.0,0.0,0.0,0.0,9.66,None,None,0.0,0,0.0,10581430035.1,8583560282.22
2018-08-22,'002512,达华智能,0.0,0.0,0.0,0.0,9.66,None,None,0.0,0,0.0,10581430035.1,8583560282.22
2018-08-21,'002512,达华智能,0.0,0.0,0.0,0.0,9.66,None,None,0.0,0,0.0,10581430035.1,8583560282.22
2018-08-20,'002512,达华智能,0.0,0.0,0.0,0.0,9.66,None,None,0.0,0,0.0,10581430035.1,8583560282.22
2018-08-17,'002512,达华智能,0.0,0.0,0.0,0.0,9.66,None,None,0.0,0,0.0,10581430035.1,8583560282.22
2018-08-16,'002512,达华智能,0.0,0.0,0.0,0.0,9.66,None,None,0.0,0,0.0,10581430035.1,8583560282.22
2018-08-15,'002512,达华智能,0.0,0.0,0.0,0.0,9.66,None,None,0.0,0,0.0,10581430035.1,8583560282.22
2018-08-14,'002512,达华智能,0.0,0.0,0.0,0.0,9.66,None,None,0.0,0,0.0,10581430035.1,8583560282.22
2018-08-13,'002512,达华智能,0.0,0.0,0.0,0.0,9.66,None,None,0.0,0,0.0,10581430035.1,8583560282.22
2018-08-10,'002512,达华智能,0.0,0.0,0.0,0.0,9.66,None,None,0.0,0,0.0,10581430035.1,8583560282.22
2018-08-09,'002512,达华智能,0.0,0.0,0.0,0.0,9.66,None,None,0.0,0,0.0,10581430035.1,8583560282.22
2018-08-08,'002512,达华智能,0.0,0.0,0.0,0.0,9.66,None,None,0.0,0,0.0,10581430035.1,8583560282.22
2018-08-07,'002512,达华智能,0.0,0.0,0.0,0.0,9.66,None,None,0.0,0,0.0,10581430035.1,8583560282.22
2018-08-06,'002512,达华智能,0.0,0.0,0.0,0.0,9.66,None,None,0.0,0,0.0,10581430035.1,8583560282.22
2018-08-03,'002512,达华智能,0.0,0.0,0.0,0.0,9.66,None,None,0.0,0,0.0,10581430035.1,8583560282.22
2018-08-02,'002512,达华智能,0.0,0.0,0.0,0.0,9.66,None,None,0.0,0,0.0,10581430035.1,8583560282.22
2018-08-01,'002512,达华智能,0.0,0.0,0.0,0.0,9.66,None,None,0.0,0,0.0,10581430035.1,8583560282.22
2018-07-31,'002512,达华智能,0.0,0.0,0.0,0.0,9.66,None,None,0.0,0,0.0,10581430035.1,8583560282.22
2018-07-30,'002512,达华智能,0.0,0.0,0.0,0.0,9.66,None,None,0.0,0,0.0,10581430035.1,8583560282.22
2018-07-27,'002512,达华智能,0.0,0.0,0.0,0.0,9.66,None,None,0.0,0,0.0,10581430035.1,8583560282.22
2018-07-26,'002512,达华智能,0.0,0.0,0.0,0.0,9.66,None,None,0.0,0,0.0,10581430035.1,8583560282.22
2018-07-25,'002512,达华智能,0.0,0.0,0.0,0.0,9.66,None,None,0.0,0,0.0,10581430035.1,8583560282.22
2018-07-24,'002512,达华智能,0.0,0.0,0.0,0.0,9.66,None,None,0.0,0,0.0,10581430035.1,8583560282.22
2018-07-23,'002512,达华智能,0.0,0.0,0.0,0.0,9.66,None,None,0.0,0,0.0,10581430035.1,8583560282.22
2018-07-20,'002512,达华智能,0.0,0.0,0.0,0.0,9.66,None,None,0.0,0,0.0,10581430035.1,8583560282.22
2018-07-19,'002512,达华智能,0.0,0.0,0.0,0.0,9.66,None,None,0.0,0,0.0,10581430035.1,8583560282.22
2018-07-18,'002512,达华智能,0.0,0.0,0.0,0.0,9.66,None,None,0.0,0,0.0,10581430035.1,8583560282.22
2018-07-17,'002512,达华智能,0.0,0.0,0.0,0.0,9.66,None,None,0.0,0,0.0,10581430035.1,8583560282.22
2018-07-16,'002512,达华智能,0.0,0.0,0.0,0.0,9.66,None,None,0.0,0,0.0,10581430035.1,8583560282.22
2018-07-13,'002512,达华智能,0.0,0.0,0.0,0.0,9.66,None,None,0.0,0,0.0,10581430035.1,8583560282.22
2018-07-12,'002512,达华智能,0.0,0.0,0.0,0.0,9.66,None,None,0.0,0,0.0,10581430035.1,8583560282.22
2018-07-11,'002512,达华智能,0.0,0.0,0.0,0.0,9.66,None,None,0.0,0,0.0,10581430035.1,8583560282.22
2018-07-10,'002512,达华智能,0.0,0.0,0.0,0.0,9.66,None,None,0.0,0,0.0,10581430035.1,8583560282.22
2018-07-09,'002512,达华智能,0.0,0.0,0.0,0.0,9.66,None,None,0.0,0,0.0,10581430035.1,8583560282.22
2018-07-06,'002512,达华智能,0.0,0.0,0.0,0.0,9.7,None,None,0.0,0,0.0,10625245480.4,8619102974.9
2018-07-05,'002512,达华智能,0.0,0.0,0.0,0.0,9.7,None,None,0.0,0,0.0,10625245480.4,8619102974.9
2018-07-04,'002512,达华智能,0.0,0.0,0.0,0.0,9.7,None,None,0.0,0,0.0,10625245480.4,8619102974.9
2018-07-03,'002512,达华智能,0.0,0.0,0.0,0.0,9.7,None,None,0.0,0,0.0,10625245480.4,8619102974.9
2018-07-02,'002512,达华智能,0.0,0.0,0.0,0.0,9.7,None,None,0.0,0,0.0,10625245480.4,8619102974.9
2018-06-29,'002512,达华智能,0.0,0.0,0.0,0.0,9.7,None,None,0.0,0,0.0,10625245480.4,8619102974.9
2018-06-28,'002512,达华智能,0.0,0.0,0.0,0.0,9.7,None,None,0.0,0,0.0,10625245480.4,8619102974.9
2018-06-27,'002512,达华智能,0.0,0.0,0.0,0.0,9.7,None,None,0.0,0,0.0,10625245480.4,8619102974.9
2018-06-26,'002512,达华智能,0.0,0.0,0.0,0.0,9.7,None,None,0.0,0,0.0,10625245480.4,8619102974.9
2018-06-25,'002512,达华智能,0.0,0.0,0.0,0.0,9.7,None,None,0.0,0,0.0,10625245480.4,8619102974.9
2018-06-22,'002512,达华智能,0.0,0.0,0.0,0.0,9.7,None,None,0.0,0,0.0,10625245480.4,8619102974.9
2018-06-21,'002512,达华智能,0.0,0.0,0.0,0.0,9.7,None,None,0.0,0,0.0,10625245480.4,8619102974.9
2018-06-20,'002512,达华智能,0.0,0.0,0.0,0.0,9.7,None,None,0.0,0,0.0,10625245480.4,8619102974.9
2018-06-19,'002512,达华智能,0.0,0.0,0.0,0.0,9.7,None,None,0.0,0,0.0,10625245480.4,8619102974.9
2018-06-15,'002512,达华智能,9.7,9.94,9.41,9.87,9.87,-0.17,-1.7224,0.7206,6402620,61742093.8,10625245480.4,8619102974.9
2018-06-14,'002512,达华智能,9.87,10.14,9.72,9.88,9.99,-0.12,-1.2012,1.3,11551297,114059559.24,10811461122.8,8770159418.79
2018-06-13,'002512,达华智能,9.99,10.0,9.5,9.8,9.83,0.16,1.6277,1.393,12377900,120984788.98,10942907458.7,8876787496.83
2018-06-12,'002512,达华智能,9.83,9.92,9.66,9.8,9.85,-0.02,-0.203,0.8352,7421005,72479720.74,10767645677.6,8734616726.11
2018-06-11,'002512,达华智能,9.85,10.21,9.31,10.21,10.14,-0.29,-2.86,1.0718,9523723,93310504.14,10789553400.2,8752388072.45
2018-06-08,'002512,达华智能,10.14,10.32,10.02,10.31,10.18,-0.04,-0.3929,0.6369,5659705,57228400.0,11107215378.5,9010072594.38
2018-06-07,'002512,达华智能,10.18,10.36,10.18,10.29,10.17,0.01,0.0983,0.9529,8466774,86848333.99,11151030823.8,9045615287.06
2018-06-06,'002512,达华智能,10.17,10.34,9.87,9.92,9.91,0.26,2.6236,1.5378,13663983,138962184.76,11140076962.4,9036729613.89
2018-06-05,'002512,达华智能,9.91,9.94,9.44,9.5,9.44,0.47,4.9788,1.7668,15699407,153199916.03,10855276568.1,8805702111.47
2018-06-04,'002512,达华智能,9.44,9.8,9.4,9.8,9.78,-0.34,-3.4765,1.2276,10907900,104818334.53,10340445086.1,8388075472.48
2018-06-01,'002512,达华智能,9.78,9.94,9.66,9.93,9.98,-0.2,-2.004,0.8038,7142389,69725325.28,10712876371.0,8690188360.26
2018-05-31,'002512,达华智能,9.98,10.04,9.6,9.96,9.96,0.02,0.2008,1.2936,11494536,113158598.7,10931953597.4,8867901823.66
2018-05-30,'002512,达华智能,9.96,10.02,9.81,9.96,10.14,-0.18,-1.7751,1.0447,9283211,92110734.77,10910045874.7,8850130477.32
2018-05-29,'002512,达华智能,10.14,10.15,9.84,9.93,9.95,0.19,1.9095,1.3794,12256649,122466376.16,11107215378.5,9010072594.38
2018-05-28,'002512,达华智能,9.95,10.31,9.95,10.31,10.3,-0.35,-3.3981,1.0025,8907729,90039949.95,10899092013.4,8841244804.15
2018-05-25,'002512,达华智能,10.3,10.33,10.16,10.27,10.29,0.01,0.0972,0.9047,8038968,82346905.4,11282477159.6,9152243365.1
2018-05-24,'002512,达华智能,10.29,10.37,10.14,10.29,10.23,0.06,0.5865,1.3725,12195300,124860757.0,11271523298.3,9143357691.93
2018-05-23,'002512,达华智能,10.23,10.3,10.01,10.13,10.13,0.1,0.9872,1.7029,15131307,153769652.35,11205800130.4,9090043652.91
2018-05-22,'002512,达华智能,10.13,10.14,9.7,9.78,9.8,0.33,3.3673,2.5858,22976496,228114749.93,11096261517.2,9001186921.21
2018-05-21,'002512,达华智能,9.8,9.8,9.2,9.5,9.45,0.35,3.7037,2.9574,26278647,252944818.96,10734784093.6,8707959706.6
2018-05-18,'002512,达华智能,9.45,10.05,9.41,9.95,10.4,-0.95,-9.1346,5.9869,53197551,515853413.55,10351398947.4,8396961145.65
2018-05-17,'002512,达华智能,10.4,10.78,9.68,10.7,10.76,-0.36,-3.3457,7.0044,62238442,625413396.13,11392015772.8,9241100096.8
2018-05-16,'002512,达华智能,10.76,10.83,10.71,10.79,10.79,-0.03,-0.278,0.5788,5143380,55366990.99,11786354780.3,9560984330.92
2018-05-15,'002512,达华智能,10.79,10.88,10.6,10.71,10.67,0.12,1.1246,0.9024,8018191,86391532.54,11819216364.3,9587641350.43
2018-05-14,'002512,达华智能,10.67,10.85,10.66,10.78,10.82,-0.15,-1.3863,0.5108,4538789,48716387.92,11687770028.4,9481013272.39
2018-05-11,'002512,达华智能,10.82,10.82,10.67,10.73,10.74,0.08,0.7449,0.8848,7862250,84424723.13,11852077948.2,9614298369.94
2018-05-10,'002512,达华智能,10.74,10.88,10.72,10.87,10.86,-0.12,-1.105,0.7038,6254164,67382769.92,11764447057.7,9543212984.58
2018-05-09,'002512,达华智能,10.86,10.86,10.49,10.68,10.72,0.14,1.306,1.4093,12522833,133670601.9,11895893393.5,9649841062.62
2018-05-08,'002512,达华智能,10.72,10.83,10.69,10.76,10.77,-0.05,-0.4643,0.825,7330600,78730898.61,11742539335.0,9525441638.24
2018-05-07,'002512,达华智能,10.77,10.88,10.72,10.73,10.75,0.02,0.186,0.8445,7504316,81075986.44,11797308641.6,9569870004.09
2018-05-04,'002512,达华智能,10.75,10.93,10.65,10.87,10.96,-0.21,-1.9161,0.8513,7563935,81591366.27,11775400919.0,9552098657.75
2018-05-03,'002512,达华智能,10.96,11.01,10.71,10.92,11.03,-0.07,-0.6346,1.1148,9905900,107618387.0,12005432006.7,9738697794.32
2018-05-02,'002512,达华智能,11.03,11.39,10.59,10.9,10.9,0.13,1.1927,1.2478,11087499,122105450.28,12082109036.0,9800897506.51
2018-04-27,'002512,达华智能,10.9,10.95,10.74,10.78,10.74,0.16,1.4898,0.9051,8042005,87545996.94,11939708838.8,9685383755.3
2018-04-26,'002512,达华智能,10.74,11.06,10.7,10.94,10.98,-0.24,-2.1858,0.7816,6944950,75644111.5,11764447057.7,9543212984.58
2018-04-25,'002512,达华智能,10.98,11.21,10.95,11.21,11.14,-0.16,-1.4363,0.88,7819600,86094471.97,12027339729.4,9756469140.66
2018-04-24,'002512,达华智能,11.14,11.24,10.82,10.97,11.06,0.08,0.7233,1.2418,11033930,122645305.54,12202601510.5,9898639911.38
2018-04-23,'002512,达华智能,11.06,11.08,10.6,10.98,11.08,-0.02,-0.1805,1.1836,10517505,113613562.5,12114970619.9,9827554526.02
2018-04-20,'002512,达华智能,11.08,11.3,11.01,11.29,11.31,-0.23,-2.0336,1.0917,9700703,108141487.74,12136878342.6,9845325872.36
2018-04-19,'002512,达华智能,11.31,11.34,11.01,11.1,11.12,0.19,1.7086,1.3157,11690873,130844655.92,12388817152.9,10049696355.3
2018-04-18,'002512,达华智能,11.12,11.17,10.24,10.79,10.8,0.32,2.963,1.8187,16160186,174060252.89,12180693787.8,9880868565.04
2018-04-17,'002512,达华智能,10.8,11.24,10.68,11.18,11.18,-0.38,-3.3989,1.8204,16175070,176970568.2,11830170225.6,9596527023.6
2018-04-16,'002512,达华智能,11.18,11.37,11.15,11.37,11.42,-0.24,-2.1016,1.1002,9776098,109587116.65,12246416955.8,9934182604.06
2018-04-13,'002512,达华智能,11.42,11.54,11.33,11.38,11.43,-0.01,-0.0875,1.0563,9385811,107084831.74,12509309627.4,10147438760.1
2018-04-12,'002512,达华智能,11.43,11.48,11.16,11.46,11.46,-0.03,-0.2618,1.718,15265702,172908475.42,12520263488.8,10156324433.3
2018-04-11,'002512,达华智能,11.46,11.62,11.45,11.59,11.57,-0.11,-0.9507,1.441,12804440,147648856.9,12553125072.7,10182981452.8
2018-04-10,'002512,达华智能,11.57,11.64,11.37,11.58,11.55,0.02,0.1732,1.6838,14961338,171635930.58,12673617547.2,10280723857.7
2018-04-09,'002512,达华智能,11.55,11.66,11.32,11.51,11.59,-0.04,-0.3451,1.3989,12429963,143009282.87,12651709824.6,10262952511.4
2018-04-04,'002512,达华智能,11.59,11.79,11.45,11.71,11.69,-0.1,-0.8554,1.7147,15236665,176654191.56,12695525269.9,10298495204.0
2018-04-03,'002512,达华智能,11.69,11.74,11.2,11.35,11.74,-0.05,-0.4259,2.1253,18884390,216963900.59,12805063883.1,10387351935.7
2018-04-02,'002512,达华智能,11.74,11.99,11.71,11.87,11.85,-0.11,-0.9283,2.1885,19446114,229921498.3,12859833189.7,10431780301.6
2018-03-30,'002512,达华智能,11.85,11.94,11.73,11.87,11.81,0.04,0.3387,1.7812,15827529,187479359.25,12980325664.2,10529522706.5
2018-03-29,'002512,达华智能,11.81,11.99,11.69,11.7,11.71,0.1,0.854,1.565,13905783,163836468.2,12936510218.9,10493980013.8
2018-03-28,'002512,达华智能,11.71,12.04,11.69,12.01,12.12,-0.41,-3.3828,2.325,20659158,244534208.55,12826971605.7,10405123282.1
2018-03-27,'002512,达华智能,12.12,12.22,11.89,12.01,11.81,0.31,2.6249,3.3396,29674159,358432594.71,13276079919.8,10769435882.0
2018-03-26,'002512,达华智能,11.81,11.87,11.4,11.53,11.7,0.11,0.9402,2.2374,19880419,232263253.14,12936510218.9,10493980013.8
2018-03-23,'002512,达华智能,11.7,11.88,11.08,11.6,12.03,-0.33,-2.7431,3.7978,33745791,389390661.95,12816017744.4,10396237608.9
2018-03-22,'002512,达华智能,12.03,12.1,11.76,12.01,12.01,0.02,0.1665,2.1367,18986227,226894246.98,13177495168.0,10689464823.5
2018-03-21,'002512,达华智能,12.01,12.34,11.84,12.19,12.28,-0.27,-2.1987,3.2196,28608658,345718553.48,13155587445.3,10671693477.2
2018-03-20,'002512,达华智能,12.28,12.34,11.6,11.94,12.06,0.22,1.8242,3.7131,32993093,398164476.49,13451341701.0,10911606652.8
2018-03-19,'002512,达华智能,12.06,12.49,12.03,12.49,12.61,-0.55,-4.3616,3.9777,35344540,431675992.5,13210356751.9,10716121843.0
2018-03-16,'002512,达华智能,12.61,12.98,12.46,12.78,12.65,-0.04,-0.3162,4.8874,43427502,550535955.87,13812819124.5,11204833867.4
2018-03-15,'002512,达华智能,12.65,12.75,12.11,12.25,12.35,0.3,2.4291,6.0307,53586756,667673159.25,13856634569.8,11240376560.0
2018-03-14,'002512,达华智能,12.35,12.65,12.17,12.32,12.52,-0.17,-1.3578,5.8642,52107784,643254690.08,13528018730.2,10973806365.0
2018-03-13,'002512,达华智能,12.52,12.81,11.64,11.64,11.99,0.53,4.4204,11.8996,105736195,1293115298.23,13714234372.6,11124862808.8
2018-03-12,'002512,达华智能,11.99,12.39,11.11,11.11,11.85,0.14,1.1814,16.8481,149706519,1741890418.86,13133679722.7,10653922130.8
2018-03-09,'002512,达华智能,11.85,11.85,11.85,11.85,13.17,-1.32,-10.0228,0.7316,6501100,77038035.0,12980325664.2,10529522706.5
2018-03-08,'002512,达华智能,13.17,13.17,13.17,13.17,14.63,-1.46,-9.9795,0.1217,1081800,14247306.0,14426235358.4,11702431564.9
2018-03-07,'002512,达华智能,14.63,14.63,14.63,14.63,16.26,-1.63,-10.0246,0.0789,701100,10257093.0,16025499111.2,12999739847.7
2018-03-06,'002512,达华智能,16.26,16.26,16.26,16.26,18.07,-1.81,-10.0166,0.0651,578700,9409662.0,17810978506.3,14448104574.4
2018-03-05,'002512,达华智能,0.0,0.0,0.0,0.0,18.07,None,None,0.0,0,0.0,19793627405.2,16056411418.2
2018-03-02,'002512,达华智能,0.0,0.0,0.0,0.0,18.07,None,None,0.0,0,0.0,19793627405.2,16056411418.2
2018-03-01,'002512,达华智能,0.0,0.0,0.0,0.0,18.07,None,None,0.0,0,0.0,19793627405.2,16056411418.2
2018-02-28,'002512,达华智能,0.0,0.0,0.0,0.0,18.07,None,None,0.0,0,0.0,19793627405.2,16056411418.2
2018-02-27,'002512,达华智能,0.0,0.0,0.0,0.0,18.07,None,None,0.0,0,0.0,19793627405.2,16056411418.2
2018-02-26,'002512,达华智能,0.0,0.0,0.0,0.0,18.07,None,None,0.0,0,0.0,19793627405.2,16056411418.2
2018-02-23,'002512,达华智能,0.0,0.0,0.0,0.0,18.07,None,None,0.0,0,0.0,19793627405.2,16056411418.2
2018-02-22,'002512,达华智能,0.0,0.0,0.0,0.0,18.07,None,None,0.0,0,0.0,19793627405.2,16056411418.2
2018-02-14,'002512,达华智能,0.0,0.0,0.0,0.0,18.07,None,None,0.0,0,0.0,19793627405.2,16056411418.2
2018-02-13,'002512,达华智能,0.0,0.0,0.0,0.0,18.07,None,None,0.0,0,0.0,19793627405.2,16056411418.2
2018-02-12,'002512,达华智能,0.0,0.0,0.0,0.0,18.07,None,None,0.0,0,0.0,19793627405.2,16056411418.2
2018-02-09,'002512,达华智能,0.0,0.0,0.0,0.0,18.07,None,None,0.0,0,0.0,19793627405.2,16056411418.2
2018-02-08,'002512,达华智能,0.0,0.0,0.0,0.0,18.07,None,None,0.0,0,0.0,19793627405.2,16056411418.2
2018-02-07,'002512,达华智能,0.0,0.0,0.0,0.0,18.07,None,None,0.0,0,0.0,19793627405.2,16056411418.2
2018-02-06,'002512,达华智能,0.0,0.0,0.0,0.0,18.07,None,None,0.0,0,0.0,19793627405.2,16056411418.2
2018-02-05,'002512,达华智能,0.0,0.0,0.0,0.0,18.07,None,None,0.0,0,0.0,19793627405.2,16056411418.2
2018-02-02,'002512,达华智能,0.0,0.0,0.0,0.0,18.07,None,None,0.0,0,0.0,19793627405.2,16056411418.2
2018-02-01,'002512,达华智能,0.0,0.0,0.0,0.0,18.07,None,None,0.0,0,0.0,19793627405.2,16056411418.2
2018-01-31,'002512,达华智能,0.0,0.0,0.0,0.0,18.07,None,None,0.0,0,0.0,19793627405.2,16056411418.2
2018-01-30,'002512,达华智能,0.0,0.0,0.0,0.0,18.07,None,None,0.0,0,0.0,19793627405.2,16056411418.2
2018-01-29,'002512,达华智能,0.0,0.0,0.0,0.0,18.07,None,None,0.0,0,0.0,19793627405.2,16056411418.2
2018-01-26,'002512,达华智能,0.0,0.0,0.0,0.0,18.07,None,None,0.0,0,0.0,19793627405.2,16056411418.2
2018-01-25,'002512,达华智能,0.0,0.0,0.0,0.0,18.07,None,None,0.0,0,0.0,19793627405.2,16056411418.2
2018-01-24,'002512,达华智能,0.0,0.0,0.0,0.0,18.07,None,None,0.0,0,0.0,19793627405.2,16056411418.2
2018-01-23,'002512,达华智能,0.0,0.0,0.0,0.0,18.07,None,None,0.0,0,0.0,19793627405.2,16056411418.2
2018-01-22,'002512,达华智能,0.0,0.0,0.0,0.0,18.07,None,None,0.0,0,0.0,19793627405.2,16056411418.2
2018-01-19,'002512,达华智能,0.0,0.0,0.0,0.0,18.07,None,None,0.0,0,0.0,19793627405.2,16056411418.2
2018-01-18,'002512,达华智能,0.0,0.0,0.0,0.0,18.07,None,None,0.0,0,0.0,19793627405.2,16056411418.2
2018-01-17,'002512,达华智能,0.0,0.0,0.0,0.0,18.07,None,None,0.0,0,0.0,19793627405.2,16056411418.2
2018-01-16,'002512,达华智能,0.0,0.0,0.0,0.0,18.07,None,None,0.0,0,0.0,19793627405.2,16056411418.2
2018-01-15,'002512,达华智能,0.0,0.0,0.0,0.0,18.07,None,None,0.0,0,0.0,19793627405.2,16056411418.2
2018-01-12,'002512,达华智能,0.0,0.0,0.0,0.0,18.07,None,None,0.0,0,0.0,19793627405.2,16056411418.2
2018-01-11,'002512,达华智能,0.0,0.0,0.0,0.0,18.07,None,None,0.0,0,0.0,19793627405.2,16056411418.2
2018-01-10,'002512,达华智能,0.0,0.0,0.0,0.0,18.07,None,None,0.0,0,0.0,19793627405.2,16056411418.2
2018-01-09,'002512,达华智能,0.0,0.0,0.0,0.0,18.07,None,None,0.0,0,0.0,19793627405.2,16056411418.2
2018-01-08,'002512,达华智能,0.0,0.0,0.0,0.0,18.07,None,None,0.0,0,0.0,19793627405.2,16056411418.2
2018-01-05,'002512,达华智能,0.0,0.0,0.0,0.0,18.07,None,None,0.0,0,0.0,19793627405.2,16056411418.2
2018-01-04,'002512,达华智能,0.0,0.0,0.0,0.0,18.07,None,None,0.0,0,0.0,19793627405.2,16056411418.2
2018-01-03,'002512,达华智能,0.0,0.0,0.0,0.0,18.07,None,None,0.0,0,0.0,19793627405.2,16056411418.2
2018-01-02,'002512,达华智能,0.0,0.0,0.0,0.0,18.07,None,None,0.0,0,0.0,19793627405.2,16056411418.2
2017-12-29,'002512,达华智能,0.0,0.0,0.0,0.0,18.07,None,None,0.0,0,0.0,19793627405.2,15653243317.9
2017-12-28,'002512,达华智能,0.0,0.0,0.0,0.0,18.07,None,None,0.0,0,0.0,19793627405.2,15653243317.9
2017-12-27,'002512,达华智能,0.0,0.0,0.0,0.0,18.07,None,None,0.0,0,0.0,19793627405.2,15653243317.9
2017-12-26,'002512,达华智能,0.0,0.0,0.0,0.0,18.07,None,None,0.0,0,0.0,19793627405.2,15653243317.9
2017-12-25,'002512,达华智能,0.0,0.0,0.0,0.0,18.07,None,None,0.0,0,0.0,19793627405.2,15653243317.9
2017-12-22,'002512,达华智能,0.0,0.0,0.0,0.0,18.07,None,None,0.0,0,0.0,19793627405.2,15653243317.9
2017-12-21,'002512,达华智能,0.0,0.0,0.0,0.0,18.07,None,None,0.0,0,0.0,19793627405.2,15653243317.9
2017-12-20,'002512,达华智能,0.0,0.0,0.0,0.0,18.07,None,None,0.0,0,0.0,19793627405.2,15653243317.9
2017-12-19,'002512,达华智能,0.0,0.0,0.0,0.0,18.07,None,None,0.0,0,0.0,19793627405.2,15653243317.9
2017-12-18,'002512,达华智能,0.0,0.0,0.0,0.0,18.07,None,None,0.0,0,0.0,19793627405.2,15653243317.9
2017-12-15,'002512,达华智能,0.0,0.0,0.0,0.0,18.07,None,None,0.0,0,0.0,19793627405.2,15653243317.9
2017-12-14,'002512,达华智能,0.0,0.0,0.0,0.0,18.07,None,None,0.0,0,0.0,19793627405.2,15653243317.9
2017-12-13,'002512,达华智能,0.0,0.0,0.0,0.0,18.07,None,None,0.0,0,0.0,19793627405.2,15653243317.9
2017-12-12,'002512,达华智能,0.0,0.0,0.0,0.0,18.07,None,None,0.0,0,0.0,19793627405.2,15653243317.9
2017-12-11,'002512,达华智能,0.0,0.0,0.0,0.0,18.07,None,None,0.0,0,0.0,19793627405.2,15653243317.9
2017-12-08,'002512,达华智能,0.0,0.0,0.0,0.0,18.07,None,None,0.0,0,0.0,19793627405.2,15653243317.9
2017-12-07,'002512,达华智能,0.0,0.0,0.0,0.0,18.07,None,None,0.0,0,0.0,19793627405.2,15653243317.9
2017-12-06,'002512,达华智能,0.0,0.0,0.0,0.0,18.07,None,None,0.0,0,0.0,19793627405.2,15653243317.9
2017-12-05,'002512,达华智能,18.07,20.1,18.07,20.1,20.08,-2.01,-10.01,0.8914,7722127,150183675.5,19793627405.2,15653243317.9
2017-12-04,'002512,达华智能,20.08,20.37,19.59,20.36,20.4,-0.32,-1.5686,0.7702,6671642,133976770.88,21995353530.6,17394417588.5
2017-12-01,'002512,达华智能,20.4,20.48,20.33,20.48,20.45,-0.05,-0.2445,0.5653,4766587,97207783.67,22345877092.8,17200830282.0
2017-11-30,'002512,达华智能,20.45,20.46,20.29,20.41,20.4,0.05,0.2451,0.5537,4669027,95144749.29,22400646399.4,17242989179.8
2017-11-29,'002512,达华智能,20.4,20.48,20.34,20.46,20.42,-0.02,-0.0979,0.5971,5034967,102775730.47,22345877092.8,17200830282.0
2017-11-28,'002512,达华智能,20.42,20.45,19.88,20.4,20.39,0.03,0.1471,0.7082,5971305,121437784.2,22367784815.4,17217693841.1
2017-11-27,'002512,达华智能,20.39,20.4,20.28,20.39,20.36,0.03,0.1473,0.5765,4860766,98885781.22,22334923231.5,17192398502.5
2017-11-24,'002512,达华智能,20.36,20.36,19.63,20.0,19.99,0.37,1.8509,0.8413,7093400,141098729.75,22302061647.5,17167103163.8
2017-11-23,'002512,达华智能,19.99,20.32,19.87,20.3,20.28,-0.29,-1.43,0.6047,5098600,103064360.49,21896768778.7,16855127320.5
2017-11-22,'002512,达华智能,20.28,20.31,20.21,20.24,20.21,0.07,0.3464,0.6527,5503768,111571344.56,22214430757.0,17099648927.4
2017-11-21,'002512,达华智能,20.21,20.29,20.03,20.09,20.19,0.02,0.0991,0.6929,5842600,117835089.28,22137753727.7,17040626470.5
2017-11-20,'002512,达华智能,20.19,20.2,19.98,20.18,20.26,-0.07,-0.3455,0.9124,7693500,154942975.98,22115846005.1,17023762911.5
2017-11-17,'002512,达华智能,20.26,20.29,20.01,20.06,20.18,0.08,0.3964,0.9726,8200717,165161333.89,22192523034.3,17082785368.3
2017-11-16,'002512,达华智能,20.18,20.2,19.89,19.9,19.89,0.29,1.458,0.8303,7001175,140364298.58,22104892143.8,17015331131.9
2017-11-15,'002512,达华智能,19.89,19.91,19.7,19.9,19.98,-0.09,-0.4505,0.5532,4664400,92502821.82,21787230165.5,16770809525.0
2017-11-14,'002512,达华智能,19.98,20.04,19.9,20.02,20.11,-0.13,-0.6464,0.6397,5393900,107693419.25,21885814917.4,16846695540.9
2017-11-13,'002512,达华智能,20.11,20.11,19.89,20.01,20.1,0.01,0.0498,1.1476,9676700,193401229.01,22028215114.5,16956308675.0
2017-11-10,'002512,达华智能,20.1,20.1,19.92,19.99,20.09,0.01,0.0498,1.1214,9455061,188920789.7,22017261253.2,16947876895.5
2017-11-09,'002512,达华智能,20.09,20.1,20.01,20.08,20.18,-0.09,-0.446,0.9412,7936387,159240501.59,22006307391.9,16939445116.0
2017-11-08,'002512,达华智能,20.18,20.19,20.09,20.13,20.28,-0.1,-0.4931,0.6983,5888286,118590349.85,22104892143.8,17015331131.9
2017-11-07,'002512,达华智能,20.28,20.28,20.09,20.12,20.18,0.1,0.4955,0.8528,7190338,144993500.87,22214430757.0,17099648927.4
2017-11-06,'002512,达华智能,20.18,20.19,20.08,20.12,20.16,0.02,0.0992,0.5513,4648445,93586430.79,22104892143.8,17015331131.9
2017-11-03,'002512,达华智能,20.16,20.16,20.01,20.07,20.13,0.03,0.149,0.4854,4092694,82112532.26,22082984421.1,16998467572.8
2017-11-02,'002512,达华智能,20.13,20.15,20.07,20.13,20.1,0.03,0.1493,0.8231,6939961,139564384.74,22050122837.2,16973172234.1
2017-11-01,'002512,达华智能,20.1,20.14,19.98,20.01,20.08,0.02,0.0996,0.8324,7018205,140654093.95,22017261253.2,16947876895.5
2017-10-31,'002512,达华智能,20.08,20.09,19.94,19.99,20.21,-0.13,-0.6432,0.6854,5778958,115744097.7,21995353530.6,16931013336.4
2017-10-30,'002512,达华智能,20.21,20.25,19.9,20.09,20.18,0.03,0.1487,0.7093,5980256,120087390.06,22137753727.7,17040626470.5
2017-10-27,'002512,达华智能,20.18,20.3,19.72,19.75,19.72,0.46,2.3327,2.2097,18631895,370259127.47,22104892143.8,17015331131.9
2017-10-26,'002512,达华智能,19.72,19.73,19.61,19.7,19.8,-0.08,-0.404,0.7882,6646174,130693254.72,21601014523.0,16627469272.6
2017-10-25,'002512,达华智能,19.8,19.86,19.69,19.76,19.84,-0.04,-0.2016,0.692,5834995,115084456.2,21688645413.6,16694923509.0
2017-10-24,'002512,达华智能,19.84,19.92,19.77,19.9,19.99,-0.15,-0.7504,0.5472,4613739,91513911.39,21732460858.9,16728650627.2
2017-10-23,'002512,达华智能,19.99,20.0,19.89,19.99,19.98,0.01,0.0501,0.7204,6074245,121269514.6,21896768778.7,16855127320.5
2017-10-20,'002512,达华智能,19.98,20.0,19.86,19.93,19.92,0.06,0.3012,0.6665,5619606,111984202.22,21885814917.4,16846695540.9
2017-10-19,'002512,达华智能,19.92,19.96,19.63,19.88,19.91,0.01,0.0502,0.6483,5466025,108186920.63,21820091749.4,16796104863.6
2017-10-18,'002512,达华智能,19.91,19.91,19.72,19.72,19.66,0.25,1.2716,0.9387,7914641,156747780.45,21809137888.1,16787673084.0
2017-10-17,'002512,达华智能,19.66,19.73,19.49,19.53,19.49,0.17,0.8722,0.6851,5776377,113216853.1,21535291355.1,16576878595.3
2017-10-16,'002512,达华智能,19.49,19.88,19.39,19.43,19.4,0.09,0.4639,1.0929,9215181,180206906.63,21349075712.7,16433538343.0
2017-10-13,'002512,达华智能,19.4,19.45,19.34,19.39,19.38,0.02,0.1032,0.6598,5563441,107818923.28,21250490960.8,16357652327.0
2017-10-12,'002512,达华智能,19.38,19.47,19.22,19.35,19.33,0.05,0.2587,0.8232,6940630,134133158.92,21228583238.2,16340788767.9
2017-10-11,'002512,达华智能,19.33,19.4,19.2,19.29,19.28,0.05,0.2593,0.8349,7039663,135780958.56,21173813931.6,16298629870.1
2017-10-10,'002512,达华智能,19.28,19.42,19.1,19.35,19.31,-0.03,-0.1554,1.2166,10257868,197885029.88,21119044625.0,16256470972.4
2017-10-09,'002512,达华智能,19.31,19.56,19.26,19.5,19.23,0.08,0.416,1.7495,14751739,285848458.58,21151906208.9,16281766311.0
2017-09-29,'002512,达华智能,19.23,19.6,18.87,19.35,19.26,-0.03,-0.1558,1.3769,11610078,223736651.79,21064275318.4,16214312074.6
2017-09-28,'002512,达华智能,19.26,19.29,19.17,19.28,19.25,0.01,0.0519,1.579,13313576,256079869.27,21097136902.3,16239607413.3
2017-09-27,'002512,达华智能,19.25,19.26,19.1,19.19,19.18,0.07,0.365,2.3742,20019060,384866988.26,21086183041.0,16231175633.8
2017-09-26,'002512,达华智能,19.18,19.22,18.86,19.08,18.99,0.19,1.0005,1.9505,16445909,313515996.44,21009506011.8,16172153176.9
2017-09-25,'002512,达华智能,18.99,19.01,18.75,18.98,18.88,0.11,0.5826,1.9018,16035653,302841647.27,20801382646.7,16011949365.5
2017-09-22,'002512,达华智能,18.88,18.93,18.56,18.66,18.58,0.3,1.6146,2.18,18381609,343123986.34,20680890172.2,15919199790.4
2017-09-21,'002512,达华智能,18.58,18.62,18.25,18.36,18.5,0.08,0.4324,1.4971,12622991,233363902.23,20352274332.6,15666246403.9
2017-09-20,'002512,达华智能,18.5,18.6,18.24,18.6,18.65,-0.15,-0.8043,1.3303,11216399,206959048.16,20264643442.0,15598792167.5
2017-09-19,'002512,达华智能,18.65,18.65,18.24,18.39,18.38,0.27,1.469,0.8732,7363000,136525723.5,20428951361.8,15725268860.8
2017-09-18,'002512,达华智能,18.38,18.4,17.9,18.09,18.18,0.2,1.1001,0.7954,6706321,122312754.93,20133197106.2,15497610812.9
2017-09-15,'002512,达华智能,18.18,18.18,17.79,18.15,18.0,0.18,1.0,0.7138,6018776,108255801.42,19914119879.8,15328975221.9
2017-09-14,'002512,达华智能,18.0,18.0,17.8,17.98,17.87,0.13,0.7275,0.6188,5217397,93295125.11,19716950376.0,15177203190.0
2017-09-13,'002512,达华智能,17.87,18.03,17.71,18.02,18.0,-0.13,-0.7222,0.6252,5271371,93969457.46,19574550178.8,15067590055.9
2017-09-12,'002512,达华智能,18.0,18.02,17.67,18.0,17.88,0.12,0.6711,0.5934,5003513,89399507.66,19716950376.0,15177203190.0
2017-09-11,'002512,达华智能,17.88,18.2,17.8,18.0,18.22,-0.34,-1.8661,0.6884,5804037,103892763.82,19585504040.2,15076021835.4
2017-09-08,'002512,达华智能,18.22,18.25,17.95,18.0,18.11,0.11,0.6074,0.4592,3872026,70304213.68,19957935325.0,15362702340.1
2017-09-07,'002512,达华智能,18.11,18.39,18.01,18.15,18.17,-0.06,-0.3302,0.7419,6255526,114010124.4,19837442850.5,15269952765.0
2017-09-06,'002512,达华智能,18.17,18.22,17.54,17.67,17.67,0.5,2.8297,1.0837,9137357,164322565.98,19903166018.4,15320543442.4
2017-09-05,'002512,达华智能,17.67,17.7,17.29,17.49,17.4,0.27,1.5517,0.9506,8015607,141069429.27,19355472952.4,14898954464.9
2017-09-04,'002512,达华智能,17.4,17.48,17.02,17.13,17.09,0.31,1.8139,0.731,6163639,106504829.74,19059718696.8,14671296417.0
2017-09-01,'002512,达华智能,17.09,17.11,16.92,17.03,17.07,0.02,0.1172,0.2832,2388006,40744376.9,18720148995.9,14409911251.0
2017-08-31,'002512,达华智能,17.07,17.15,16.87,16.94,16.9,0.17,1.0059,0.3071,2589780,44136500.55,18698241273.2,14393047691.9
2017-08-30,'002512,达华智能,16.9,17.1,16.77,17.01,16.99,-0.09,-0.5297,0.4199,3540828,59841947.42,18512025630.8,14249707439.5
2017-08-29,'002512,达华智能,16.99,17.15,16.96,17.13,17.11,-0.12,-0.7013,0.3091,2606349,44381354.36,18610610382.7,14325593455.5
2017-08-28,'002512,达华智能,17.11,17.2,16.94,17.0,17.07,0.04,0.2343,0.4764,4016640,68714962.13,18742056718.5,14426774810.0
2017-08-25,'002512,达华智能,17.07,17.1,16.88,16.95,16.95,0.12,0.708,0.6766,5704919,97044510.63,18698241273.2,14393047691.9
2017-08-24,'002512,达华智能,16.95,17.04,16.81,16.95,16.93,0.02,0.1181,0.4989,4206401,71068217.7,18566794937.4,14291866337.2
2017-08-23,'002512,达华智能,16.93,17.13,16.78,17.0,17.0,-0.07,-0.4118,0.5315,4481401,75664413.52,18544887214.8,14275002778.1
2017-08-22,'002512,达华智能,17.0,17.26,16.9,17.18,17.07,-0.07,-0.4101,0.5832,4917700,83849108.18,18621564244.0,14334025235.0
2017-08-21,'002512,达华智能,17.07,17.38,16.96,17.3,17.38,-0.31,-1.7837,0.8029,6770034,115719039.77,18698241273.2,14393047691.9
2017-08-18,'002512,达华智能,17.38,17.72,17.27,17.44,17.55,-0.17,-0.9687,0.66,5565023,97359899.58,19037810974.2,14654432857.9
2017-08-17,'002512,达华智能,17.55,17.63,17.3,17.35,17.35,0.2,1.1527,1.1135,9388545,164186200.5,19224026616.6,14797773110.2
2017-08-16,'002512,达华智能,17.35,17.45,17.15,17.28,17.33,0.02,0.1154,0.9621,8111852,140452078.4,19004949390.2,14629137519.2
2017-08-15,'002512,达华智能,17.33,17.53,17.17,17.34,17.36,-0.03,-0.1728,0.7306,6160210,106476715.24,18983041667.6,14612273960.1
2017-08-14,'002512,达华智能,17.36,17.7,16.63,17.0,16.83,0.53,3.1491,1.8309,15437742,266272390.48,19015903251.5,14637569298.8
2017-08-11,'002512,达华智能,0.0,0.0,0.0,0.0,16.83,None,None,0.0,0,0.0,18435348601.6,14190684982.6
2017-08-10,'002512,达华智能,0.0,0.0,0.0,0.0,16.83,None,None,0.0,0,0.0,18435348601.6,14190684982.6
2017-08-09,'002512,达华智能,0.0,0.0,0.0,0.0,16.83,None,None,0.0,0,0.0,18435348601.6,14190684982.6
2017-08-08,'002512,达华智能,0.0,0.0,0.0,0.0,16.83,None,None,0.0,0,0.0,18435348601.6,14190684982.6
2017-08-07,'002512,达华智能,0.0,0.0,0.0,0.0,16.83,None,None,0.0,0,0.0,18435348601.6,14190684982.6
2017-08-04,'002512,达华智能,0.0,0.0,0.0,0.0,16.83,None,None,0.0,0,0.0,18435348601.6,14190684982.6
2017-08-03,'002512,达华智能,0.0,0.0,0.0,0.0,16.83,None,None,0.0,0,0.0,18435348601.6,14190684982.6
2017-08-02,'002512,达华智能,0.0,0.0,0.0,0.0,16.83,None,None,0.0,0,0.0,18435348601.6,14190684982.6
2017-08-01,'002512,达华智能,0.0,0.0,0.0,0.0,16.83,None,None,0.0,0,0.0,18435348601.6,14190684982.6
2017-07-31,'002512,达华智能,0.0,0.0,0.0,0.0,16.83,None,None,0.0,0,0.0,18435348601.6,14190684982.6
2017-07-28,'002512,达华智能,16.83,16.88,16.52,16.64,16.67,0.16,0.9598,0.7667,6464706,108101771.08,18435348601.6,14190684982.6
2017-07-27,'002512,达华智能,16.67,16.78,16.01,16.12,16.0,0.67,4.1875,1.1584,9766969,160760037.47,18260086820.4,14055776509.9
2017-07-26,'002512,达华智能,16.0,16.15,15.9,16.14,16.07,-0.07,-0.4356,0.3073,2591001,41397640.24,17526178112.0,13490847280.0
2017-07-25,'002512,达华智能,16.07,16.28,15.94,16.28,16.17,-0.1,-0.6184,0.4575,3857434,62159843.51,17602855141.2,13549869736.9
2017-07-24,'002512,达华智能,16.17,16.19,15.5,16.04,16.12,0.05,0.3102,1.3714,11563318,182752739.95,17712393754.4,13634187532.4
2017-07-21,'002512,达华智能,16.12,16.54,16.12,16.4,16.32,-0.2,-1.2255,0.4222,3559900,58146514.13,17657624447.8,13592028634.6
2017-07-20,'002512,达华智能,16.32,16.4,16.26,16.36,16.28,0.04,0.2457,0.3606,3040644,49640592.49,17876701674.2,13760664225.6
2017-07-19,'002512,达华智能,16.28,16.28,16.11,16.28,16.26,0.02,0.123,0.3464,2920748,47368813.15,17832886229.0,13726937107.4
2017-07-18,'002512,达华智能,16.26,16.48,16.06,16.19,16.2,0.06,0.3704,0.3766,3169100,51411604.55,17810978506.3,13683980931.2
2017-07-17,'002512,达华智能,16.2,16.8,16.0,16.61,16.8,-0.6,-3.5714,0.567,4771577,77944891.42,17745255338.4,13633486536.6
2017-07-14,'002512,达华智能,16.8,16.87,16.4,16.77,16.77,0.03,0.1789,0.5536,4658795,77461587.0,18402487017.6,14138430482.4
2017-07-13,'002512,达华智能,16.77,16.83,16.58,16.77,16.69,0.08,0.4793,0.6304,5305400,88438079.84,18369625433.6,14113183285.1
2017-07-12,'002512,达华智能,16.69,16.81,16.5,16.56,16.65,0.04,0.2402,0.5439,4577390,76117077.2,18281994543.1,14045857425.7
2017-07-11,'002512,达华智能,16.65,16.73,16.5,16.63,16.64,0.01,0.0601,0.3444,2898539,48055451.74,18238179097.8,14012194496.0
2017-07-10,'002512,达华智能,16.64,16.74,16.52,16.74,16.74,-0.1,-0.5974,0.4373,3679900,61218549.9,18227225236.5,14003778763.5
2017-07-07,'002512,达华智能,16.74,16.88,16.6,16.78,16.74,0.0,0.0,0.3857,3245902,54218402.8,18336763849.7,14087936087.8
2017-07-06,'002512,达华智能,16.74,16.88,16.42,16.51,16.5,0.24,1.4545,0.9019,7590084,126051827.71,18336763849.7,14087936087.8
2017-07-05,'002512,达华智能,16.5,16.51,15.93,16.0,16.01,0.49,3.0606,0.9446,7949600,129243708.73,18073871178.0,13885958509.5
2017-07-04,'002512,达华智能,16.01,16.08,15.82,16.05,16.0,0.01,0.0625,0.3932,3309351,52736232.49,17537131973.3,13473587620.4
2017-07-03,'002512,达华智能,16.0,16.22,15.88,16.13,16.15,-0.15,-0.9288,0.4454,3748200,60124655.0,17526178112.0,13465171888.0
2017-06-30,'002512,达华智能,16.15,16.29,15.97,16.27,16.29,-0.14,-0.8594,0.5376,4523979,72965029.29,17690486031.8,13591407874.5
2017-06-29,'002512,达华智能,16.29,16.5,15.97,16.03,16.02,0.27,1.6854,0.6999,5890575,95557829.85,17843840090.3,13709228128.5
2017-06-28,'002512,达华智能,16.02,16.11,15.9,16.11,16.11,-0.09,-0.5587,0.1841,1549002,24766337.55,17548085834.6,13482003352.9
2017-06-27,'002512,达华智能,16.11,16.16,16.01,16.09,16.1,0.01,0.0621,0.173,1455619,23394872.38,17646670586.5,13557744944.7
2017-06-26,'002512,达华智能,16.1,16.22,15.99,16.05,16.06,0.04,0.2491,0.3984,3352978,53943356.93,17635716725.2,13549329212.3
2017-06-23,'002512,达华智能,16.06,16.08,15.67,15.98,15.95,0.11,0.6897,0.7523,6330764,100137882.62,17591901279.9,13515666282.6
2017-06-22,'002512,达华智能,15.95,16.18,15.84,16.18,16.1,-0.15,-0.9317,0.5691,4789367,76933304.93,17471408805.4,13423093225.9
2017-06-21,'002512,达华智能,16.1,16.22,15.94,16.15,16.15,-0.05,-0.3096,0.3819,3214214,51636336.96,17635716725.2,13549329212.3
2017-06-20,'002512,达华智能,16.15,16.2,15.94,16.06,16.06,0.09,0.5604,0.5716,4810590,77423174.01,17690486031.8,13591407874.5
2017-06-19,'002512,达华智能,16.06,16.15,15.94,16.05,16.1,-0.04,-0.2484,0.416,3500650,56118443.54,17591901279.9,13515666282.6
2017-06-16,'002512,达华智能,16.1,16.12,15.78,15.88,15.89,0.21,1.3216,0.8066,6787905,108489358.23,17635716725.2,13549329212.3
2017-06-15,'002512,达华智能,15.89,16.03,15.66,15.71,15.7,0.19,1.2102,0.7834,6592489,104439113.65,17405685637.5,13372598831.3
2017-06-14,'002512,达华智能,15.7,16.3,15.7,15.88,15.83,-0.13,-0.8212,1.1065,9312069,148532770.44,17197562272.4,13212699915.1
2017-06-13,'002512,达华智能,15.83,15.89,15.15,15.22,15.24,0.59,3.8714,1.4439,12151766,190643640.08,17339962469.6,13322104436.7
2017-06-12,'002512,达华智能,15.24,15.26,15.01,15.2,15.15,0.09,0.5941,0.6399,5385530,81670462.81,16693684651.7,12825576223.3
2017-06-09,'002512,达华智能,15.15,15.24,15.08,15.08,15.11,0.04,0.2647,0.3939,3315140,50153677.31,16595099899.8,12749834631.5
2017-06-08,'002512,达华智能,15.11,15.3,14.92,15.03,14.92,0.19,1.2735,0.5425,4565870,68840672.0,16551284454.5,12716171701.7
2017-06-07,'002512,达华智能,14.92,14.95,14.76,14.82,14.79,0.13,0.879,0.3926,3304205,49157482.64,16343161089.4,12556272785.6
2017-06-06,'002512,达华智能,14.79,14.88,14.71,14.88,14.82,-0.03,-0.2024,0.4393,3696710,54644566.38,16200760892.3,12446868264.0
2017-06-05,'002512,达华智能,14.82,14.92,14.7,14.8,14.75,0.07,0.4746,0.5482,4613921,68346462.33,16233622476.2,12472115461.3
2017-06-02,'002512,达华智能,14.75,14.9,14.58,14.58,14.71,0.04,0.2719,0.2865,2410866,35473800.55,16156945447.0,12413205334.2
2017-06-01,'002512,达华智能,14.71,14.86,14.63,14.71,14.86,-0.15,-1.0094,0.232,1952772,28736792.04,16113130001.7,12379542404.5
2017-05-31,'002512,达华智能,14.86,15.16,14.7,14.9,14.82,0.04,0.2699,0.4351,3661400,54387690.86,16277437921.5,12505778391.0
2017-05-26,'002512,达华智能,14.82,15.03,14.69,14.81,14.96,-0.14,-0.9358,0.274,2306000,34165424.85,16233622476.2,12472115461.3
2017-05-25,'002512,达华智能,14.96,15.0,14.68,14.79,14.81,0.15,1.0128,0.3887,3271238,48543027.87,16386976534.7,12589935715.3
2017-05-24,'002512,达华智能,14.81,14.85,14.29,14.59,14.64,0.17,1.1612,0.3602,3031203,44269803.2,16222668614.9,12463699728.8
2017-05-23,'002512,达华智能,14.64,14.78,14.41,14.78,14.82,-0.18,-1.2146,0.3622,3047900,44456415.25,16036452972.5,12320632277.5
2017-05-22,'002512,达华智能,14.82,15.03,14.61,14.86,15.01,-0.19,-1.2658,0.3797,3195763,47287541.57,16233622476.2,12472115461.3
2017-05-19,'002512,达华智能,15.01,15.11,14.85,15.0,15.03,-0.02,-0.1331,0.303,2550000,38259519.91,16441745841.3,12632014377.4
2017-05-18,'002512,达华智能,15.03,15.24,14.92,14.96,15.16,-0.13,-0.8575,0.2533,2131376,31985108.71,16463653564.0,12648845842.3
2017-05-17,'002512,达华智能,15.16,16.01,14.74,14.79,14.83,0.33,2.2252,0.736,6194008,94591026.12,16606053761.1,12758250363.9
2017-05-16,'002512,达华智能,14.83,14.9,14.38,14.8,14.72,0.11,0.7473,0.7625,6417394,94095217.57,16244576337.6,12480531193.7
2017-05-15,'002512,达华智能,14.72,14.86,14.56,14.62,14.69,0.03,0.2042,0.4745,3993119,58887304.06,16124083863.0,12387958137.0
2017-05-12,'002512,达华智能,14.69,15.08,14.3,14.78,14.8,-0.11,-0.7432,0.3596,3026366,44492973.85,16091222279.1,12362710939.7
2017-05-11,'002512,达华智能,14.8,14.83,13.8,14.69,14.8,0.0,0.0,0.5593,4707007,68078203.76,16211714753.6,12455283996.4
2017-05-10,'002512,达华智能,14.8,15.18,14.68,14.81,14.86,-0.06,-0.4038,0.3321,2794925,41630088.12,16211714753.6,12455283996.4
2017-05-09,'002512,达华智能,14.86,14.87,14.59,14.72,14.73,0.13,0.8826,0.2768,2329681,34353394.84,16277437921.5,12505778391.0
2017-05-08,'002512,达华智能,14.73,15.0,14.69,15.0,15.01,-0.28,-1.8654,0.2912,2450833,36292018.94,16135037724.4,12396373869.4
2017-05-05,'002512,达华智能,15.01,15.09,14.9,14.94,14.94,0.07,0.4685,0.6842,5758109,86408807.4,16441745841.3,12632014377.4
2017-05-04,'002512,达华智能,14.94,15.27,14.9,15.09,15.18,-0.24,-1.581,0.5002,4209520,63410784.13,16365068812.1,12573104250.4
2017-05-03,'002512,达华智能,15.18,15.32,15.05,15.3,15.31,-0.13,-0.8491,0.3679,3096016,47006818.56,16627961483.8,12775081828.7
2017-05-02,'002512,达华智能,15.31,15.48,15.21,15.48,15.48,-0.17,-1.0982,0.4983,4193880,64231461.14,16770361680.9,12884486350.3
2017-04-28,'002512,达华智能,15.48,15.57,14.84,14.91,15.01,0.47,3.1312,0.5133,4319600,65463224.79,16956577323.4,13027553801.6
2017-04-27,'002512,达华智能,15.01,15.17,14.75,15.15,15.16,-0.15,-0.9894,0.606,5100083,76226780.34,16441745841.3,12632014377.4
2017-04-26,'002512,达华智能,15.16,15.32,15.12,15.31,15.21,-0.05,-0.3287,0.2753,2317086,35206453.64,16606053761.1,12758250363.9
2017-04-25,'002512,达华智能,15.21,15.33,14.71,14.83,14.93,0.28,1.8754,0.7124,5995583,90860010.66,16660823067.7,12800329026.0
2017-04-24,'002512,达华智能,14.93,15.45,14.61,15.41,15.45,-0.52,-3.3657,0.7895,6643824,99594731.06,16354114950.8,12564688518.0
2017-04-21,'002512,达华智能,15.45,15.55,15.25,15.35,15.45,0.0,0.0,0.4526,3809177,58639982.2,16923715739.4,13002306604.4
2017-04-20,'002512,达华智能,15.45,15.7,15.2,15.28,15.28,0.17,1.1126,0.8066,6787775,104866581.4,16923715739.4,13002306604.4
2017-04-19,'002512,达华智能,15.28,15.42,15.1,15.33,15.48,-0.2,-1.292,0.6637,5585833,85225181.24,16737500097.0,12859239153.0
2017-04-18,'002512,达华智能,15.48,15.88,15.06,15.43,15.31,0.17,1.1104,1.2886,10844105,168027585.15,16956577323.4,13027553801.6
2017-04-17,'002512,达华智能,15.31,15.41,14.84,14.91,14.94,0.37,2.4766,0.865,7279705,110585213.17,16770361680.9,12884486350.3
2017-04-14,'002512,达华智能,14.94,15.07,14.8,14.86,14.83,0.11,0.7417,0.3563,2998943,44837751.21,16365068812.1,12573104250.4
2017-04-13,'002512,达华智能,14.83,14.98,14.8,14.86,14.9,-0.07,-0.4698,0.2872,2416732,35939385.76,16244576337.6,12480531193.7
2017-04-12,'002512,达华智能,14.9,15.06,14.88,14.94,15.08,-0.18,-1.1936,0.3153,2653807,39611628.2,16321253366.8,12539441320.7
2017-04-11,'002512,达华智能,15.08,15.22,14.88,15.16,15.17,-0.09,-0.5933,0.5954,5010563,75288945.69,16518422870.6,12690924504.4
2017-04-10,'002512,达华智能,15.17,15.41,15.15,15.41,15.39,-0.22,-1.4295,0.4295,3614197,54961360.41,16617007622.4,12766666096.3
2017-04-07,'002512,达华智能,15.39,15.47,15.28,15.28,15.27,0.12,0.7859,0.6311,5311287,81751535.75,16857992571.5,12951812209.8
2017-04-06,'002512,达华智能,15.27,15.31,15.06,15.06,15.09,0.18,1.1928,0.5227,4398897,67099160.29,16726546235.6,12850823420.6
2017-04-05,'002512,达华智能,15.09,15.16,14.78,14.78,14.8,0.29,1.9595,0.4491,3779651,56715812.81,16529376731.9,12699340236.9
2017-03-31,'002512,达华智能,14.8,14.98,14.56,14.68,15.0,-0.2,-1.3333,0.6364,5355898,79193958.94,16211714753.6,12455283996.4
2017-03-30,'002512,达华智能,15.0,15.35,14.78,15.33,15.27,-0.27,-1.7682,0.703,5915876,88527472.54,16430791980.0,12623598645.0
2017-03-29,'002512,达华智能,15.27,15.62,15.23,15.56,15.55,-0.28,-1.8006,0.6683,5624011,86283140.19,16726546235.6,12850823420.6
2017-03-28,'002512,达华智能,15.55,15.78,15.51,15.53,15.53,0.02,0.1288,0.4487,3775782,58904204.26,17033254352.6,13086463928.6
2017-03-27,'002512,达华智能,15.53,15.69,15.45,15.57,15.57,-0.04,-0.2569,0.5355,4506990,70129517.92,17011346630.0,13069632463.8
2017-03-24,'002512,达华智能,15.57,15.8,15.31,15.45,15.57,0.0,0.0,0.6664,5608122,87156118.89,17055162075.2,13103295393.5
2017-03-23,'002512,达华智能,15.57,15.93,15.41,15.88,15.65,-0.08,-0.5112,0.8985,7561523,118164574.29,17055162075.2,13103295393.5
2017-03-22,'002512,达华智能,15.65,15.95,15.63,15.95,16.01,-0.36,-2.2486,0.8467,7125988,112295659.94,17142792965.8,13170621253.0
2017-03-21,'002512,达华智能,16.01,16.35,15.95,16.18,16.2,-0.19,-1.1728,0.9929,8356057,135007802.08,17537131973.3,13473587620.4
2017-03-20,'002512,达华智能,16.2,16.2,15.86,16.11,16.12,0.08,0.4963,0.9134,7686712,123141220.65,17745255338.4,13633486536.6
2017-03-17,'002512,达华智能,16.12,16.39,16.0,16.04,15.99,0.13,0.813,1.5092,12700762,205756437.33,17657624447.8,13566160677.2
2017-03-16,'002512,达华智能,15.99,16.15,15.88,15.88,15.83,0.16,1.0107,1.3862,11665493,186946100.38,17515224250.7,13456756155.6
2017-03-15,'002512,达华智能,15.83,15.99,15.75,15.97,15.88,-0.05,-0.3149,0.7907,6654689,105537438.83,17339962469.6,13322104436.7
2017-03-14,'002512,达华智能,15.88,16.09,15.68,15.8,15.78,0.1,0.6337,0.9418,7926179,125804623.52,17394731776.2,13364183098.8
2017-03-13,'002512,达华智能,15.78,15.85,15.55,15.76,15.76,0.02,0.1269,0.5828,4904802,77116772.4,17285193163.0,13280025774.5
2017-03-10,'002512,达华智能,15.76,15.9,15.59,15.64,15.63,0.13,0.8317,0.6606,5559470,87550956.96,17263285440.3,13263194309.7
2017-03-09,'002512,达华智能,15.63,15.79,15.5,15.79,15.82,-0.19,-1.201,0.7192,6052410,94408649.74,17120885243.2,13153789788.1
2017-03-08,'002512,达华智能,15.82,16.16,15.8,15.88,15.86,-0.04,-0.2522,1.2073,10160505,162372042.27,17329008608.2,13313688704.3
2017-03-07,'002512,达华智能,15.86,15.88,15.43,15.52,15.55,0.31,1.9936,1.638,13784881,216902197.53,17372824053.5,13347351634.0
2017-03-06,'002512,达华智能,15.55,15.95,15.4,15.8,15.83,-0.28,-1.7688,2.1452,18053634,281318344.92,17033254352.6,13086463928.6
2017-03-03,'002512,达华智能,15.83,15.97,15.7,15.83,15.76,0.07,0.4442,0.4968,4180859,66127175.86,17339962469.6,13322104436.7
2017-03-02,'002512,达华智能,15.76,16.12,15.76,16.08,16.09,-0.33,-2.051,0.6987,5793383,91988110.22,17263285440.3,13068001335.5
2017-03-01,'002512,达华智能,16.09,16.18,15.85,16.16,16.18,-0.09,-0.5562,1.2403,10284402,164683546.02,17624762863.9,13341633343.2
2017-02-28,'002512,达华智能,16.18,16.67,16.11,16.26,16.49,-0.31,-1.8799,1.128,9352987,152833446.05,17723347615.8,13416260254.4
2017-02-27,'002512,达华智能,16.49,16.68,16.24,16.43,16.4,0.09,0.5488,1.2021,9967783,163401106.92,18062917316.7,13673308504.0
2017-02-24,'002512,达华智能,16.4,16.45,15.99,16.15,16.14,0.26,1.6109,1.2429,10305666,167273711.08,17964332564.8,13598681592.8
2017-02-23,'002512,达华智能,16.14,16.22,15.99,16.06,16.24,-0.1,-0.6158,0.8706,7218745,116067590.8,17679532170.5,13383092738.3
2017-02-22,'002512,达华智能,16.24,16.59,15.73,15.93,15.91,0.33,2.0742,1.9513,16180185,260445660.26,17789070783.7,13466011528.5
2017-02-21,'002512,达华智能,15.91,16.05,15.33,15.38,15.33,0.58,3.7834,1.6753,13891267,218835353.28,17427593360.1,13192379520.8
2017-02-20,'002512,达华智能,15.33,15.34,15.1,15.2,15.21,0.12,0.789,0.4663,3866744,59078948.32,16792269403.6,12711450537.7
2017-02-17,'002512,达华智能,15.21,15.4,15.14,15.37,15.33,-0.12,-0.7828,0.5704,4730043,72067099.2,16660823067.7,12611947989.4
2017-02-16,'002512,达华智能,15.33,15.39,15.14,15.23,15.32,0.01,0.0653,0.5461,4528240,69186462.31,16792269403.6,12711450537.7
2017-02-15,'002512,达华智能,15.32,15.46,15.2,15.4,15.4,-0.08,-0.5195,0.7645,6339206,97152785.6,16781315542.2,12703158658.6
2017-02-14,'002512,达华智能,15.4,15.45,15.21,15.32,15.27,0.13,0.8513,0.8793,7291022,111761145.99,16868946432.8,12769493690.8
2017-02-13,'002512,达华智能,15.27,15.33,15.16,15.24,15.27,0.0,0.0,0.6107,5063490,77371809.45,16726546235.6,12661699263.5
2017-02-10,'002512,达华智能,15.27,15.55,15.26,15.55,15.54,-0.27,-1.7375,0.7872,6527429,100166078.49,16726546235.6,12661699263.5
2017-02-09,'002512,达华智能,15.54,15.63,15.41,15.49,15.47,0.07,0.4525,0.7627,6323834,98231725.6,17022300491.3,12885579997.1
2017-02-08,'002512,达华智能,15.47,15.47,15.07,15.1,15.1,0.37,2.4503,0.944,7827484,119805829.14,16945623462.0,12827536843.9
2017-02-07,'002512,达华智能,15.1,15.32,15.03,15.32,15.33,-0.23,-1.5003,0.6722,5573877,84464062.36,16540330593.2,12520737320.2
2017-02-06,'002512,达华智能,15.33,15.37,15.17,15.29,15.3,0.03,0.1961,0.6396,5303270,80901315.55,16792269403.6,12711450537.7
2017-02-03,'002512,达华智能,15.3,15.45,15.29,15.45,15.39,-0.09,-0.5848,0.3543,2937850,44994652.38,16759407819.6,12686574900.6
2017-01-26,'002512,达华智能,15.39,15.46,15.32,15.4,15.31,0.08,0.5225,0.3385,2806675,43206449.02,16857992571.5,12761201811.8
2017-01-25,'002512,达华智能,15.31,15.67,15.28,15.41,15.44,-0.13,-0.842,0.5221,4329386,66697640.23,16770361680.9,12694866779.6
2017-01-24,'002512,达华智能,15.44,15.7,15.35,15.63,15.6,-0.16,-1.0256,0.7154,5931917,91861893.81,16912761878.1,12802661206.9
2017-01-23,'002512,达华智能,15.6,15.77,15.43,15.5,15.43,0.17,1.1017,0.9802,8127630,126700429.48,17088023659.2,12935331271.2
2017-01-20,'002512,达华智能,15.43,15.65,15.11,15.24,15.2,0.23,1.5132,1.1143,9239475,142567772.64,16901808016.8,12794369327.9
2017-01-19,'002512,达华智能,15.2,15.58,15.1,15.55,15.48,-0.28,-1.8088,0.9194,7623501,116510337.7,16649869206.4,12603656110.4
2017-01-18,'002512,达华智能,15.48,15.75,15.45,15.73,15.75,-0.27,-1.7143,0.8742,7248791,112793323.5,16956577323.4,12835828723.0
2017-01-17,'002512,达华智能,15.75,15.83,14.9,15.4,15.68,0.07,0.4464,1.3011,10788303,166667793.27,17252331579.0,13059709456.5
2017-01-16,'002512,达华智能,15.68,16.58,14.98,16.58,16.64,-0.96,-5.7692,1.9704,16338526,257124141.0,17175654549.8,13001666303.4
2017-01-13,'002512,达华智能,16.64,17.2,16.59,16.66,16.45,0.19,1.155,1.9155,15883352,267467668.97,18227225236.5,13797686689.3
2017-01-12,'002512,达华智能,16.45,17.0,16.22,17.0,16.89,-0.44,-2.6051,1.5224,12623713,209248938.19,18019101871.4,13640140987.9
2017-01-11,'002512,达华智能,16.89,17.98,16.69,17.28,16.5,0.39,2.3636,3.0108,24965375,428686061.95,18501071769.5,14004983664.8
2017-01-10,'002512,达华智能,16.5,16.97,16.35,16.81,16.88,-0.38,-2.2512,1.489,12346806,204958927.42,18073871178.0,13681600383.0
2017-01-09,'002512,达华智能,16.88,16.95,16.51,16.7,16.88,0.0,0.0,1.392,11542182,193221655.8,18490117908.2,13996691785.8
2017-01-06,'002512,达华智能,16.88,17.18,16.14,16.28,16.4,0.48,2.9268,3.5269,29244849,488595292.97,18490117908.2,13996691785.8
2017-01-05,'002512,达华智能,16.4,16.45,15.92,16.21,16.21,0.19,1.1721,1.9362,15862199,256824237.57,17964332564.8,13435893224.8
2017-01-04,'002512,达华智能,16.21,16.29,15.73,15.78,15.78,0.43,2.725,2.2697,18594932,300307984.71,17756209199.7,13280233486.2
2017-01-03,'002512,达华智能,15.78,16.15,15.64,16.09,16.33,-0.55,-3.368,2.6395,21624363,342680804.38,17285193163.0,12927950920.0
2016-12-30,'002512,达华智能,16.33,16.33,15.81,16.08,16.16,0.17,1.052,1.996,16352856,261900573.05,17887655535.6,13378544900.1
2016-12-29,'002512,达华智能,16.16,16.38,15.81,15.89,15.85,0.31,1.9558,2.1999,18022971,291418119.16,17701439893.1,13239270397.1
2016-12-28,'002512,达华智能,15.85,16.12,15.7,15.78,15.73,0.12,0.7629,1.4935,12235866,194813576.89,17361870192.2,12985299244.7
2016-12-27,'002512,达华智能,15.73,16.08,15.54,15.61,15.59,0.14,0.898,1.9934,16331229,258816477.88,17230423856.4,12886987830.9
2016-12-26,'002512,达华智能,15.59,15.67,14.82,15.24,15.31,0.28,1.8289,1.6022,13126328,201226144.86,17077069797.9,12772291181.4
2016-12-23,'002512,达华智能,15.31,15.96,15.3,15.83,15.94,-0.63,-3.9523,1.9069,15622315,244195106.11,16770361680.9,12542897882.4
2016-12-22,'002512,达华智能,15.94,15.98,15.55,15.58,15.65,0.29,1.853,2.0519,16810126,265451065.8,17460454944.1,13059032805.1
2016-12-21,'002512,达华智能,15.65,15.82,15.45,15.51,15.44,0.21,1.3601,1.6703,13684271,213801734.04,17142792965.8,12821446888.3
2016-12-20,'002512,达华智能,15.44,15.79,15.35,15.6,15.59,-0.15,-0.9622,1.4884,12193582,189204642.2,16912761878.1,12649401914.1
2016-12-19,'002512,达华智能,15.59,15.96,15.12,15.4,15.38,0.21,1.3654,2.7682,22679122,353745576.92,17077069797.9,12772291181.4
2016-12-16,'002512,达华智能,15.38,15.67,14.82,14.87,14.82,0.56,3.7787,2.9356,24049856,369288134.52,16847038710.2,12600246207.2
2016-12-15,'002512,达华智能,14.82,15.08,14.5,14.6,14.69,0.13,0.885,1.8173,14888202,221328136.93,16233622476.2,12141459609.2
2016-12-14,'002512,达华智能,14.69,15.15,14.69,15.01,15.12,-0.43,-2.8439,2.2542,18467932,274623000.18,16091222279.1,12034955577.6
2016-12-13,'002512,达华智能,15.12,15.44,14.41,15.03,15.01,0.11,0.7328,2.9881,24480525,366162363.64,16562238315.8,12387238143.8
2016-12-12,'002512,达华智能,15.01,16.67,14.89,16.53,16.53,-1.52,-9.1954,3.7849,31008157,490986796.4,16441745841.3,12297119347.8
2016-12-09,'002512,达华智能,16.53,17.06,16.5,16.92,17.24,-0.71,-4.1183,3.8245,31332924,524418877.15,18106732762.0,13542397256.5
2016-12-08,'002512,达华智能,17.24,17.74,16.18,16.46,16.49,0.75,4.5482,6.1914,50723531,852607110.28,18884456915.7,14124073121.7
2016-12-07,'002512,达华智能,16.49,16.66,16.1,16.6,16.55,-0.06,-0.3625,3.2978,27017671,441607936.43,18062917316.7,13509626785.2
2016-12-06,'002512,达华智能,16.55,17.03,16.51,16.85,16.85,-0.3,-1.7804,3.1507,25812831,431868348.77,18128640484.6,13558782492.1
2016-12-05,'002512,达华智能,16.85,17.13,16.38,16.79,17.23,-0.38,-2.2055,3.675,30107715,505055813.41,18457256324.2,13804561026.7
2016-12-02,'002512,达华智能,17.23,18.29,17.17,18.1,18.69,-1.46,-7.8117,8.0836,64252800,1135765372.85,18873503054.4,13695347980.0
2016-12-01,'002512,达华智能,18.69,20.0,18.59,19.25,20.65,-1.96,-9.4915,14.8694,118190311,2236693726.35,20472766807.1,14855835969.0
2016-11-30,'002512,达华智能,20.65,22.78,20.65,22.67,22.94,-2.29,-9.9826,13.7111,108983511,2290135545.52,22619723625.8,16413751351.5
2016-11-29,'002512,达华智能,22.94,22.94,21.01,22.94,20.85,2.09,10.024,11.1262,88437348,2002322149.75,25128157868.1,18233968813.8
2016-11-28,'002512,达华智能,20.85,20.85,18.98,18.99,18.95,1.9,10.0264,7.2812,57875255,1159498185.53,22838800852.2,16572722309.0
2016-11-25,'002512,达华智能,18.95,18.96,18.7,18.89,18.85,0.1,0.5305,0.7639,6071595,114164337.99,20757567201.4,15062498213.6
2016-11-24,'002512,达华智能,18.85,19.19,18.75,18.94,19.08,-0.23,-1.2055,1.1987,9527667,179765829.65,20648028588.2,14983012735.0
2016-11-23,'002512,达华智能,19.08,19.8,19.01,19.5,18.92,0.16,0.8457,2.0337,16165241,312942619.86,20899967398.6,15165829336.0
2016-11-22,'002512,达华智能,18.92,18.99,18.74,18.91,18.9,0.02,0.1058,0.8479,6739396,127072074.78,20724705617.4,15038652570.0
2016-11-21,'002512,达华智能,18.9,19.0,18.8,18.83,18.85,0.05,0.2653,0.641,5095012,96245241.58,20702797894.8,15022755474.3
2016-11-18,'002512,达华智能,18.85,18.97,18.71,18.97,18.94,-0.09,-0.4752,0.7528,5983469,112457949.1,20648028588.2,14983012735.0
2016-11-17,'002512,达华智能,18.94,19.07,18.85,19.07,19.05,-0.11,-0.5774,0.4997,3971963,75090896.6,20746613340.1,15054549665.8
2016-11-16,'002512,达华智能,19.05,19.14,18.82,19.0,19.0,0.05,0.2632,1.1966,9511474,180388591.32,20867105814.6,15141983692.4
2016-11-15,'002512,达华智能,19.0,19.23,18.88,19.03,19.0,0.0,0.0,0.9663,7680469,145800177.95,20812336508.0,15102240953.0
2016-11-14,'002512,达华智能,19.0,19.35,18.53,18.68,18.79,0.21,1.1176,1.3749,10928100,207480355.86,20812336508.0,15102240953.0
2016-11-11,'002512,达华智能,18.79,19.13,18.51,18.96,18.98,-0.19,-1.0011,1.3635,10837703,203627038.37,20582305420.3,14935321447.7
2016-11-10,'002512,达华智能,18.98,19.14,18.83,18.97,18.91,0.07,0.3702,1.2581,10000307,189696866.83,20790428785.4,15086343857.3
2016-11-09,'002512,达华智能,18.91,19.18,18.52,19.18,19.0,-0.09,-0.4737,1.7345,13787043,260743767.73,20713751756.1,15030704022.2
2016-11-08,'002512,达华智能,19.0,19.3,18.72,19.0,18.9,0.1,0.5291,3.465,27542073,523129898.09,20812336508.0,15102240953.0
2016-11-07,'002512,达华智能,18.9,18.99,17.79,18.0,18.02,0.88,4.8835,2.3499,18678162,345311648.33,20702797894.8,15022755474.3
2016-11-04,'002512,达华智能,18.02,18.2,17.67,18.15,18.07,-0.05,-0.2767,0.9274,7371855,132241992.36,19738858098.6,14323283261.7
2016-11-03,'002512,达华智能,18.07,18.15,17.75,17.89,17.97,0.1,0.5565,1.1667,9273255,166666533.17,19793627405.2,14363026001.1
2016-11-02,'002512,达华智能,17.97,18.25,17.71,17.86,17.86,0.11,0.6159,1.4472,11503439,207172139.08,19684088792.0,14283540522.4
2016-11-01,'002512,达华智能,17.86,17.95,17.59,17.75,17.69,0.17,0.961,0.8567,6809245,121504859.68,19563596317.5,14196106495.8
2016-10-31,'002512,达华智能,17.69,17.69,17.36,17.47,17.34,0.35,2.0185,0.8016,6371665,111457910.52,19377380675.1,14060981182.0
2016-10-28,'002512,达华智能,17.34,17.54,17.2,17.54,17.54,-0.2,-1.1403,0.9629,7653990,133417556.49,18993995528.9,13782782006.6
2016-10-27,'002512,达华智能,17.54,17.62,17.4,17.6,17.57,-0.03,-0.1707,0.5446,4328575,75712061.88,19213072755.3,13941752964.0
2016-10-26,'002512,达华智能,17.57,17.81,17.48,17.79,17.7,-0.13,-0.7345,0.7378,5864510,103072757.63,19245934339.2,13965598607.6
2016-10-25,'002512,达华智能,17.7,18.06,17.59,17.8,17.8,-0.1,-0.5618,1.2461,9904835,176880457.66,19388334536.4,14068929729.9
2016-10-24,'002512,达华智能,17.8,17.87,17.65,17.69,17.82,-0.02,-0.1122,1.0218,8121586,144136088.63,19497873149.6,14148415208.6
2016-10-21,'002512,达华智能,17.82,17.89,17.51,17.8,17.83,-0.01,-0.0561,0.6843,5439122,96445831.22,19519780872.2,14164312304.3
2016-10-20,'002512,达华智能,17.83,17.88,17.43,17.68,17.62,0.21,1.1918,0.6862,5454001,96426048.44,19530734733.6,14172260852.2
2016-10-19,'002512,达华智能,17.62,17.9,17.47,17.55,17.55,0.07,0.3989,0.8324,6615983,117102094.21,19300703645.8,14005341346.9
2016-10-18,'002512,达华智能,17.55,17.6,17.3,17.35,17.39,0.16,0.9201,0.6141,4881209,85119659.12,19224026616.6,13949701511.9
2016-10-17,'002512,达华智能,17.39,17.62,17.25,17.6,17.6,-0.21,-1.1932,0.4976,3955175,68960593.78,19048764835.5,13822524745.9
2016-10-14,'002512,达华智能,17.6,17.62,17.35,17.53,17.6,0.0,0.0,0.4989,3965748,69285755.06,19278795923.2,13989444251.2
2016-10-13,'002512,达华智能,17.6,17.75,17.23,17.53,17.5,0.1,0.5714,1.2268,9751596,170120384.04,19278795923.2,13989444251.2
2016-10-12,'002512,达华智能,17.5,18.07,17.45,18.04,18.04,-0.54,-2.9933,1.0349,8225996,146192259.46,19169257310.0,13909958772.5
2016-10-11,'002512,达华智能,18.04,18.12,17.9,18.05,18.03,0.01,0.0555,0.6839,5436300,98087685.5,19760765821.3,14339180357.5
2016-10-10,'002512,达华智能,18.03,18.18,17.83,18.1,18.0,0.03,0.1667,0.6322,5025433,90291746.81,19749811960.0,14331231809.6
2016-09-30,'002512,达华智能,18.0,18.22,17.88,17.9,18.01,-0.01,-0.0555,0.5746,4566975,82524003.4,19716950376.0,14307386166.0
2016-09-29,'002512,达华智能,18.01,18.15,17.91,18.05,18.0,0.01,0.0556,0.4416,3509711,63167187.07,19727904237.3,14315334713.9
2016-09-28,'002512,达华智能,18.0,18.15,17.86,17.96,18.17,-0.17,-0.9356,0.6486,5155225,92812057.29,19716950376.0,14307386166.0
2016-09-27,'002512,达华智能,18.17,18.85,17.8,18.4,18.66,-0.49,-2.6259,0.965,7670484,139278816.08,19903166018.4,14442511479.8
2016-09-26,'002512,达华智能,18.66,19.73,18.57,18.88,17.98,0.68,3.782,2.4158,19202298,362692325.37,20439905223.1,14831990325.4
2016-09-23,'002512,达华智能,17.98,18.2,17.75,18.2,18.24,-0.26,-1.4254,0.7319,5817460,104268261.31,19695042653.4,14291489070.3
2016-09-22,'002512,达华智能,18.24,18.34,17.94,18.0,17.88,0.36,2.0134,0.7856,6244082,113155472.52,19979843047.7,14498151314.9
2016-09-21,'002512,达华智能,17.88,18.2,17.85,18.11,18.12,-0.24,-1.3245,0.4702,3737440,67173559.85,19585504040.2,14212003591.6
2016-09-20,'002512,达华智能,18.12,18.23,17.98,18.2,18.2,-0.08,-0.4396,0.5777,4591647,83147470.22,19848396711.8,14402768740.4
2016-09-19,'002512,达华智能,18.2,18.99,18.13,18.74,18.44,-0.24,-1.3015,0.9866,7841996,144527186.96,19936027602.4,14466357123.4
2016-09-14,'002512,达华智能,18.44,18.68,18.3,18.62,18.61,-0.17,-0.9135,0.5118,4067769,75137693.82,20198920274.1,14657122272.3
2016-09-13,'002512,达华智能,18.61,18.7,18.35,18.46,18.33,0.28,1.5276,1.1582,9205730,170545093.79,20385135916.5,14792247586.1
2016-09-12,'002512,达华智能,18.33,18.46,17.6,18.01,17.91,0.42,2.3451,1.5814,12569761,228892362.6,20078427799.6,14569688245.7
2016-09-09,'002512,达华智能,17.91,18.07,17.87,17.87,17.99,-0.08,-0.4447,0.4709,3742622,67327500.62,19618365624.1,14235849235.2
2016-09-08,'002512,达华智能,17.99,18.1,17.86,17.86,17.94,0.05,0.2787,0.3739,2971567,53513049.89,19705996514.7,14299437618.1
2016-09-07,'002512,达华智能,17.94,18.14,17.88,18.04,18.04,-0.1,-0.5543,0.3613,2872192,51524299.36,19651227208.1,14259694878.8
2016-09-06,'002512,达华智能,18.04,18.08,17.81,18.0,18.0,0.04,0.2222,0.6493,5161172,92742109.81,19760765821.3,14339180357.5
2016-09-05,'002512,达华智能,18.0,18.09,17.82,17.87,17.84,0.16,0.8969,0.4345,3453703,62026962.7,19716950376.0,14307386166.0
2016-09-02,'002512,达华智能,17.84,18.19,17.75,18.19,18.19,-0.35,-1.9241,0.6425,5107215,91608057.2,19541688594.9,14180209400.1
2016-09-01,'002512,达华智能,18.19,18.6,18.18,18.38,18.36,-0.17,-0.9259,0.461,3663899,67177172.47,19925073741.1,14458408575.5
2016-08-31,'002512,达华智能,18.36,18.38,18.2,18.2,18.19,0.17,0.9346,0.4793,3810052,69744440.39,20111289383.5,14593533889.3
2016-08-30,'002512,达华智能,18.19,18.32,17.95,18.29,18.28,-0.09,-0.4923,0.5868,4664137,84525978.95,19925073741.1,14458408575.5
2016-08-29,'002512,达华智能,18.28,18.32,18.02,18.3,18.3,-0.02,-0.1093,0.7365,5854300,106243234.56,20023658493.0,14529945506.4
2016-08-26,'002512,达华智能,18.3,18.64,18.29,18.51,18.4,-0.1,-0.5435,0.8074,6417327,118282275.35,20045566215.6,14545842602.1
2016-08-25,'002512,达华智能,18.4,18.56,18.12,18.43,18.4,0.0,0.0,0.5294,4208135,77040684.06,20155104828.8,14625328080.8
2016-08-24,'002512,达华智能,18.4,18.82,18.2,18.7,18.61,-0.21,-1.1284,0.7264,5773461,106208985.34,20155104828.8,14625328080.8
2016-08-23,'002512,达华智能,18.61,19.0,18.48,18.6,18.38,0.23,1.2514,1.2293,9771307,183382842.91,20385135916.5,14792247586.1
2016-08-22,'002512,达华智能,18.38,18.57,18.26,18.3,18.18,0.2,1.1001,1.2147,9655381,177704912.27,20133197106.2,14609430985.1
2016-08-19,'002512,达华智能,18.18,18.5,18.06,18.15,18.04,0.14,0.7761,1.268,10078620,184445790.65,19914119879.8,14450460027.7
2016-08-18,'002512,达华智能,18.04,18.4,17.97,18.01,18.02,0.02,0.111,0.5277,4194320,75827325.0,19760765821.3,14339180357.5
2016-08-17,'002512,达华智能,18.02,18.57,17.91,18.54,18.57,-0.55,-2.9618,1.0551,8386792,151954543.62,19738858098.6,14323283261.7
2016-08-16,'002512,达华智能,18.57,18.68,18.27,18.48,18.5,0.07,0.3784,0.7841,6232800,114793494.56,20341320471.2,14760453394.6
2016-08-15,'002512,达华智能,18.5,18.56,18.18,18.39,18.33,0.17,0.9274,0.6491,5159361,94766807.29,20264643442.0,14704813559.5
2016-08-12,'002512,达华智能,18.33,18.46,18.15,18.4,18.31,0.02,0.1092,0.3688,2931553,53562635.83,20078427799.6,14569688245.7
2016-08-11,'002512,达华智能,18.31,18.4,18.2,18.23,18.34,-0.03,-0.1636,0.3394,2697957,49304115.48,20056520076.9,14553791150.0
2016-08-10,'002512,达华智能,18.34,18.58,18.19,18.43,18.36,-0.02,-0.1089,0.5624,4470436,81827717.98,20089381660.9,14577636793.6
2016-08-09,'002512,达华智能,18.36,18.46,18.16,18.16,18.27,0.09,0.4926,0.6546,5203281,95314602.62,20111289383.5,14593533889.3
2016-08-08,'002512,达华智能,18.27,18.36,18.07,18.15,18.05,0.22,1.2188,0.7165,5695276,103350695.92,20012704631.6,14521996958.5
2016-08-05,'002512,达华智能,18.05,18.28,17.89,18.06,18.05,0.0,0.0,0.5966,4741920,85815614.87,19771719682.6,14347128905.4
2016-08-04,'002512,达华智能,18.05,18.3,17.73,18.0,17.94,0.11,0.6132,0.6172,4905509,88141599.23,19771719682.6,14347128905.4
2016-08-03,'002512,达华智能,17.94,18.15,17.21,17.6,17.44,0.5,2.867,1.2429,9879195,176780996.27,19651227208.1,14259694878.8
2016-08-02,'002512,达华智能,17.44,17.5,16.72,16.74,16.61,0.83,4.997,1.4884,11830882,202023634.41,19103534142.1,13862267485.3
2016-08-01,'002512,达华智能,16.61,17.34,16.6,17.34,17.3,-0.69,-3.9884,1.017,8066992,136452258.34,18194363652.5,13175883779.0
2016-07-29,'002512,达华智能,17.3,17.54,17.1,17.4,17.49,-0.19,-1.0863,0.6318,5011865,86564122.63,18950180083.6,13723226332.1
2016-07-28,'002512,达华智能,17.49,17.83,17.12,17.74,17.77,-0.28,-1.5757,0.9457,7501857,130700458.47,19158303448.7,13873943846.7
2016-07-27,'002512,达华智能,17.77,18.4,17.3,18.24,18.24,-0.47,-2.5768,1.3362,10599672,189413441.52,19465011565.6,14096053868.3
2016-07-26,'002512,达华智能,18.24,18.48,18.09,18.2,18.28,-0.04,-0.2188,0.6955,5517034,100766306.11,19979843047.7,14468881404.5
2016-07-25,'002512,达华智能,18.28,18.5,17.98,18.2,18.51,-0.23,-1.2426,1.2301,9757671,177317318.75,20023658493.0,14500611407.6
2016-07-22,'002512,达华智能,18.51,19.06,18.12,18.98,18.97,-0.46,-2.4249,1.7622,13978602,255945864.11,20275597303.3,14683058925.3
2016-07-21,'002512,达华智能,18.97,19.49,18.7,19.38,20.28,-1.31,-6.4596,1.7414,13813868,264120181.81,20779474924.0,15047953960.7
2016-07-20,'002512,达华智能,0.0,0.0,0.0,0.0,20.28,None,None,0.0,0,0.0,22214430757.0,16087111561.6
2016-07-19,'002512,达华智能,0.0,0.0,0.0,0.0,20.28,None,None,0.0,0,0.0,22214430757.0,16087111561.6
2016-07-18,'002512,达华智能,0.0,0.0,0.0,0.0,20.28,None,None,0.0,0,0.0,22214430757.0,16087111561.6
2016-07-15,'002512,达华智能,0.0,0.0,0.0,0.0,20.28,None,None,0.0,0,0.0,22214430757.0,16087111561.6
2016-07-14,'002512,达华智能,0.0,0.0,0.0,0.0,20.28,None,None,0.0,0,0.0,22214430757.0,16087111561.6
2016-07-13,'002512,达华智能,0.0,0.0,0.0,0.0,20.28,None,None,0.0,0,0.0,22214430757.0,16087111561.6
2016-07-12,'002512,达华智能,0.0,0.0,0.0,0.0,20.28,None,None,0.0,0,0.0,22214430757.0,16087111561.6
2016-07-11,'002512,达华智能,0.0,0.0,0.0,0.0,20.28,None,None,0.0,0,0.0,22214430757.0,16087111561.6
2016-07-08,'002512,达华智能,0.0,0.0,0.0,0.0,20.28,None,None,0.0,0,0.0,22214430757.0,16087111561.6
2016-07-07,'002512,达华智能,0.0,0.0,0.0,0.0,20.28,None,None,0.0,0,0.0,22214430757.0,16087111561.6
2016-07-06,'002512,达华智能,0.0,0.0,0.0,0.0,20.28,None,None,0.0,0,0.0,22214430757.0,16087111561.6
2016-07-05,'002512,达华智能,0.0,0.0,0.0,0.0,20.28,None,None,0.0,0,0.0,22214430757.0,16087111561.6
2016-07-04,'002512,达华智能,0.0,0.0,0.0,0.0,20.28,None,None,0.0,0,0.0,22214430757.0,16087111561.6
2016-07-01,'002512,达华智能,0.0,0.0,0.0,0.0,20.28,None,None,0.0,0,0.0,22214430757.0,16087111561.6
2016-06-30,'002512,达华智能,0.0,0.0,0.0,0.0,20.28,None,None,0.0,0,0.0,22214430757.0,16087111561.6
2016-06-29,'002512,达华智能,0.0,0.0,0.0,0.0,20.28,None,None,0.0,0,0.0,22214430757.0,16087111561.6
2016-06-28,'002512,达华智能,0.0,0.0,0.0,0.0,20.28,None,None,0.0,0,0.0,22214430757.0,16087111561.6
2016-06-27,'002512,达华智能,0.0,0.0,0.0,0.0,20.28,None,None,0.0,0,0.0,22214430757.0,16087111561.6
2016-06-24,'002512,达华智能,0.0,0.0,0.0,0.0,20.28,None,None,0.0,0,0.0,22214430757.0,16087111561.6
2016-06-23,'002512,达华智能,0.0,0.0,0.0,0.0,20.28,None,None,0.0,0,0.0,22214430757.0,16087111561.6
2016-06-22,'002512,达华智能,0.0,0.0,0.0,0.0,20.28,None,None,0.0,0,0.0,22214430757.0,16087111561.6
2016-06-21,'002512,达华智能,0.0,0.0,0.0,0.0,20.28,None,None,0.0,0,0.0,22214430757.0,16087111561.6
2016-06-20,'002512,达华智能,20.28,20.48,19.67,19.88,19.89,0.39,1.9608,1.6043,12725966,256212381.94,22214430757.0,16087111561.6
2016-06-17,'002512,达华智能,19.89,19.89,19.46,19.46,19.49,0.4,2.0523,1.2385,9824370,193158944.92,21787230165.5,15777744031.5
2016-06-16,'002512,达华智能,19.49,19.82,19.29,19.51,19.5,-0.01,-0.0513,0.905,7178817,140285876.97,21349075712.7,15460444000.7
2016-06-15,'002512,达华智能,19.5,19.71,18.69,18.85,18.99,0.51,2.6856,0.7962,6316161,122390481.47,21360029574.0,15468376501.5
2016-06-14,'002512,达华智能,18.99,19.19,18.67,19.19,19.1,-0.11,-0.5759,0.7527,5970836,112902146.2,20801382646.7,15063818962.2
2016-06-13,'002512,达华智能,19.1,19.85,19.01,19.6,19.7,-0.6,-3.0457,0.9359,7424105,145167294.81,20921875121.2,15151076470.7
2016-06-08,'002512,达华智能,19.7,19.94,19.41,19.64,19.65,0.05,0.2545,1.2764,10124935,199548772.33,21579106800.4,15627026516.9
2016-06-07,'002512,达华智能,19.65,19.77,19.3,19.3,19.23,0.42,2.1841,1.1809,9367623,183885136.63,21524337493.8,15587364013.0
2016-06-06,'002512,达华智能,19.23,19.72,19.2,19.64,19.65,-0.42,-2.1374,1.2416,9848792,190502222.35,21064275318.4,15254198980.7
2016-06-03,'002512,达华智能,19.65,20.2,19.5,20.03,20.07,-0.42,-2.0927,1.4014,11116770,220289722.82,21524337493.8,15587364013.0
2016-06-02,'002512,达华智能,20.07,20.7,19.81,20.53,20.4,-0.33,-1.6176,1.2223,9696292,194631962.25,21984399669.2,15920529045.4
2016-06-01,'002512,达华智能,20.4,20.88,20.28,20.53,20.65,-0.25,-1.2107,0.9659,7662229,157248248.89,22345877092.8,16182301570.8
2016-05-31,'002512,达华智能,20.65,20.65,19.92,19.92,19.9,0.75,3.7688,1.0332,8195473,167496713.01,22619723625.8,16380614090.0
2016-05-30,'002512,达华智能,19.9,20.16,19.67,19.91,19.9,0.0,0.0,0.377,2990489,59635435.21,21798184026.8,15785676532.3
2016-05-27,'002512,达华智能,19.9,20.05,19.78,19.92,19.99,-0.09,-0.4502,0.2346,1860828,37059437.46,21798184026.8,15785676532.3
2016-05-26,'002512,达华智能,19.99,20.17,19.49,19.98,19.99,0.0,0.0,0.4135,3280230,64937357.06,21896768778.7,15857069039.2
2016-05-25,'002512,达华智能,19.99,20.6,19.9,20.0,19.99,0.0,0.0,0.6066,4811534,97384527.16,21896768778.7,15857069039.2
2016-05-24,'002512,达华智能,19.99,20.43,19.86,20.1,20.14,-0.15,-0.7448,0.8134,6452381,130115711.98,21896768778.7,15857069039.2
2016-05-23,'002512,达华智能,20.14,20.99,19.26,19.5,19.41,0.73,3.7609,1.7635,13989189,281584970.81,22061076698.5,15976056550.8
2016-05-20,'002512,达华智能,19.41,19.69,18.5,18.91,18.91,0.5,2.6441,0.9518,7550306,145936590.88,21261444822.1,15396983994.6
2016-05-19,'002512,达华智能,18.91,19.31,18.85,19.2,19.0,-0.09,-0.4737,0.4982,3952156,75490004.12,20713751756.1,15000358956.1
2016-05-18,'002512,达华智能,19.0,19.75,18.66,19.75,19.8,-0.8,-4.0404,0.6486,5144769,98298680.13,20812336508.0,15071751463.0
2016-05-17,'002512,达华智能,19.8,20.17,19.61,19.81,19.96,-0.16,-0.8016,0.6822,5411685,107242484.98,21688645413.6,15706351524.6
2016-05-16,'002512,达华智能,19.96,20.1,19.5,19.82,20.0,-0.04,-0.2,0.8071,6402348,126822927.1,21863907194.7,15833271536.9
2016-05-13,'002512,达华智能,20.0,20.6,19.0,19.1,19.13,0.87,4.5478,1.6279,12913203,255525945.59,21907722640.0,15865001540.0
2016-05-12,'002512,达华智能,19.13,19.2,18.6,18.95,19.2,-0.07,-0.3646,0.6448,5114570,96909895.9,20954736705.2,15174873973.0
2016-05-11,'002512,达华智能,19.2,19.5,18.9,19.5,19.0,0.2,1.0526,0.9457,7501642,143863564.81,21031413734.4,15230401478.4
2016-05-10,'002512,达华智能,19.0,19.35,18.92,19.15,19.15,-0.15,-0.7833,0.545,4322841,82308037.53,20812336508.0,15071751463.0
2016-05-09,'002512,达华智能,19.15,19.39,18.75,19.0,19.35,-0.2,-1.0336,1.1608,9208395,175817284.97,20976644427.8,15190738974.5
2016-05-06,'002512,达华智能,19.35,19.6,18.71,19.0,18.99,0.36,1.8957,1.932,15325935,293357926.23,21195721654.2,15349388990.0
2016-05-05,'002512,达华智能,18.99,19.17,18.7,19.08,19.1,-0.11,-0.5759,1.3022,10330099,195530595.02,20801382646.7,15063818962.2
2016-05-04,'002512,达华智能,19.1,19.45,18.99,19.45,19.55,-0.45,-2.3018,1.637,12985382,248155987.47,20921875121.2,15151076470.7
2016-05-03,'002512,达华智能,19.55,19.68,18.95,19.11,19.1,0.45,2.356,1.2904,10236450,197427920.18,21414798880.6,15508039005.4
2016-04-29,'002512,达华智能,19.1,19.35,18.83,19.1,19.17,-0.07,-0.3652,0.7109,5638947,107529895.66,20921875121.2,15151076470.7
2016-04-28,'002512,达华智能,19.17,19.99,18.9,19.75,19.75,-0.58,-2.9367,0.6659,5282369,101852960.63,20998552150.4,15206603976.1
2016-04-27,'002512,达华智能,19.75,20.08,19.73,19.9,19.92,-0.17,-0.8534,0.6075,4819331,95783421.11,21633876107.0,15666689020.8
2016-04-26,'002512,达华智能,19.92,20.05,19.3,19.65,19.66,0.26,1.3225,0.7144,5666773,112696766.86,21820091749.4,15801541533.8
2016-04-25,'002512,达华智能,19.66,20.13,19.1,19.53,19.56,0.1,0.5112,1.4353,11385456,225220696.98,21535291355.1,15595296513.8
2016-04-22,'002512,达华智能,19.56,19.69,18.5,19.04,19.01,0.55,2.8932,0.9827,7794896,150210423.2,21425752741.9,15515971506.1
2016-04-21,'002512,达华智能,19.01,19.6,18.0,19.0,19.62,-0.61,-3.1091,1.8281,14501682,277026028.26,20823290369.3,15079683963.8
2016-04-20,'002512,达华智能,19.62,21.9,19.62,21.9,21.8,-2.18,-10.0,3.8068,30197415,613738388.99,21491475909.8,15563566510.7
2016-04-19,'002512,达华智能,21.8,23.76,21.5,22.94,22.9,-1.1,-4.8035,2.1424,16994822,376280213.82,23879417677.6,17292851678.6
2016-04-18,'002512,达华智能,22.9,23.62,22.52,23.6,23.71,-0.81,-3.4163,1.5133,12004379,275866147.66,25084342422.8,18165426763.3
2016-04-15,'002512,达华智能,23.71,24.1,23.23,23.35,23.66,0.05,0.2113,2.0322,16120787,382203750.07,25971605189.7,18807959325.7
2016-04-14,'002512,达华智能,23.66,24.01,21.98,22.1,21.83,1.83,8.383,4.8455,38436612,890181032.32,25916835883.1,18768296821.8
2016-04-13,'002512,达华智能,21.83,22.34,21.58,21.68,21.61,0.22,1.018,1.8708,14840083,325249389.96,23912279261.6,17316649180.9
2016-04-12,'002512,达华智能,21.61,22.09,21.31,21.61,21.79,-0.18,-0.8261,1.219,9669490,209322295.27,23671294312.5,17142134164.0
2016-04-11,'002512,达华智能,21.79,22.09,21.66,22.09,21.9,-0.11,-0.5023,1.6495,13084479,285832956.81,23868463816.3,17284919177.8
2016-04-08,'002512,达华智能,21.9,22.21,21.0,22.0,21.94,-0.04,-0.1823,1.9404,15392135,338763594.56,23988956290.8,17372176686.3
2016-04-07,'002512,达华智能,21.94,22.22,21.68,22.2,22.1,-0.16,-0.724,1.6013,12702614,278358214.76,24032771736.1,17403906689.4
2016-04-06,'002512,达华智能,22.1,22.25,21.7,21.9,21.94,0.16,0.7293,1.5274,12115991,266309271.33,24208033517.2,17530826701.7
2016-04-05,'002512,达华智能,21.94,22.28,21.51,22.28,22.17,-0.23,-1.0374,1.3157,10437019,228353064.91,24032771736.1,17403906689.4
2016-04-01,'002512,达华智能,22.17,22.58,21.8,22.55,22.48,-0.31,-1.379,1.0052,7973503,176554269.69,24284710546.4,17586354207.1
2016-03-31,'002512,达华智能,22.48,22.59,21.9,22.25,22.18,0.3,1.3526,1.4307,11348778,252523143.31,24624280247.4,17832261731.0
2016-03-30,'002512,达华智能,22.18,22.49,21.66,21.94,21.8,0.38,1.7431,1.5482,12281369,271128345.24,24295664407.8,17594286707.9
2016-03-29,'002512,达华智能,21.8,22.75,21.45,21.94,22.1,-0.3,-1.3575,1.3468,10683748,235672385.3,23879417677.6,17292851678.6
2016-03-28,'002512,达华智能,22.1,22.95,21.7,22.8,22.29,-0.19,-0.8524,2.2011,17460355,389584454.94,24208033517.2,17530826701.7
2016-03-25,'002512,达华智能,22.29,22.61,20.35,20.55,20.55,1.74,8.4672,1.9374,15368165,330471322.67,24416156882.3,17681544216.3
2016-03-24,'002512,达华智能,20.55,20.7,20.02,20.02,20.45,0.1,0.489,1.0138,8041579,164060256.06,22510185012.6,16301289082.4
2016-03-23,'002512,达华智能,20.45,20.75,19.95,20.26,20.51,-0.06,-0.2925,0.6891,5466342,111656074.83,22400646399.4,16221964074.6
2016-03-22,'002512,达华智能,20.51,20.8,19.96,20.22,20.41,0.1,0.49,1.0727,8508857,173453866.18,22466369567.3,16269559079.3
2016-03-21,'002512,达华智能,20.41,20.75,19.85,20.2,20.06,0.35,1.7448,1.1309,8971088,181033595.95,22356830954.1,16190234071.6
2016-03-18,'002512,达华智能,20.06,20.26,19.05,19.4,19.31,0.75,3.884,1.2764,10124797,199263041.72,21973445807.9,15912596544.6
2016-03-17,'002512,达华智能,19.31,19.4,18.73,19.02,19.06,0.25,1.3116,1.2018,9533365,182252092.01,21151906208.9,15317658986.9
2016-03-16,'002512,达华智能,19.06,19.49,18.8,19.33,19.21,-0.15,-0.7808,0.5831,4625719,88298519.01,20878059675.9,15119346467.6
2016-03-15,'002512,达华智能,19.21,19.5,18.9,19.3,19.5,-0.29,-1.4872,1.4337,11373169,217971295.66,21042367595.7,15238333979.2
2016-03-14,'002512,达华智能,19.5,19.6,18.38,18.69,18.52,0.98,5.2916,2.0185,16011537,304541701.1,21360029574.0,15468376501.5
2016-03-11,'002512,达华智能,18.52,19.5,18.15,19.0,19.5,-0.98,-5.0256,1.366,10835743,201382961.1,20286551164.6,14690991426.0
2016-03-10,'002512,达华智能,19.5,21.43,18.11,18.11,19.85,-0.35,-1.7632,2.7496,21810869,427626211.33,21360029574.0,15468376501.5
2016-03-09,'002512,达华智能,0.0,0.0,0.0,0.0,19.85,None,None,0.0,0,0.0,21743414720.2,15746014028.5
2016-03-08,'002512,达华智能,0.0,0.0,0.0,0.0,19.85,None,None,0.0,0,0.0,21743414720.2,15746014028.5
2016-03-07,'002512,达华智能,0.0,0.0,0.0,0.0,19.85,None,None,0.0,0,0.0,21743414720.2,15746014028.5
2016-03-04,'002512,达华智能,0.0,0.0,0.0,0.0,19.85,None,None,0.0,0,0.0,21743414720.2,15746014028.5
2016-03-03,'002512,达华智能,0.0,0.0,0.0,0.0,19.85,None,None,0.0,0,0.0,21743414720.2,15746014028.5
2016-03-02,'002512,达华智能,0.0,0.0,0.0,0.0,19.85,None,None,0.0,0,0.0,21743414720.2,15746014028.5
2016-03-01,'002512,达华智能,0.0,0.0,0.0,0.0,19.85,None,None,0.0,0,0.0,21743414720.2,15746014028.5
2016-02-29,'002512,达华智能,0.0,0.0,0.0,0.0,19.85,None,None,0.0,0,0.0,21743414720.2,15746014028.5
2016-02-26,'002512,达华智能,0.0,0.0,0.0,0.0,19.85,None,None,0.0,0,0.0,21743414720.2,15746014028.5
2016-02-25,'002512,达华智能,0.0,0.0,0.0,0.0,19.85,None,None,0.0,0,0.0,21743414720.2,15746014028.5
2016-02-24,'002512,达华智能,0.0,0.0,0.0,0.0,19.85,None,None,0.0,0,0.0,21743414720.2,15746014028.5
2016-02-23,'002512,达华智能,0.0,0.0,0.0,0.0,19.85,None,None,0.0,0,0.0,21743414720.2,15746014028.5
2016-02-22,'002512,达华智能,0.0,0.0,0.0,0.0,19.85,None,None,0.0,0,0.0,21743414720.2,15746014028.5
2016-02-19,'002512,达华智能,0.0,0.0,0.0,0.0,19.85,None,None,0.0,0,0.0,21743414720.2,15746014028.5
2016-02-18,'002512,达华智能,0.0,0.0,0.0,0.0,19.85,None,None,0.0,0,0.0,21743414720.2,15746014028.5
2016-02-17,'002512,达华智能,0.0,0.0,0.0,0.0,19.85,None,None,0.0,0,0.0,21743414720.2,15746014028.5
2016-02-16,'002512,达华智能,0.0,0.0,0.0,0.0,19.85,None,None,0.0,0,0.0,21743414720.2,15746014028.5
2016-02-15,'002512,达华智能,0.0,0.0,0.0,0.0,19.85,None,None,0.0,0,0.0,21743414720.2,15746014028.5
2016-02-05,'002512,达华智能,0.0,0.0,0.0,0.0,19.85,None,None,0.0,0,0.0,21743414720.2,15746014028.5
2016-02-04,'002512,达华智能,0.0,0.0,0.0,0.0,19.85,None,None,0.0,0,0.0,21743414720.2,15746014028.5
2016-02-03,'002512,达华智能,0.0,0.0,0.0,0.0,19.85,None,None,0.0,0,0.0,21743414720.2,15746014028.5
2016-02-02,'002512,达华智能,0.0,0.0,0.0,0.0,19.85,None,None,0.0,0,0.0,21743414720.2,15746014028.5
2016-02-01,'002512,达华智能,0.0,0.0,0.0,0.0,19.85,None,None,0.0,0,0.0,21743414720.2,15746014028.5
2016-01-29,'002512,达华智能,0.0,0.0,0.0,0.0,19.85,None,None,0.0,0,0.0,21743414720.2,15746014028.5
2016-01-28,'002512,达华智能,0.0,0.0,0.0,0.0,19.85,None,None,0.0,0,0.0,21743414720.2,15746014028.5
2016-01-27,'002512,达华智能,0.0,0.0,0.0,0.0,19.85,None,None,0.0,0,0.0,21743414720.2,15746014028.5
2016-01-26,'002512,达华智能,0.0,0.0,0.0,0.0,19.85,None,None,0.0,0,0.0,21743414720.2,15746014028.5
2016-01-25,'002512,达华智能,0.0,0.0,0.0,0.0,19.85,None,None,0.0,0,0.0,21743414720.2,15746014028.5
2016-01-22,'002512,达华智能,0.0,0.0,0.0,0.0,19.85,None,None,0.0,0,0.0,21743414720.2,15746014028.5
2016-01-21,'002512,达华智能,0.0,0.0,0.0,0.0,19.85,None,None,0.0,0,0.0,21743414720.2,15746014028.5
2016-01-20,'002512,达华智能,0.0,0.0,0.0,0.0,19.85,None,None,0.0,0,0.0,21743414720.2,15746014028.5
2016-01-19,'002512,达华智能,0.0,0.0,0.0,0.0,19.85,None,None,0.0,0,0.0,21743414720.2,15746014028.5
2016-01-18,'002512,达华智能,0.0,0.0,0.0,0.0,19.85,None,None,0.0,0,0.0,21743414720.2,15746014028.5
2016-01-15,'002512,达华智能,0.0,0.0,0.0,0.0,19.85,None,None,0.0,0,0.0,21743414720.2,15746014028.5
2016-01-14,'002512,达华智能,0.0,0.0,0.0,0.0,19.85,None,None,0.0,0,0.0,21743414720.2,15746014028.5
2016-01-13,'002512,达华智能,19.85,20.5,19.02,19.2,19.2,0.65,3.3854,1.9507,15474106,304989850.36,21743414720.2,15746014028.5
2016-01-12,'002512,达华智能,19.2,19.5,18.0,18.65,18.95,0.25,1.3193,1.0143,8045665,152491828.98,21031413734.4,15230401478.4
2016-01-11,'002512,达华智能,18.95,20.29,18.53,19.99,20.32,-1.37,-6.7421,1.1597,9198992,177536049.72,20757567201.4,15032088959.1
2016-01-08,'002512,达华智能,20.32,20.68,17.88,20.0,19.41,0.91,4.6883,1.6339,12961124,255659837.33,22258246202.2,16118841564.6
2016-01-07,'002512,达华智能,19.41,21.5,19.22,21.0,21.3,-1.89,-8.8732,0.2064,1637200,33636302.4,19419525166.3,15396983994.6
2016-01-06,'002512,达华智能,21.3,21.5,20.65,21.0,20.85,0.45,2.1583,1.058,8392632,177000721.03,21310452655.5,16896226640.1
2016-01-05,'002512,达华智能,20.85,21.1,18.51,19.0,20.4,0.45,2.2059,1.5285,12125144,242840557.95,20860231824.8,16539264105.5
2016-01-04,'002512,达华智能,20.4,22.89,20.34,22.58,22.6,-2.2,-9.7345,0.7774,6166524,131951978.23,20410010994.0,16182301570.8
2015-12-31,'002512,达华智能,22.6,23.8,22.2,22.85,22.75,-0.15,-0.6593,1.2572,9973016,227369696.9,22611090611.0,17927451740.2
2015-12-30,'002512,达华智能,22.75,22.89,22.38,22.52,22.49,0.26,1.1561,0.9577,7596732,171991837.16,22761164221.2,18046439251.8
2015-12-29,'002512,达华智能,22.49,22.8,21.65,22.1,22.2,0.29,1.3063,1.3576,10769206,238413473.36,22501036630.2,17840194231.7
2015-12-28,'002512,达华智能,22.2,23.94,21.55,23.94,23.72,-1.52,-6.4081,2.037,16158252,370036180.72,22210894317.0,17610151709.4
2015-12-25,'002512,达华智能,23.72,24.2,23.21,23.72,23.71,0.01,0.0422,1.3723,10886104,255693940.41,23731640234.2,18815891826.4
2015-12-24,'002512,达华智能,23.71,24.28,23.29,23.4,23.4,0.31,1.3248,1.7985,14266614,338949999.99,23721635326.8,18807959325.7
2015-12-23,'002512,达华智能,23.4,23.98,22.44,22.5,22.5,0.9,4.0,2.57,20386158,475236032.36,23411483199.0,18562051801.8
2015-12-22,'002512,达华智能,22.5,22.8,22.07,22.54,22.33,0.17,0.7613,1.6384,12996709,291516360.94,22511041537.5,17848126732.5
2015-12-21,'002512,达华智能,22.33,23.15,21.89,22.6,22.4,-0.07,-0.3125,2.5921,20562161,461314504.09,22340958112.5,17713274219.4
2015-12-18,'002512,达华智能,22.4,22.75,22.2,22.53,22.4,0.0,0.0,1.934,15341359,344102884.48,22410992464.0,17768801724.8
2015-12-17,'002512,达华智能,22.4,22.81,21.9,22.03,21.99,0.41,1.8645,2.0234,16050469,357514927.84,22410992464.0,17768801724.8
2015-12-16,'002512,达华智能,21.99,22.88,21.7,21.88,21.79,0.2,0.9179,2.0635,16368967,364387968.37,22000791262.7,17443569193.2
2015-12-15,'002512,达华智能,21.79,22.0,20.96,21.1,21.2,0.59,2.783,2.6774,21238132,458005905.8,21800693115.7,17284919177.8
2015-12-14,'002512,达华智能,21.2,21.28,20.18,21.17,21.17,0.03,0.1417,1.2995,10307995,215832727.78,21210403582.0,16816901632.4
2015-12-11,'002512,达华智能,21.17,21.57,20.91,21.28,21.19,-0.02,-0.0944,1.446,11470006,244475921.13,21180388860.0,16793104130.1
2015-12-10,'002512,达华智能,21.19,21.6,21.0,21.3,21.33,-0.14,-0.6564,1.2029,9542261,202504002.89,21200398674.7,16808969131.6
2015-12-09,'002512,达华智能,21.33,21.45,20.2,21.0,21.0,0.33,1.5714,1.5624,12393722,262499545.44,21340467377.5,16920024142.4
2015-12-08,'002512,达华智能,21.0,21.3,20.42,21.12,21.15,-0.15,-0.7092,1.0705,8491900,177387780.82,21010305435.0,16658251617.0
2015-12-07,'002512,达华智能,21.15,21.6,20.81,21.6,21.4,-0.25,-1.1682,0.8891,7053077,148620074.28,21160379045.2,16777239128.5
2015-12-04,'002512,达华智能,21.4,21.82,21.1,21.82,21.5,-0.1,-0.4651,1.2479,9898583,212435142.59,21410501729.0,16975551647.8
2015-12-03,'002512,达华智能,21.5,21.67,20.5,20.8,20.6,0.9,4.3689,1.7663,14011469,296847152.98,21510550802.5,17054876655.5
2015-12-02,'002512,达华智能,20.6,20.8,19.86,20.39,20.7,-0.1,-0.4831,1.0045,7968453,162208642.92,20610109141.0,16340951586.2
2015-12-01,'002512,达华智能,20.7,21.2,19.75,21.2,21.31,-0.61,-2.8625,1.5114,11989490,246738639.66,18334100993.4,16420276593.9
2015-11-30,'002512,达华智能,21.31,21.42,19.69,20.45,20.88,0.43,2.0594,2.6353,20904773,436489262.02,18874381264.2,16904159140.9
2015-11-27,'002512,达华智能,20.88,22.0,20.01,22.0,21.6,-0.72,-3.3333,1.8086,14346657,302405592.48,18493527958.6,16563061607.8
2015-11-26,'002512,达华智能,21.6,21.85,21.2,21.84,21.9,-0.3,-1.3699,1.9138,15181594,325134332.6,19131235819.2,17134201663.2
2015-11-25,'002512,达华智能,21.9,22.25,21.35,22.25,21.97,-0.07,-0.3186,2.5387,20138340,437653773.1,19396947427.8,17372176686.3
2015-11-24,'002512,达华智能,21.97,22.8,21.37,22.8,23.0,-1.03,-4.4783,3.4028,26992807,587151622.26,19458946803.1,17427704191.7
2015-11-23,'002512,达华智能,23.0,23.68,21.5,23.0,23.25,-0.25,-1.0753,3.899,30928745,697190068.49,20371223326.0,18244751771.0
2015-11-20,'002512,达华智能,23.25,23.7,22.83,23.53,23.6,-0.35,-1.4831,1.845,14635690,340924279.6,20592649666.5,18443064290.2
2015-11-19,'002512,达华智能,23.6,24.0,21.01,22.85,22.4,1.2,5.3571,2.7706,21977515,483831805.86,20902646543.2,18720701817.2
2015-11-18,'002512,达华智能,22.4,23.4,21.3,23.24,23.29,-0.89,-3.8214,1.5942,12646342,285801184.48,19839800108.8,17768801724.8
2015-11-17,'002512,达华智能,23.29,23.53,22.46,22.63,22.59,0.7,3.0987,2.4807,19678543,450400866.57,20628077881.0,18474794293.3
2015-11-16,'002512,达华智能,22.59,22.76,21.0,21.0,21.97,0.62,2.822,1.9019,15086696,333770231.6,20008084127.6,17919519239.4
2015-11-13,'002512,达华智能,21.97,22.0,20.51,21.1,21.25,0.72,3.3882,2.2839,18117221,391262271.29,19458946803.1,17427704191.7
2015-11-12,'002512,达华智能,21.25,21.88,20.7,21.1,21.0,0.25,1.1905,2.1693,17207647,365911278.26,18821238942.5,16856564136.2
2015-11-11,'002512,达华智能,21.0,21.2,20.37,20.67,20.99,0.01,0.0476,2.0702,16422144,341066664.26,18599812602.0,16658251617.0
2015-11-10,'002512,达华智能,20.99,21.8,19.65,20.5,20.5,0.49,2.3902,3.8881,30842250,639367497.74,18590955548.4,16650319116.2
2015-11-09,'002512,达华智能,20.5,20.69,18.85,18.86,18.81,1.69,8.9846,4.3943,34857653,689223909.05,18156959921.0,16261626578.5
2015-11-06,'002512,达华智能,18.81,18.81,16.89,17.15,17.1,1.71,10.0,3.2097,25460891,445455043.87,16660117859.2,14921033948.4
2015-11-05,'002512,达华智能,17.1,17.7,16.82,17.45,17.15,-0.05,-0.2915,2.2728,18029370,309922968.23,15145561690.2,13564576316.7
2015-11-04,'002512,达华智能,17.15,17.2,16.31,16.4,16.3,0.85,5.2147,2.047,16238188,274774304.73,15189846958.3,13604238820.5
2015-11-03,'002512,达华智能,16.3,16.4,15.95,16.25,16.2,0.1,0.6173,1.103,8749886,141086122.8,14436997400.6,12929976255.1
2015-11-02,'002512,达华智能,16.2,16.59,15.85,16.06,16.71,-0.51,-3.0521,1.4648,11619161,188362284.48,14348426864.4,12850651247.4
2015-10-30,'002512,达华智能,16.71,17.45,16.21,16.42,16.65,0.06,0.3604,2.3152,18364989,311651251.27,14800136599.0,13255208786.7
2015-10-29,'002512,达华智能,16.65,17.15,16.0,16.2,16.29,0.36,2.2099,2.2896,18161994,302524098.98,14746994277.3,13207613782.0
2015-10-28,'002512,达华智能,16.29,16.75,16.05,16.2,16.35,-0.06,-0.367,1.449,11494193,188791043.13,14428140347.0,12922043754.3
2015-10-27,'002512,达华智能,16.35,16.38,15.52,16.2,16.17,0.18,1.1132,1.5919,12628025,201125350.37,14481282668.7,12969638759.0
2015-10-26,'002512,达华智能,16.17,16.75,16.04,16.73,16.6,-0.43,-2.5904,1.6513,13098766,213260500.31,14321855703.5,12826853745.1
2015-10-23,'002512,达华智能,16.6,16.85,16.35,16.56,16.5,0.1,0.6061,2.1088,16727965,278160847.74,14702709009.2,13167951278.2
2015-10-22,'002512,达华智能,16.5,16.65,15.55,15.55,15.98,0.52,3.2541,2.0609,16348083,263703955.39,14614138473.0,13088626270.5
2015-10-21,'002512,达华智能,15.98,17.3,15.3,17.3,17.0,-1.02,-6.0,3.9138,31046236,503274837.23,14153571684.8,12676136230.5
2015-10-20,'002512,达华智能,17.0,17.23,16.46,16.9,16.5,0.5,3.0303,3.6271,28771861,483086293.46,15056991154.0,13485251309.0
2015-10-19,'002512,达华智能,16.5,16.9,16.09,16.34,16.19,0.31,1.9148,3.2083,25449886,420755885.84,14614138473.0,13088626270.5
2015-10-16,'002512,达华智能,16.19,16.66,15.83,16.55,16.45,-0.26,-1.5805,3.277,25994897,420374096.06,14339569810.8,12842718746.6
2015-10-15,'002512,达华智能,16.45,16.72,15.91,15.91,16.32,0.13,0.7966,3.0085,23864920,391674688.38,14569853204.9,13048963766.6
2015-10-14,'002512,达华智能,16.32,17.41,16.3,17.35,17.1,-0.78,-4.5614,3.9669,31467631,525731011.75,14454711507.8,12945841256.6
2015-10-13,'002512,达华智能,17.1,18.35,17.08,18.23,18.23,-1.13,-6.1986,4.5835,36358309,639516346.53,15145561690.2,13564576316.7
2015-10-12,'002512,达华智能,18.23,18.29,17.0,17.04,16.63,1.6,9.6212,4.4066,34955665,632427757.95,16146408749.3,14460948903.7
2015-10-09,'002512,达华智能,16.63,16.63,15.5,16.35,15.12,1.51,9.9868,1.6947,13443224,219133633.41,14729280170.1,13191748780.5
2015-10-08,'002512,达华智能,0.0,0.0,0.0,0.0,15.12,None,None,0.0,0,0.0,13391865073.4,11993941164.2
2015-09-30,'002512,达华智能,0.0,0.0,0.0,0.0,15.12,None,None,0.0,0,0.0,13391865073.4,11993941164.2
2015-09-29,'002512,达华智能,0.0,0.0,0.0,0.0,15.12,None,None,0.0,0,0.0,13391865073.4,11993941164.2
2015-09-28,'002512,达华智能,0.0,0.0,0.0,0.0,15.12,None,None,0.0,0,0.0,13391865073.4,11993941164.2
2015-09-25,'002512,达华智能,0.0,0.0,0.0,0.0,15.12,None,None,0.0,0,0.0,13391865073.4,11993941164.2
2015-09-24,'002512,达华智能,0.0,0.0,0.0,0.0,15.12,None,None,0.0,0,0.0,13391865073.4,11993941164.2
2015-09-23,'002512,达华智能,0.0,0.0,0.0,0.0,15.12,None,None,0.0,0,0.0,13391865073.4,11993941164.2
2015-09-22,'002512,达华智能,15.12,15.4,14.08,14.08,14.0,1.12,8.0,2.4283,19262365,289265960.2,13391865073.4,11993941164.2
2015-09-21,'002512,达华智能,35.01,35.33,34.0,34.99,35.55,-0.54,-1.519,1.2077,3832088,133174329.14,12403417896.5,11108674085.3
2015-09-18,'002512,达华智能,35.55,35.7,33.9,34.5,35.76,-0.21,-0.5872,1.4956,4745476,165471851.02,12594730254.8,11280016102.0
2015-09-17,'002512,达华智能,35.76,36.95,32.86,36.95,36.24,-0.48,-1.3245,2.9469,9350606,327674054.82,12669129505.2,11346649108.6
2015-09-16,'002512,达华智能,36.24,36.7,33.0,34.5,33.5,2.74,8.1791,3.1513,9999032,349725275.17,12839184934.8,11498953123.4
2015-09-15,'002512,达华智能,33.5,34.8,32.75,34.0,35.95,-2.45,-6.815,2.818,8941470,299770580.89,11868451857.5,10629551038.5
2015-09-14,'002512,达华智能,35.95,39.19,34.7,38.7,37.78,-1.83,-4.8438,3.4335,10894632,405024280.4,12736443112.8,11406936114.5
2015-09-11,'002512,达华智能,37.78,37.89,34.0,34.4,34.93,2.85,8.1592,2.7084,8593797,315215794.34,13384779438.1,11987595171.2
2015-09-10,'002512,达华智能,34.93,36.0,33.3,34.78,35.24,-0.31,-0.8797,2.1025,6671227,232952431.17,12375075324.9,11083290082.8
2015-09-09,'002512,达华智能,35.24,36.61,34.6,36.61,35.39,-0.15,-0.4238,3.0161,9570144,337256476.02,12484902789.8,11181653092.4
2015-09-08,'002512,达华智能,35.39,35.58,33.8,35.58,35.6,-0.21,-0.5899,2.2642,7184299,250240667.86,12538045111.5,11229248097.1
2015-09-07,'002512,达华智能,35.6,36.23,33.19,33.82,33.15,2.45,7.3906,2.6631,8450154,295527475.15,12612444362.0,11295881103.6
2015-09-02,'002512,达华智能,33.15,34.28,29.6,29.6,31.16,1.99,6.3864,3.0494,9675622,318189314.77,11744453106.8,10518496027.6
2015-09-01,'002512,达华智能,31.16,32.05,29.21,31.2,32.09,-0.93,-2.8981,2.6935,8546371,262456046.66,11039431638.2,9887068965.96
2015-08-31,'002512,达华智能,32.09,32.58,29.8,29.8,30.68,1.41,4.5958,3.1661,10046130,317523331.49,11368914033.0,10182157994.8
2015-08-28,'002512,达华智能,30.68,31.01,28.18,28.18,28.88,1.8,6.2327,2.4713,7841508,230825888.86,10869376208.6,9734764951.08
2015-08-27,'002512,达华智能,28.88,28.88,25.5,26.05,26.55,2.33,8.7759,2.0588,6532561,176795898.73,10231668347.6,9163624895.28
2015-08-26,'002512,达华智能,26.55,27.02,23.47,26.07,26.08,0.47,1.8021,3.3879,10749837,277549872.98,9406190949.75,8424315823.05
2015-08-25,'002512,达华智能,26.08,27.6,26.08,26.08,28.98,-2.9,-10.0069,3.6073,11445860,299799371.53,9239678341.6,8275184808.48
2015-08-24,'002512,达华智能,28.98,31.45,28.98,31.45,32.2,-3.22,-10.0,0.9399,2982310,87090505.9,10267096562.1,9195354898.38
2015-08-21,'002512,达华智能,32.2,32.9,31.33,32.6,34.03,-1.83,-5.3776,2.34,7424713,239963332.98,11407885069.0,10217060998.2
2015-08-20,'002512,达华智能,34.03,34.9,31.33,32.0,31.77,2.26,7.1136,4.0994,13007405,425611019.49,12056221394.4,10797720054.9
2015-08-19,'002512,达华智能,31.77,31.77,29.13,29.47,28.88,2.89,10.0069,3.5354,11217667,345037619.68,11255543746.6,10080621984.9
2015-08-18,'002512,达华智能,28.88,30.98,27.57,30.9,30.6,-1.72,-5.6209,2.8892,9167404,271082390.0,10231668347.6,9163624895.28
2015-08-17,'002512,达华智能,30.6,32.0,29.96,32.0,32.03,-1.43,-4.4646,2.3412,7428729,227835766.66,10841033637.0,9709380948.6
2015-08-14,'002512,达华智能,32.03,32.89,31.78,32.8,32.08,-0.05,-0.1559,1.3805,4380378,141748463.75,11347657104.4,10163119992.9
2015-08-13,'002512,达华智能,32.08,32.7,31.53,31.6,31.96,0.12,0.3755,1.9315,6128728,196936868.4,11365371211.6,10178984994.5
2015-08-12,'002512,达华智能,31.96,32.74,31.0,32.05,33.1,-1.14,-3.4441,2.2106,7014163,223852913.08,11322857354.2,10140908990.8
2015-08-11,'002512,达华智能,33.1,34.5,31.61,33.28,32.71,0.39,1.1923,3.4142,10833135,357808916.86,11726738999.5,10502631026.1
2015-08-10,'002512,达华智能,32.71,32.71,29.6,29.69,29.74,2.97,9.9866,3.3765,10713792,339382199.93,11588568963.0,10378884014.0
2015-08-07,'002512,达华智能,29.74,30.0,27.99,29.06,28.5,1.24,4.3509,2.6555,8425950,245067353.11,10536350992.3,9436502921.94
2015-08-06,'002512,达华智能,28.5,29.3,27.38,28.05,29.88,-1.38,-4.6185,3.216,10204423,287815238.45,10097041132.5,9043050883.5
2015-08-05,'002512,达华智能,29.88,31.69,29.88,30.5,33.2,-3.32,-10.0,4.1315,13109248,401354861.36,10585950492.6,9480924926.28
2015-08-04,'002512,达华智能,33.2,34.0,28.03,28.03,31.14,2.06,6.6153,6.4256,20388304,583335486.74,11762167214.0,10534361029.2
2015-08-03,'002512,达华智能,0.0,0.0,0.0,0.0,31.14,None,None,0.0,0,0.0,11032345995.3,9880722965.34
2015-07-31,'002512,达华智能,0.0,0.0,0.0,0.0,31.14,None,None,0.0,0,0.0,11032345995.3,9880722965.34
2015-07-30,'002512,达华智能,0.0,0.0,0.0,0.0,31.14,None,None,0.0,0,0.0,11032345995.3,9880722965.34
2015-07-29,'002512,达华智能,0.0,0.0,0.0,0.0,31.14,None,None,0.0,0,0.0,11032345995.3,9880722965.34
2015-07-28,'002512,达华智能,0.0,0.0,0.0,0.0,31.14,None,None,0.0,0,0.0,11032345995.3,9880722965.34
2015-07-27,'002512,达华智能,0.0,0.0,0.0,0.0,31.14,None,None,0.0,0,0.0,11032345995.3,9880722965.34
2015-07-24,'002512,达华智能,0.0,0.0,0.0,0.0,31.14,None,None,0.0,0,0.0,11032345995.3,9880722965.34
2015-07-23,'002512,达华智能,0.0,0.0,0.0,0.0,31.14,None,None,0.0,0,0.0,11032345995.3,9880722965.34
2015-07-22,'002512,达华智能,0.0,0.0,0.0,0.0,31.14,None,None,0.0,0,0.0,11032345995.3,9880722965.34
2015-07-21,'002512,达华智能,0.0,0.0,0.0,0.0,31.14,None,None,0.0,0,0.0,11032345995.3,9880722965.34
2015-07-20,'002512,达华智能,0.0,0.0,0.0,0.0,31.14,None,None,0.0,0,0.0,11032345995.3,9854071952.04
2015-07-17,'002512,达华智能,0.0,0.0,0.0,0.0,31.14,None,None,0.0,0,0.0,11032345995.3,9854071952.04
2015-07-16,'002512,达华智能,0.0,0.0,0.0,0.0,31.14,None,None,0.0,0,0.0,11032345995.3,9854071952.04
2015-07-15,'002512,达华智能,0.0,0.0,0.0,0.0,31.14,None,None,0.0,0,0.0,11032345995.3,9854071952.04
2015-07-14,'002512,达华智能,0.0,0.0,0.0,0.0,31.14,None,None,0.0,0,0.0,11032345995.3,9854071952.04
2015-07-13,'002512,达华智能,0.0,0.0,0.0,0.0,31.14,None,None,0.0,0,0.0,11032345995.3,9854071952.04
2015-07-10,'002512,达华智能,0.0,0.0,0.0,0.0,31.14,None,None,0.0,0,0.0,11032345995.3,9854071952.04
2015-07-09,'002512,达华智能,0.0,0.0,0.0,0.0,31.14,None,None,0.0,0,0.0,11032345995.3,9854071952.04
2015-07-08,'002512,达华智能,0.0,0.0,0.0,0.0,31.14,None,None,0.0,0,0.0,11032345995.3,9854071952.04
2015-07-07,'002512,达华智能,0.0,0.0,0.0,0.0,31.14,None,None,0.0,0,0.0,11032345995.3,9854071952.04
2015-07-06,'002512,达华智能,0.0,0.0,0.0,0.0,31.14,None,None,0.0,0,0.0,11032345995.3,9854071952.04
2015-07-03,'002512,达华智能,0.0,0.0,0.0,0.0,31.14,None,None,0.0,0,0.0,11032345995.3,9854071952.04
2015-07-02,'002512,达华智能,31.14,34.6,31.14,32.6,34.6,-3.46,-10.0,2.9869,9451976,305573421.34,11032345995.3,9854071952.04
2015-07-01,'002512,达华智能,34.6,36.29,32.99,34.03,32.99,1.61,4.8803,3.8965,12330352,440449523.66,12258162217.0,10948968835.6
2015-06-30,'002512,达华智能,32.99,35.5,30.91,30.91,34.34,-1.35,-3.9313,2.7208,8609757,277317298.74,11687767963.5,10439493696.1
2015-06-29,'002512,达华智能,34.34,39.0,34.34,38.52,38.16,-3.82,-10.0105,0.7539,2385710,82843153.65,12166048859.3,10866693347.2
2015-06-26,'002512,达华智能,38.16,41.01,38.16,41.0,42.4,-4.24,-10.0,1.517,4800380,185080039.85,13519406653.2,12075510137.8
2015-06-25,'002512,达华智能,42.4,44.09,41.0,44.0,44.1,-1.7,-3.8549,2.0269,6414131,273455557.69,15021562948.0,13417233486.4
2015-06-24,'002512,达华智能,44.1,45.3,42.8,44.0,44.0,0.1,0.2273,1.997,6319546,278453417.88,15623842594.5,13955188602.6
2015-06-23,'002512,达华智能,44.0,46.49,40.5,45.0,45.0,-1.0,-2.2222,2.4685,7811411,331795145.64,15588414380.0,13923544184.0
2015-06-19,'002512,达华智能,45.0,47.77,43.2,44.6,47.86,-2.86,-5.9758,3.7223,11779062,534999405.48,15942696525.0,14239988370.0
2015-06-18,'002512,达华智能,47.86,47.86,43.8,47.86,43.51,4.35,9.9977,5.4854,17358290,810615081.77,16955943459.7,15145018742.0
2015-06-17,'002512,达华智能,43.51,43.51,43.51,43.51,39.55,3.96,10.0126,0.0991,313711,13649565.61,15414816129.0,13768486532.9
2015-06-16,'002512,达华智能,39.55,39.55,39.55,39.55,35.95,3.6,10.0139,0.1171,370497,14653156.35,14011858834.8,12515367556.3
2015-06-15,'002512,达华智能,35.95,35.95,35.95,35.95,32.68,3.27,10.0061,0.0495,156651,5631603.45,12736443112.8,11376168486.7
2015-06-12,'002512,达华智能,32.68,32.68,32.68,32.68,29.71,2.97,9.9966,0.0018,5609,183302.12,11577940498.6,10341395998.5
2015-06-11,'002512,达华智能,29.71,29.71,29.71,29.71,27.01,2.7,9.9963,0.0016,5121,152144.91,10525722528.0,9401556766.06
2015-06-10,'002512,达华智能,27.01,27.01,27.01,27.01,24.55,2.46,10.0204,0.0002,765,20662.65,9569160736.45,8547157463.86
2015-06-09,'002512,达华智能,24.55,24.55,24.55,24.55,22.32,2.23,9.991,0.033,104393,2562848.15,8697626659.75,7768704766.3
2015-06-08,'002512,达华智能,22.32,22.32,22.32,22.32,20.29,2.03,10.0049,0.0037,11840,264268.8,7907577476.4,7063034231.52
2015-06-05,'002512,达华智能,0.0,0.0,0.0,0.0,20.29,None,None,0.0,0,0.0,7188384722.05,6420652533.94
2015-06-04,'002512,达华智能,0.0,0.0,0.0,0.0,20.29,None,None,0.0,0,0.0,7188384722.05,6420652533.94
2015-06-03,'002512,达华智能,0.0,0.0,0.0,0.0,20.29,None,None,0.0,0,0.0,7188384722.05,6420652533.94
2015-06-02,'002512,达华智能,0.0,0.0,0.0,0.0,20.29,None,None,0.0,0,0.0,7188384722.05,6420652533.94
2015-06-01,'002512,达华智能,0.0,0.0,0.0,0.0,20.29,None,None,0.0,0,0.0,7188384722.05,6420652533.94
2015-05-29,'002512,达华智能,0.0,0.0,0.0,0.0,20.29,None,None,0.0,0,0.0,7188384722.05,6420652533.94
2015-05-28,'002512,达华智能,0.0,0.0,0.0,0.0,20.29,None,None,0.0,0,0.0,7188384722.05,6420652533.94
2015-05-27,'002512,达华智能,0.0,0.0,0.0,0.0,20.29,None,None,0.0,0,0.0,7188384722.05,6420652533.94
2015-05-26,'002512,达华智能,0.0,0.0,0.0,0.0,20.29,None,None,0.0,0,0.0,7188384722.05,6420652533.94
2015-05-25,'002512,达华智能,0.0,0.0,0.0,0.0,20.29,None,None,0.0,0,0.0,7188384722.05,6420652533.94
2015-05-22,'002512,达华智能,0.0,0.0,0.0,0.0,20.29,None,None,0.0,0,0.0,7188384722.05,6420652533.94
2015-05-21,'002512,达华智能,0.0,0.0,0.0,0.0,20.29,None,None,0.0,0,0.0,7188384722.05,6420652533.94
2015-05-20,'002512,达华智能,0.0,0.0,0.0,0.0,20.29,None,None,0.0,0,0.0,7188384722.05,6420652533.94
2015-05-19,'002512,达华智能,0.0,0.0,0.0,0.0,20.39,None,None,0.0,0,0.0,7223812936.55,6452296952.54
2015-05-18,'002512,达华智能,0.0,0.0,0.0,0.0,20.39,None,None,0.0,0,0.0,7223812936.55,6452296952.54
2015-05-15,'002512,达华智能,0.0,0.0,0.0,0.0,20.39,None,None,0.0,0,0.0,7223812936.55,6452296952.54
2015-05-14,'002512,达华智能,0.0,0.0,0.0,0.0,20.39,None,None,0.0,0,0.0,7223812936.55,6452296952.54
2015-05-13,'002512,达华智能,0.0,0.0,0.0,0.0,20.39,None,None,0.0,0,0.0,7223812936.55,6452296952.54
2015-05-12,'002512,达华智能,0.0,0.0,0.0,0.0,20.39,None,None,0.0,0,0.0,7223812936.55,6452296952.54
2015-05-11,'002512,达华智能,0.0,0.0,0.0,0.0,20.39,None,None,0.0,0,0.0,7223812936.55,6452296952.54
2015-05-08,'002512,达华智能,0.0,0.0,0.0,0.0,20.39,None,None,0.0,0,0.0,7223812936.55,6452296952.54
2015-05-07,'002512,达华智能,0.0,0.0,0.0,0.0,20.39,None,None,0.0,0,0.0,7223812936.55,6452296952.54
2015-05-06,'002512,达华智能,0.0,0.0,0.0,0.0,20.39,None,None,0.0,0,0.0,7223812936.55,6452296952.54
2015-05-05,'002512,达华智能,0.0,0.0,0.0,0.0,20.39,None,None,0.0,0,0.0,7223812936.55,6452296952.54
2015-05-04,'002512,达华智能,0.0,0.0,0.0,0.0,20.39,None,None,0.0,0,0.0,7223812936.55,6452296952.54
2015-04-30,'002512,达华智能,0.0,0.0,0.0,0.0,20.39,None,None,0.0,0,0.0,7223812936.55,6452296952.54
2015-04-29,'002512,达华智能,0.0,0.0,0.0,0.0,20.39,None,None,0.0,0,0.0,7223812936.55,6452296952.54
2015-04-28,'002512,达华智能,0.0,0.0,0.0,0.0,20.39,None,None,0.0,0,0.0,7223812936.55,6452296952.54
2015-04-27,'002512,达华智能,0.0,0.0,0.0,0.0,20.39,None,None,0.0,0,0.0,7223812936.55,6452296952.54
2015-04-24,'002512,达华智能,0.0,0.0,0.0,0.0,20.39,None,None,0.0,0,0.0,7223812936.55,6452296952.54
2015-04-23,'002512,达华智能,0.0,0.0,0.0,0.0,20.39,None,None,0.0,0,0.0,7223812936.55,6452296952.54
2015-04-22,'002512,达华智能,0.0,0.0,0.0,0.0,20.39,None,None,0.0,0,0.0,7223812936.55,6452296952.54
2015-04-21,'002512,达华智能,0.0,0.0,0.0,0.0,20.39,None,None,0.0,0,0.0,7223812936.55,6452296952.54
2015-04-20,'002512,达华智能,0.0,0.0,0.0,0.0,20.39,None,None,0.0,0,0.0,7223812936.55,6452296952.54
2015-04-17,'002512,达华智能,0.0,0.0,0.0,0.0,20.39,None,None,0.0,0,0.0,7223812936.55,6452296952.54
2015-04-16,'002512,达华智能,0.0,0.0,0.0,0.0,20.39,None,None,0.0,0,0.0,7223812936.55,6452296952.54
2015-04-15,'002512,达华智能,0.0,0.0,0.0,0.0,20.39,None,None,0.0,0,0.0,7223812936.55,6452296952.54
2015-04-14,'002512,达华智能,0.0,0.0,0.0,0.0,20.39,None,None,0.0,0,0.0,7223812936.55,6452296952.54
2015-04-13,'002512,达华智能,0.0,0.0,0.0,0.0,20.39,None,None,0.0,0,0.0,7223812936.55,6452296952.54
2015-04-10,'002512,达华智能,0.0,0.0,0.0,0.0,20.39,None,None,0.0,0,0.0,7223812936.55,6452296952.54
2015-04-09,'002512,达华智能,0.0,0.0,0.0,0.0,20.39,None,None,0.0,0,0.0,7223812936.55,6452296952.54
2015-04-08,'002512,达华智能,0.0,0.0,0.0,0.0,20.39,None,None,0.0,0,0.0,7223812936.55,6452296952.54
2015-04-07,'002512,达华智能,0.0,0.0,0.0,0.0,20.39,None,None,0.0,0,0.0,7223812936.55,6452296952.54
2015-04-03,'002512,达华智能,0.0,0.0,0.0,0.0,20.39,None,None,0.0,0,0.0,7223812936.55,6452296952.54
2015-04-02,'002512,达华智能,0.0,0.0,0.0,0.0,20.39,None,None,0.0,0,0.0,7223812936.55,6452296952.54
2015-04-01,'002512,达华智能,0.0,0.0,0.0,0.0,20.39,None,None,0.0,0,0.0,7223812936.55,6452296952.54
2015-03-31,'002512,达华智能,0.0,0.0,0.0,0.0,20.39,None,None,0.0,0,0.0,7223812936.55,6452296952.54
2015-03-30,'002512,达华智能,0.0,0.0,0.0,0.0,20.39,None,None,0.0,0,0.0,7223812936.55,6452296952.54
2015-03-27,'002512,达华智能,0.0,0.0,0.0,0.0,20.39,None,None,0.0,0,0.0,7223812936.55,6452296952.54
2015-03-26,'002512,达华智能,0.0,0.0,0.0,0.0,20.39,None,None,0.0,0,0.0,7223812936.55,6452296952.54
2015-03-25,'002512,达华智能,0.0,0.0,0.0,0.0,20.39,None,None,0.0,0,0.0,7223812936.55,6452296952.54
2015-03-24,'002512,达华智能,0.0,0.0,0.0,0.0,20.39,None,None,0.0,0,0.0,7223812936.55,6452296952.54
2015-03-23,'002512,达华智能,0.0,0.0,0.0,0.0,20.39,None,None,0.0,0,0.0,7223812936.55,6452296952.54
2015-03-20,'002512,达华智能,0.0,0.0,0.0,0.0,20.39,None,None,0.0,0,0.0,7223812936.55,6452296952.54
2015-03-19,'002512,达华智能,0.0,0.0,0.0,0.0,20.39,None,None,0.0,0,0.0,7223812936.55,6452296952.54
2015-03-18,'002512,达华智能,0.0,0.0,0.0,0.0,20.39,None,None,0.0,0,0.0,7223812936.55,6452296952.54
2015-03-17,'002512,达华智能,0.0,0.0,0.0,0.0,20.39,None,None,0.0,0,0.0,7223812936.55,6452296952.54
2015-03-16,'002512,达华智能,0.0,0.0,0.0,0.0,20.39,None,None,0.0,0,0.0,7223812936.55,6452296952.54
2015-03-13,'002512,达华智能,0.0,0.0,0.0,0.0,20.39,None,None,0.0,0,0.0,7223812936.55,6452296952.54
2015-03-12,'002512,达华智能,0.0,0.0,0.0,0.0,20.39,None,None,0.0,0,0.0,7223812936.55,6452296952.54
2015-03-11,'002512,达华智能,0.0,0.0,0.0,0.0,20.39,None,None,0.0,0,0.0,7223812936.55,6452296952.54
2015-03-10,'002512,达华智能,0.0,0.0,0.0,0.0,20.39,None,None,0.0,0,0.0,7223812936.55,6452296952.54
2015-03-09,'002512,达华智能,0.0,0.0,0.0,0.0,20.39,None,None,0.0,0,0.0,7223812936.55,6452296952.54
2015-03-06,'002512,达华智能,0.0,0.0,0.0,0.0,20.39,None,None,0.0,0,0.0,7223812936.55,6495923682.0
2015-03-05,'002512,达华智能,0.0,0.0,0.0,0.0,20.39,None,None,0.0,0,0.0,7223812936.55,6495923682.0
2015-03-04,'002512,达华智能,0.0,0.0,0.0,0.0,20.39,None,None,0.0,0,0.0,7223812936.55,6495923682.0
2015-03-03,'002512,达华智能,0.0,0.0,0.0,0.0,20.39,None,None,0.0,0,0.0,7223812936.55,6495923682.0
2015-03-02,'002512,达华智能,0.0,0.0,0.0,0.0,20.39,None,None,0.0,0,0.0,7223812936.55,6495923682.0
2015-02-27,'002512,达华智能,0.0,0.0,0.0,0.0,20.39,None,None,0.0,0,0.0,7223812936.55,6495923682.0
2015-02-26,'002512,达华智能,0.0,0.0,0.0,0.0,20.39,None,None,0.0,0,0.0,7223812936.55,6495923682.0
2015-02-25,'002512,达华智能,0.0,0.0,0.0,0.0,20.39,None,None,0.0,0,0.0,7223812936.55,6495923682.0
2015-02-17,'002512,达华智能,0.0,0.0,0.0,0.0,20.39,None,None,0.0,0,0.0,7223812936.55,6495923682.0
2015-02-16,'002512,达华智能,0.0,0.0,0.0,0.0,20.39,None,None,0.0,0,0.0,7223812936.55,6495923682.0
2015-02-13,'002512,达华智能,0.0,0.0,0.0,0.0,20.39,None,None,0.0,0,0.0,7223812936.55,6495923682.0
2015-02-12,'002512,达华智能,0.0,0.0,0.0,0.0,20.39,None,None,0.0,0,0.0,7223812936.55,6495923682.0
2015-02-11,'002512,达华智能,0.0,0.0,0.0,0.0,20.39,None,None,0.0,0,0.0,7223812936.55,6495923682.0
2015-02-10,'002512,达华智能,0.0,0.0,0.0,0.0,20.39,None,None,0.0,0,0.0,7223812936.55,6495923682.0
2015-02-09,'002512,达华智能,0.0,0.0,0.0,0.0,20.39,None,None,0.0,0,0.0,7223812936.55,6495923682.0
2015-02-06,'002512,达华智能,0.0,0.0,0.0,0.0,20.39,None,None,0.0,0,0.0,7223812936.55,6495923682.0
2015-02-05,'002512,达华智能,0.0,0.0,0.0,0.0,20.39,None,None,0.0,0,0.0,7223812936.55,6495923682.0
2015-02-04,'002512,达华智能,0.0,0.0,0.0,0.0,20.39,None,None,0.0,0,0.0,7223812936.55,6495923682.0
2015-02-03,'002512,达华智能,0.0,0.0,0.0,0.0,20.39,None,None,0.0,0,0.0,7223812936.55,6495923682.0
2015-02-02,'002512,达华智能,0.0,0.0,0.0,0.0,20.39,None,None,0.0,0,0.0,7223812936.55,6495923682.0
2015-01-30,'002512,达华智能,0.0,0.0,0.0,0.0,20.39,None,None,0.0,0,0.0,7223812936.55,6495923682.0
2015-01-29,'002512,达华智能,0.0,0.0,0.0,0.0,20.39,None,None,0.0,0,0.0,7223812936.55,6495923682.0
2015-01-28,'002512,达华智能,0.0,0.0,0.0,0.0,20.39,None,None,0.0,0,0.0,7223812936.55,6495923682.0
2015-01-27,'002512,达华智能,0.0,0.0,0.0,0.0,20.39,None,None,0.0,0,0.0,7223812936.55,6495923682.0
2015-01-26,'002512,达华智能,0.0,0.0,0.0,0.0,20.39,None,None,0.0,0,0.0,7223812936.55,6495923682.0
2015-01-23,'002512,达华智能,0.0,0.0,0.0,0.0,20.39,None,None,0.0,0,0.0,7223812936.55,6495923682.0
2015-01-22,'002512,达华智能,0.0,0.0,0.0,0.0,20.39,None,None,0.0,0,0.0,7223812936.55,6495923682.0
2015-01-21,'002512,达华智能,0.0,0.0,0.0,0.0,20.39,None,None,0.0,0,0.0,7223812936.55,6495923682.0
2015-01-20,'002512,达华智能,0.0,0.0,0.0,0.0,20.39,None,None,0.0,0,0.0,7223812936.55,6495923682.0
2015-01-19,'002512,达华智能,0.0,0.0,0.0,0.0,20.39,None,None,0.0,0,0.0,7223812936.55,6495923682.0
2015-01-16,'002512,达华智能,0.0,0.0,0.0,0.0,20.39,None,None,0.0,0,0.0,7223812936.55,6495923682.0
2015-01-15,'002512,达华智能,0.0,0.0,0.0,0.0,20.39,None,None,0.0,0,0.0,7223812936.55,6495923682.0
2015-01-14,'002512,达华智能,0.0,0.0,0.0,0.0,20.39,None,None,0.0,0,0.0,7223812936.55,6495923682.0
2015-01-13,'002512,达华智能,0.0,0.0,0.0,0.0,20.39,None,None,0.0,0,0.0,7223812936.55,6495923682.0
2015-01-12,'002512,达华智能,0.0,0.0,0.0,0.0,20.39,None,None,0.0,0,0.0,7223812936.55,6495923682.0
2015-01-09,'002512,达华智能,0.0,0.0,0.0,0.0,20.39,None,None,0.0,0,0.0,7223812936.55,6495923682.0
2015-01-08,'002512,达华智能,0.0,0.0,0.0,0.0,20.39,None,None,0.0,0,0.0,7223812936.55,6495923682.0
2015-01-07,'002512,达华智能,0.0,0.0,0.0,0.0,20.39,None,None,0.0,0,0.0,7223812936.55,6495923682.0
2015-01-06,'002512,达华智能,0.0,0.0,0.0,0.0,20.39,None,None,0.0,0,0.0,7223812936.55,6495923682.0
2015-01-05,'002512,达华智能,0.0,0.0,0.0,0.0,20.39,None,None,0.0,0,0.0,7223812936.55,6495923682.0
2014-12-31,'002512,达华智能,0.0,0.0,0.0,0.0,20.39,None,None,0.0,0,0.0,7223812936.55,6495923682.0
2014-12-30,'002512,达华智能,0.0,0.0,0.0,0.0,20.39,None,None,0.0,0,0.0,7223812936.55,6495923682.0
2014-12-29,'002512,达华智能,0.0,0.0,0.0,0.0,20.39,None,None,0.0,0,0.0,7223812936.55,6495923682.0
2014-12-26,'002512,达华智能,0.0,0.0,0.0,0.0,20.39,None,None,0.0,0,0.0,7223812936.55,6495923682.0
2014-12-25,'002512,达华智能,0.0,0.0,0.0,0.0,20.39,None,None,0.0,0,0.0,7223812936.55,6495923682.0
2014-12-24,'002512,达华智能,0.0,0.0,0.0,0.0,20.39,None,None,0.0,0,0.0,7223812936.55,6495923682.0
2014-12-23,'002512,达华智能,0.0,0.0,0.0,0.0,20.39,None,None,0.0,0,0.0,7223812936.55,6495923682.0
2014-12-22,'002512,达华智能,0.0,0.0,0.0,0.0,20.39,None,None,0.0,0,0.0,7223812936.55,6495923682.0
2014-12-19,'002512,达华智能,0.0,0.0,0.0,0.0,20.39,None,None,0.0,0,0.0,7223812936.55,6495923682.0
2014-12-18,'002512,达华智能,0.0,0.0,0.0,0.0,20.39,None,None,0.0,0,0.0,7223812936.55,6495923682.0
2014-12-17,'002512,达华智能,0.0,0.0,0.0,0.0,20.39,None,None,0.0,0,0.0,7223812936.55,6495923682.0
2014-12-16,'002512,达华智能,0.0,0.0,0.0,0.0,20.39,None,None,0.0,0,0.0,7223812936.55,6495923682.0
2014-12-15,'002512,达华智能,0.0,0.0,0.0,0.0,20.39,None,None,0.0,0,0.0,7223812936.55,6495923682.0
2014-12-12,'002512,达华智能,0.0,0.0,0.0,0.0,20.39,None,None,0.0,0,0.0,7223812936.55,6495923682.0
2014-12-11,'002512,达华智能,0.0,0.0,0.0,0.0,20.39,None,None,0.0,0,0.0,7223812936.55,6495923682.0
2014-12-10,'002512,达华智能,0.0,0.0,0.0,0.0,20.39,None,None,0.0,0,0.0,7223812936.55,6495923682.0
2014-12-09,'002512,达华智能,0.0,0.0,0.0,0.0,20.39,None,None,0.0,0,0.0,7223812936.55,6495923682.0
2014-12-08,'002512,达华智能,0.0,0.0,0.0,0.0,20.39,None,None,0.0,0,0.0,7223812936.55,6495923682.0
2014-12-05,'002512,达华智能,0.0,0.0,0.0,0.0,20.39,None,None,0.0,0,0.0,7223812936.55,6495923682.0
2014-12-04,'002512,达华智能,0.0,0.0,0.0,0.0,20.39,None,None,0.0,0,0.0,7223812936.55,6495923682.0
2014-12-03,'002512,达华智能,0.0,0.0,0.0,0.0,20.39,None,None,0.0,0,0.0,7223812936.55,6495923682.0
2014-12-02,'002512,达华智能,0.0,0.0,0.0,0.0,20.39,None,None,0.0,0,0.0,7223812936.55,6495923682.0
2014-12-01,'002512,达华智能,0.0,0.0,0.0,0.0,20.39,None,None,0.0,0,0.0,7223812936.55,6495923682.0
2014-11-28,'002512,达华智能,0.0,0.0,0.0,0.0,20.39,None,None,0.0,0,0.0,7223812936.55,6495923682.0
2014-11-27,'002512,达华智能,0.0,0.0,0.0,0.0,20.39,None,None,0.0,0,0.0,7223812936.55,6495923682.0
2014-11-26,'002512,达华智能,0.0,0.0,0.0,0.0,20.39,None,None,0.0,0,0.0,7223812936.55,6495923682.0
2014-11-25,'002512,达华智能,0.0,0.0,0.0,0.0,20.39,None,None,0.0,0,0.0,7223812936.55,6495923682.0
2014-11-24,'002512,达华智能,0.0,0.0,0.0,0.0,20.39,None,None,0.0,0,0.0,7223812936.55,6495923682.0
2014-11-21,'002512,达华智能,0.0,0.0,0.0,0.0,20.39,None,None,0.0,0,0.0,7223812936.55,6495923682.0
2014-11-20,'002512,达华智能,0.0,0.0,0.0,0.0,20.39,None,None,0.0,0,0.0,7223812936.55,6495923682.0
2014-11-19,'002512,达华智能,0.0,0.0,0.0,0.0,20.39,None,None,0.0,0,0.0,7223812936.55,6495923682.0
2014-11-18,'002512,达华智能,20.39,20.39,19.8,19.99,19.94,0.45,2.2568,0.6606,2104481,42467297.67,7223812936.55,6495923682.0
2014-11-17,'002512,达华智能,19.94,19.96,19.04,19.04,19.04,0.9,4.7269,0.9733,3100666,60940701.9,7064385971.3,6352560972.0
2014-11-14,'002512,达华智能,19.04,19.26,18.7,19.11,19.11,-0.07,-0.3663,0.591,1882935,35793914.89,6745532040.8,6065835552.0
2014-11-13,'002512,达华智能,19.11,19.89,18.84,19.28,19.26,-0.15,-0.7788,0.9037,2879047,55930848.64,6770331790.95,6088136418.0
2014-11-12,'002512,达华智能,19.26,19.45,18.9,19.06,19.3,-0.04,-0.2073,0.4189,1334533,25698990.83,6823474112.7,6135923988.0
2014-11-11,'002512,达华智能,19.3,20.09,18.22,20.09,20.1,-0.8,-3.9801,1.6398,5224238,100402215.58,6837645398.5,6148667340.0
2014-11-10,'002512,达华智能,20.1,20.47,19.72,20.42,20.31,-0.21,-1.034,1.1044,3518391,70025787.51,7121071114.5,6403534380.0
2014-11-07,'002512,达华智能,20.31,20.86,20.3,20.49,20.49,-0.18,-0.8785,0.799,2545470,52296253.24,7195470364.95,6470436978.0
2014-11-06,'002512,达华智能,20.49,20.76,20.3,20.5,20.49,0.0,0.0,1.0551,3361473,68892495.54,7259241151.05,6527782062.0
2014-11-05,'002512,达华智能,20.49,21.2,20.4,20.88,21.04,-0.55,-2.6141,0.9748,3105620,63910884.22,7259241151.05,6527782062.0
2014-11-04,'002512,达华智能,21.04,21.7,20.8,20.98,20.78,0.26,1.2512,1.2456,3968266,84321266.39,7454096330.8,6703003152.0
2014-11-03,'002512,达华智能,20.78,20.85,20.4,20.75,20.82,-0.04,-0.1921,0.7801,2485147,51313227.63,7361982973.1,6620171364.0
2014-10-31,'002512,达华智能,20.82,21.16,20.5,20.96,20.95,-0.13,-0.6205,1.2785,4073136,84478374.55,7376154258.9,6632914716.0
2014-10-30,'002512,达华智能,20.95,20.96,19.61,19.61,19.59,1.36,6.9423,2.8463,9067896,186093117.55,7422210937.75,6674330610.0
2014-10-29,'002512,达华智能,19.59,19.92,19.45,19.67,19.68,-0.09,-0.4573,1.0474,3336788,65506585.65,6940387220.55,6241056642.0
2014-10-28,'002512,达华智能,19.68,19.72,19.2,19.2,19.2,0.48,2.5,0.9577,3051083,59378646.04,6972272613.6,6269729184.0
2014-10-27,'002512,达华智能,19.2,19.48,18.97,19.48,19.23,-0.03,-0.156,0.4731,1507340,28976738.4,6802217184.0,6116808960.0
2014-10-24,'002512,达华智能,19.23,19.85,18.61,19.29,19.45,-0.22,-1.1311,0.9605,3060032,59239309.21,6812845648.35,6126366474.0
2014-10-23,'002512,达华智能,19.45,20.15,19.27,19.6,19.56,-0.11,-0.5624,1.2677,4038620,79473947.04,6890787720.25,6196454910.0
2014-10-22,'002512,达华智能,19.56,19.95,18.85,18.9,19.0,0.56,2.9474,1.4749,4698915,91761701.25,6929758756.2,6231499128.0
2014-10-21,'002512,达华智能,19.0,19.38,18.75,18.75,18.72,0.28,1.4957,1.5609,4972822,94822758.89,6731360755.0,6053092200.0
2014-10-20,'002512,达华智能,18.72,19.11,18.4,19.11,19.07,-0.35,-1.8353,1.655,5272495,98662113.81,6632161754.4,5963888736.0
2014-10-17,'002512,达华智能,19.07,19.2,18.57,18.93,18.92,0.15,0.7928,1.0277,3273950,61529548.24,6756160505.15,6075393066.0
2014-10-16,'002512,达华智能,18.92,19.5,18.85,19.2,19.1,-0.18,-0.9424,0.8607,2742073,52203205.88,6703018183.4,6027605496.0
2014-10-15,'002512,达华智能,19.1,19.52,18.88,19.49,19.34,-0.24,-1.241,0.9333,2973402,56781460.33,6766788969.5,6084950580.0
2014-10-14,'002512,达华智能,19.34,20.2,19.05,19.29,19.4,-0.06,-0.3093,1.8435,5872950,115138428.95,6851816684.3,6161410692.0
2014-10-13,'002512,达华智能,19.4,19.45,18.65,19.19,19.27,0.13,0.6746,1.7868,5692426,108252718.47,6873073613.0,6180525720.0
2014-10-10,'002512,达华智能,19.27,19.5,18.4,18.4,18.33,0.94,5.1282,2.7996,8919077,169818932.1,6827016934.15,6139109826.0
2014-10-09,'002512,达华智能,18.33,18.47,17.9,18.2,18.17,0.16,0.8806,2.986,9513057,172490353.11,6493991717.85,5839641054.0
2014-10-08,'002512,达华智能,18.17,18.39,17.18,17.3,17.23,0.94,5.4556,3.0216,9626198,170225593.03,6437306574.65,5788667646.0
2014-09-30,'002512,达华智能,17.23,17.46,17.1,17.15,17.23,0.0,0.0,1.3099,4172988,72156101.26,6104281358.35,5489198874.0
2014-09-29,'002512,达华智能,17.23,17.3,16.72,16.75,16.75,0.48,2.8657,1.3989,4456701,76291189.03,6104281358.35,5489198874.0
2014-09-26,'002512,达华智能,16.75,16.96,16.69,16.96,16.95,-0.2,-1.1799,1.2513,3986405,66808151.42,5934225928.75,5336278650.0
2014-09-25,'002512,达华智能,16.95,17.49,16.86,17.3,17.28,-0.33,-1.9097,1.5528,4946985,84377805.59,6005082357.75,5399995410.0
2014-09-24,'002512,达华智能,17.28,17.35,16.52,16.56,16.57,0.71,4.2849,2.2617,7205296,123329531.53,6121995465.6,5505128064.0
2014-09-23,'002512,达华智能,16.57,16.7,16.41,16.62,16.62,-0.05,-0.3008,1.3956,4446002,73650956.85,5870455142.65,5278933566.0
2014-09-22,'002512,达华智能,16.62,16.75,16.48,16.75,16.8,-0.18,-1.0714,1.1947,3806136,63065750.48,5888169249.9,5294862756.0
2014-09-19,'002512,达华智能,16.8,16.86,16.44,16.44,16.68,0.12,0.7194,1.0255,3267198,54534277.24,5951940036.0,5352207840.0
2014-09-18,'002512,达华智能,16.68,16.72,16.41,16.7,16.5,0.18,1.0909,1.156,3682933,60979512.6,5909426178.6,5313977784.0
2014-09-17,'002512,达华智能,16.5,16.88,16.2,16.76,16.74,-0.24,-1.4337,1.3062,4161219,68719458.11,5845655392.5,5256632700.0
2014-09-16,'002512,达华智能,16.74,17.25,16.69,17.06,17.15,-0.41,-2.3907,1.9522,6219258,105336823.93,5930683107.3,5333092812.0
2014-09-15,'002512,达华智能,17.15,17.51,16.8,16.97,16.92,0.23,1.3593,2.3635,7529843,129199291.01,6075938786.75,5463712170.0
2014-09-12,'002512,达华智能,16.92,17.05,16.6,16.69,16.66,0.26,1.5606,1.6819,5358350,90416624.6,5994453893.4,5390437896.0
2014-09-11,'002512,达华智能,16.66,16.84,16.65,16.79,16.79,-0.13,-0.7743,1.4976,4771020,79959724.92,5902340535.7,5307606108.0
2014-09-10,'002512,达华智能,16.79,16.96,16.49,16.79,16.8,-0.01,-0.0595,1.6586,5283900,88594069.05,5948397214.55,5349022002.0
2014-09-09,'002512,达华智能,16.8,17.06,16.57,16.91,16.91,-0.11,-0.6505,1.3342,4250596,71345392.07,5951940036.0,5352207840.0
2014-09-05,'002512,达华智能,16.91,17.18,16.7,16.96,16.96,-0.05,-0.2948,1.1191,3565383,60146363.13,5990911071.95,5387252058.0
2014-09-04,'002512,达华智能,16.96,17.18,16.85,17.18,17.19,-0.23,-1.338,1.593,5075065,86072411.88,6008625179.2,5403181248.0
2014-09-03,'002512,达华智能,17.19,17.3,17.03,17.26,17.18,0.01,0.0582,1.2077,3847463,66144496.61,6090110072.55,5476455522.0
2014-09-02,'002512,达华智能,17.18,17.25,16.98,17.13,17.04,0.14,0.8216,1.4418,4593329,78737785.04,6086567251.1,5473269684.0
2014-09-01,'002512,达华智能,17.04,17.33,16.8,16.9,16.96,0.08,0.4717,1.8713,5961614,101787993.79,6036967750.8,5428667952.0
2014-08-29,'002512,达华智能,16.96,17.1,16.8,16.8,16.85,0.11,0.6528,1.1625,3703426,62770052.31,6008625179.2,5403181248.0
2014-08-28,'002512,达华智能,16.85,17.2,16.5,16.5,16.62,0.23,1.3839,1.6108,5131776,85935817.02,5969654143.25,5368137030.0
2014-08-27,'002512,达华智能,16.62,16.8,16.45,16.77,16.76,-0.14,-0.8353,0.8029,2557944,42353096.29,5888169249.9,5294862756.0
2014-08-26,'002512,达华智能,16.76,17.25,16.55,16.65,16.75,0.01,0.0597,1.3561,4320399,72769587.07,5937768750.2,5339464488.0
2014-08-25,'002512,达华智能,16.75,16.89,16.17,16.8,16.8,-0.05,-0.2976,2.0839,6638861,109353141.82,5934225928.75,5336278650.0
2014-08-22,'002512,达华智能,16.8,17.16,16.6,16.99,16.99,-0.19,-1.1183,1.8452,5878578,98818877.58,5951940036.0,5352207840.0
2014-08-21,'002512,达华智能,16.99,17.39,16.8,17.39,17.4,-0.41,-2.3563,1.4384,4582576,78007718.65,6019253643.55,5412738762.0
2014-08-20,'002512,达华智能,17.4,17.44,17.03,17.36,17.38,0.02,0.1151,0.9302,2963522,51116348.17,6164509323.0,5543358120.0
2014-08-19,'002512,达华智能,17.38,17.56,16.81,16.9,16.99,0.39,2.2955,1.7109,5450680,93969950.03,6157423680.1,5536986444.0
2014-08-18,'002512,达华智能,16.99,17.05,16.45,16.45,16.48,0.51,3.0947,1.3528,4309916,72517860.66,6019253643.55,5412738762.0
2014-08-15,'002512,达华智能,16.48,16.63,16.11,16.63,16.5,-0.02,-0.1212,1.5159,4829330,79304510.05,5838569749.6,5250261024.0
2014-08-14,'002512,达华智能,16.5,16.69,15.88,16.03,16.03,0.47,2.932,2.3517,7491981,122538155.62,5845655392.5,5256632700.0
2014-08-13,'002512,达华智能,16.03,16.04,15.45,15.58,15.55,0.48,3.0868,2.1985,7004184,110928930.34,5679142784.35,5106898314.0
2014-08-12,'002512,达华智能,15.55,15.6,15.37,15.43,15.43,0.12,0.7777,0.9314,2967260,46027888.7,5509087354.75,4953978090.0
2014-08-11,'002512,达华智能,15.43,15.55,15.27,15.35,15.33,0.1,0.6523,0.9811,3125650,48234350.77,5466573497.35,4915748034.0
2014-08-08,'002512,达华智能,15.33,15.43,14.86,14.99,14.86,0.47,3.1629,1.2132,3865135,58877986.42,5431145282.85,4883889654.0
2014-08-07,'002512,达华智能,14.86,15.26,14.78,15.25,15.18,-0.32,-2.108,0.9707,3092340,46383807.4,5264632674.7,4734155268.0
2014-08-06,'002512,达华智能,15.18,15.31,14.93,15.02,15.04,0.14,0.9309,1.0607,3379268,51215807.44,5378002961.1,4836102084.0
2014-08-05,'002512,达华智能,15.04,15.05,14.78,14.9,14.86,0.18,1.2113,0.8512,2711841,40535334.82,5328403460.8,4791500352.0
2014-08-04,'002512,达华智能,14.86,14.98,14.7,14.8,14.68,0.18,1.2262,0.8207,2614481,38903070.39,5264632674.7,4734155268.0
2014-08-01,'002512,达华智能,14.68,14.95,14.57,14.76,14.75,-0.07,-0.4746,1.1401,3632159,53691014.8,5200861888.6,4676810184.0
2014-07-31,'002512,达华智能,14.75,14.8,14.38,14.45,14.64,0.11,0.7514,1.2107,3856955,56440749.98,5225661638.75,4699111050.0
2014-07-30,'002512,达华智能,14.64,14.64,14.28,14.58,14.62,0.02,0.1368,1.2029,3832308,55394548.91,5186690602.8,4664066832.0
2014-07-29,'002512,达华智能,14.62,14.87,14.51,14.6,14.6,0.02,0.137,1.5557,4956066,72955493.24,5179604959.9,4657695156.0
2014-07-28,'002512,达华智能,14.6,14.7,14.44,14.58,14.49,0.11,0.7591,1.0543,3358877,48987948.7,5172519317.0,4651323480.0
2014-07-25,'002512,达华智能,14.49,14.69,14.36,14.4,14.4,0.09,0.625,0.9024,2874743,41830015.22,5133548281.05,4616279262.0
2014-07-24,'002512,达华智能,14.4,14.47,14.16,14.3,14.4,0.0,0.0,1.1161,3555634,51002224.93,5101662888.0,4587606720.0
2014-07-23,'002512,达华智能,14.4,14.64,13.99,14.14,14.16,0.24,1.6949,1.7546,5589814,80023724.33,5101662888.0,4587606720.0
2014-07-22,'002512,达华智能,14.16,14.16,13.6,13.74,13.85,0.31,2.2383,1.2253,3903527,54204868.71,5016635173.2,4511146608.0
2014-07-21,'002512,达华智能,13.85,13.88,13.65,13.76,13.76,0.09,0.6541,0.4673,1488866,20477513.22,4906807708.25,4412385630.0
2014-07-18,'002512,达华智能,13.76,13.97,13.52,13.9,13.95,-0.19,-1.362,0.743,2367008,32684734.03,4874922315.2,4383713088.0
2014-07-17,'002512,达华智能,13.95,14.12,13.9,13.95,13.96,-0.01,-0.0716,0.564,1796728,25190690.59,4942235922.75,4444244010.0
2014-07-16,'002512,达华智能,13.96,14.07,13.8,13.98,14.08,-0.12,-0.8523,0.8611,2743391,38152212.56,4945778744.2,4447429848.0
2014-07-15,'002512,达华智能,14.08,14.24,13.95,14.17,14.17,-0.09,-0.6351,0.7113,2266005,31905354.47,4988292601.6,4485659904.0
2014-07-14,'002512,达华智能,14.17,14.19,13.98,14.0,13.99,0.18,1.2866,0.6937,2209984,31228720.85,5020177994.65,4514332446.0
2014-07-11,'002512,达华智能,13.99,14.09,13.86,13.98,13.87,0.12,0.8652,0.5864,1868303,26130854.86,4956407208.55,4456987362.0
2014-07-10,'002512,达华智能,13.87,14.03,13.85,13.92,13.91,-0.04,-0.2876,0.679,2163039,30118245.45,4913893351.15,4418757306.0
2014-07-09,'002512,达华智能,13.91,14.23,13.85,14.21,14.2,-0.29,-2.0423,1.2838,4089869,57314155.66,4928064636.95,4431500658.0
2014-07-08,'002512,达华智能,14.2,14.3,14.08,14.26,14.25,-0.05,-0.3509,0.9086,2894624,41053988.66,5030806459.0,4523889960.0
2014-07-07,'002512,达华智能,14.25,14.27,13.95,14.11,14.13,0.12,0.8493,1.1488,3659960,51779733.39,5048520566.25,4539819150.0
2014-07-04,'002512,达华智能,14.13,14.3,13.92,14.19,14.15,-0.02,-0.1413,1.0608,3379642,47502283.22,5006006708.85,4501589094.0
2014-07-03,'002512,达华智能,14.15,14.19,13.97,14.01,14.01,0.14,0.9993,1.3327,4245851,59883984.24,5013092351.75,4507960770.0
2014-07-02,'002512,达华智能,14.01,14.19,13.81,14.15,14.17,-0.16,-1.1291,0.904,2879862,40298632.9,4963492851.45,4463359038.0
2014-07-01,'002512,达华智能,14.17,14.23,13.95,14.19,14.05,0.12,0.8541,0.9781,3116154,43897170.09,5020177994.65,4514332446.0
2014-06-30,'002512,达华智能,14.05,14.18,13.59,13.78,13.73,0.32,2.3307,1.2028,3831782,53437898.89,4977664137.25,4476102390.0
2014-06-27,'002512,达华智能,13.73,13.9,13.47,13.68,13.68,0.05,0.3655,0.7609,2424210,33198656.19,4864293850.85,4374155574.0
2014-06-26,'002512,达华智能,13.68,13.76,13.35,13.39,13.42,0.26,1.9374,0.9608,3060955,41591515.12,4846579743.6,4358226384.0
2014-06-25,'002512,达华智能,13.42,13.53,13.27,13.42,13.49,-0.07,-0.5189,0.4794,1527167,20495763.67,4754466385.9,4275394596.0
2014-06-24,'002512,达华智能,13.49,13.69,13.31,13.4,13.35,0.14,1.0487,0.5442,1733773,23325543.18,4779266136.05,4297695462.0
2014-06-23,'002512,达华智能,13.35,13.82,13.29,13.55,13.55,-0.2,-1.476,0.7326,2333938,31623519.02,4729666635.75,4253093730.0
2014-06-20,'002512,达华智能,13.55,13.55,13.3,13.3,13.3,0.25,1.8797,0.4879,1554451,20942395.88,4800523064.75,4316810490.0
2014-06-19,'002512,达华智能,13.3,13.98,13.3,13.98,13.98,-0.68,-4.8641,0.8166,2601528,35324770.82,4711952528.5,4237164540.0
2014-06-18,'002512,达华智能,13.98,14.29,13.92,14.11,14.16,-0.18,-1.2712,0.6181,1969036,27706559.25,4952864387.1,4453801524.0
2014-06-17,'002512,达华智能,14.16,14.39,14.11,14.11,14.25,-0.09,-0.6316,0.6075,1935307,27503056.65,5016635173.2,4511146608.0
2014-06-16,'002512,达华智能,14.25,14.8,14.03,14.08,14.02,0.23,1.6405,1.0026,3194188,45831485.94,5048520566.25,4539819150.0
2014-06-13,'002512,达华智能,14.02,14.1,13.76,13.76,13.84,0.18,1.3006,1.0234,3260270,45671899.29,4967035672.9,4466544876.0
2014-06-12,'002512,达华智能,13.84,13.86,13.54,13.78,13.8,0.04,0.2899,0.6154,1960496,26837195.84,4903264886.8,4409199792.0
2014-06-11,'002512,达华智能,13.8,13.88,13.6,13.6,13.76,0.04,0.2907,0.4886,1556678,21435086.75,4889093601.0,4396456440.0
2014-06-10,'002512,达华智能,13.76,13.78,13.51,13.51,13.5,0.26,1.9259,0.5163,1644946,22493066.96,4874922315.2,4383713088.0
2014-06-09,'002512,达华智能,13.5,13.7,13.46,13.51,13.62,-0.12,-0.8811,0.3938,1254695,17024379.31,4782808957.5,4300881300.0
2014-06-06,'002512,达华智能,13.62,13.93,13.61,13.75,13.76,-0.14,-1.0174,0.4957,1579310,21777210.99,4825322814.9,4339111356.0
2014-06-05,'002512,达华智能,13.76,13.84,13.38,13.5,13.52,0.24,1.7751,0.5792,1845189,25118672.42,4874922315.2,4383713088.0
2014-06-04,'002512,达华智能,13.52,13.77,13.44,13.76,13.82,-0.3,-2.1708,0.5837,1859676,25246148.62,4789894600.4,4307252976.0
2014-06-03,'002512,达华智能,13.82,14.13,13.77,14.0,14.08,-0.26,-1.8466,0.671,2137664,29690548.59,4896179243.9,4402828116.0
2014-05-30,'002512,达华智能,14.08,14.17,13.7,13.74,13.69,0.39,2.8488,1.0504,3346470,46829076.9,4988292601.6,4485659904.0
2014-05-29,'002512,达华智能,13.69,13.89,13.61,13.8,13.91,-0.22,-1.5816,0.7164,2282304,31301804.0,4850122565.05,4361412222.0
2014-05-28,'002512,达华智能,13.91,13.94,13.4,13.46,13.4,0.51,3.806,1.1962,3810836,52276414.87,4928064636.95,4431500658.0
2014-05-27,'002512,达华智能,13.4,13.6,13.33,13.56,13.53,-0.13,-0.9608,0.478,1522767,20477607.15,4747380743.0,4269022920.0
2014-05-26,'002512,达华智能,13.53,13.7,13.37,13.39,13.37,0.16,1.1967,0.6381,2032882,27482387.28,4793437421.85,4310438814.0
2014-05-23,'002512,达华智能,13.37,13.4,13.11,13.11,13.16,0.21,1.5957,0.3905,1244198,16491551.79,4736752278.65,4259465406.0
2014-05-22,'002512,达华智能,13.16,13.4,13.15,13.25,13.21,-0.05,-0.3785,0.3591,1144039,15172736.62,4662353028.2,4192562808.0
2014-05-21,'002512,达华智能,13.21,13.29,12.91,13.08,13.04,0.17,1.3037,0.3492,1112396,14642591.66,4680067135.45,4208491998.0
2014-05-20,'002512,达华智能,13.04,13.33,13.0,13.1,13.03,0.01,0.0767,0.3321,1058134,13908195.51,4619839170.8,4154332752.0
2014-05-19,'002512,达华智能,13.03,13.04,12.7,12.83,12.9,0.13,1.0078,0.2891,921013,11822216.93,4616296349.35,4151146914.0
2014-05-16,'002512,达华智能,12.9,13.19,12.8,13.19,13.21,-0.31,-2.3467,0.5193,1654514,21413324.81,4570239670.5,4109731020.0
2014-05-15,'002512,达华智能,13.21,13.63,13.16,13.4,13.48,-0.27,-2.003,0.3905,1244150,16611410.76,4680067135.45,4208491998.0
2014-05-14,'002512,达华智能,13.48,13.48,13.27,13.45,13.45,0.03,0.223,0.4525,1441548,19291171.28,4775723314.6,4294509624.0
2014-05-13,'002512,达华智能,13.45,13.57,13.18,13.18,13.15,0.3,2.2814,0.8457,2694231,36227494.76,4765094850.25,4284952110.0
2014-05-12,'002512,达华智能,13.15,13.2,12.82,12.82,12.7,0.45,3.5433,0.6208,1977865,25688750.11,4658810206.75,4189376970.0
2014-05-09,'002512,达华智能,12.7,13.05,12.68,12.92,12.98,-0.28,-2.1572,0.4634,1476233,18906431.17,4499383241.5,4046014260.0
2014-05-08,'002512,达华智能,12.98,13.12,12.8,12.96,12.96,0.02,0.1543,0.5489,1748753,22666147.44,4598582242.1,4135217724.0
2014-05-07,'002512,达华智能,12.96,13.43,12.91,13.3,13.34,-0.38,-2.8486,0.5563,1772297,23400463.07,4591496599.2,4128846048.0
2014-05-06,'002512,达华智能,13.34,13.57,13.32,13.33,13.41,-0.07,-0.522,0.6789,2162942,29095578.63,4726123814.3,4249907892.0
2014-05-05,'002512,达华智能,13.41,13.41,13.07,13.12,13.12,0.29,2.2104,0.4927,1569755,20807132.46,4750923564.45,4272208758.0
2014-04-30,'002512,达华智能,13.12,13.29,13.0,13.13,13.13,-0.01,-0.0762,0.6669,2124749,27913919.3,4648181742.4,4179819456.0
2014-04-29,'002512,达华智能,13.13,13.73,12.58,13.6,13.58,-0.45,-3.3137,1.6044,5111324,67535455.14,4651724563.85,4183005294.0
2014-04-28,'002512,达华智能,13.58,14.93,13.58,14.92,15.09,-1.51,-10.0066,1.7785,5666000,79550155.43,4811151529.1,4326368004.0
2014-04-25,'002512,达华智能,15.09,15.56,15.03,15.31,15.4,-0.31,-2.013,0.9581,3052195,46513898.02,5346117568.05,4807429542.0
2014-04-24,'002512,达华智能,15.4,15.57,15.08,15.45,15.48,-0.08,-0.5168,1.0367,3302685,50707617.88,5455945033.0,4906190520.0
2014-04-23,'002512,达华智能,15.48,15.72,15.31,15.65,15.49,-0.01,-0.0646,0.9758,3108728,48148460.27,5484287604.6,4931677224.0
2014-04-22,'002512,达华智能,15.49,15.53,15.16,15.28,15.37,0.12,0.7807,1.1246,3582699,54910205.33,5487830426.05,4934863062.0
2014-04-21,'002512,达华智能,15.37,15.61,14.92,14.96,15.1,0.27,1.7881,2.1674,6905059,106341568.61,5445316568.65,4896633006.0
2014-04-18,'002512,达华智能,15.1,15.12,14.38,14.4,14.52,0.58,3.9945,1.0488,3341194,49576078.07,5349660389.5,4810615380.0
2014-04-17,'002512,达华智能,14.52,14.69,14.47,14.51,14.47,0.05,0.3455,0.4964,1581324,23013546.7,5144176745.4,4625836776.0
2014-04-16,'002512,达华智能,14.47,14.88,14.43,14.77,14.89,-0.42,-2.8207,0.8189,2608957,38157770.14,5126462638.15,4609907586.0
2014-04-15,'002512,达华智能,14.89,15.13,14.85,15.01,15.09,-0.2,-1.3254,0.6226,1983518,29635551.76,5275261139.05,4743712782.0
2014-04-14,'002512,达华智能,15.09,15.09,14.9,14.96,15.08,0.01,0.0663,0.5691,1812995,27174442.78,5346117568.05,4807429542.0
2014-04-11,'002512,达华智能,15.08,15.16,14.85,15.02,15.08,0.0,0.0,0.8605,2741317,41023416.91,5342574746.6,4804243704.0
2014-04-10,'002512,达华智能,15.08,15.5,14.93,14.97,15.03,0.05,0.3327,1.3074,4165057,63518558.58,5342574746.6,4804243704.0
2014-04-09,'002512,达华智能,15.03,15.12,14.73,14.85,14.79,0.24,1.6227,1.0857,3458947,51810792.03,5324860639.35,4788314514.0
2014-04-08,'002512,达华智能,14.79,14.81,14.37,14.37,14.49,0.3,2.0704,0.8393,2673999,39212779.52,5239832924.55,4711854402.0
2014-04-04,'002512,达华智能,14.49,14.59,14.25,14.33,14.39,0.1,0.6949,0.6019,1917631,27682540.36,5133548281.05,4616279262.0
2014-04-03,'002512,达华智能,14.39,14.65,14.22,14.55,14.52,-0.13,-0.8953,0.9983,3180548,45893940.42,5098120066.55,4584420882.0
2014-04-02,'002512,达华智能,14.52,14.81,14.39,14.67,14.68,-0.16,-1.0899,0.6555,2088335,30408291.94,5144176745.4,4625836776.0
2014-04-01,'002512,达华智能,14.68,14.71,14.35,14.35,14.4,0.28,1.9444,0.8047,2563587,37399377.0,5200861888.6,4676810184.0
2014-03-31,'002512,达华智能,14.4,14.76,14.15,14.61,14.61,-0.21,-1.4374,1.0389,3309704,47992777.96,5101662888.0,4587606720.0
2014-03-28,'002512,达华智能,14.61,15.14,14.47,15.14,15.14,-0.53,-3.5007,1.7346,5526149,81282765.26,5176062138.45,4654509318.0
2014-03-27,'002512,达华智能,15.14,15.78,15.08,15.5,15.53,-0.39,-2.5113,1.4957,4765022,73605901.81,5363831675.3,4823358732.0
2014-03-26,'002512,达华智能,15.53,16.02,15.5,15.98,15.88,-0.35,-2.204,1.4907,4749248,74840470.76,5502001711.85,4947606414.0
2014-03-25,'002512,达华智能,15.88,16.07,15.63,15.79,15.84,0.04,0.2525,1.2523,3989661,63109618.77,5626000462.6,5059110744.0
2014-03-24,'002512,达华智能,15.84,16.0,15.33,15.55,15.63,0.21,1.3436,1.5871,5056094,79183917.81,5611829176.8,5046367392.0
2014-03-21,'002512,达华智能,15.63,15.65,14.61,15.25,15.45,0.18,1.165,1.649,5253496,79468510.48,5537429926.35,4979464794.0
2014-03-20,'002512,达华智能,15.45,16.29,15.28,16.06,15.65,-0.2,-1.278,1.9413,6184758,98104421.0,5473659140.25,4922119710.0
2014-03-19,'002512,达华智能,15.65,15.65,15.13,15.39,15.39,0.26,1.6894,0.9472,3017516,46320611.17,5544515569.25,4985836470.0
2014-03-18,'002512,达华智能,15.39,15.53,14.74,14.8,14.81,0.58,3.9163,1.3687,4360344,66052454.39,5452402211.55,4903004682.0
2014-03-17,'002512,达华智能,14.81,14.98,14.45,14.45,14.6,0.21,1.4384,1.0524,3352839,49536063.88,5246918567.45,4718226078.0
2014-03-14,'002512,达华智能,14.6,14.78,14.39,14.49,14.54,0.06,0.4127,1.012,3223964,47045373.24,5172519317.0,4651323480.0
2014-03-13,'002512,达华智能,14.54,14.7,14.26,14.26,14.27,0.27,1.8921,0.8782,2797816,40513284.75,5151262388.3,4632208452.0
2014-03-12,'002512,达华智能,14.27,14.55,13.97,14.38,14.4,-0.13,-0.9028,0.9104,2900435,41180545.18,5055606209.15,4546190826.0
2014-03-11,'002512,达华智能,14.4,14.96,14.14,14.8,14.98,-0.58,-3.8718,1.9345,6163085,89061363.46,5101662888.0,4587606720.0
2014-03-10,'002512,达华智能,14.98,15.81,14.98,15.81,15.93,-0.95,-5.9636,1.5322,4881396,74890734.4,5307146532.1,4772385324.0
2014-03-07,'002512,达华智能,15.93,16.15,15.66,15.89,15.75,0.18,1.1429,1.0645,3391429,53898917.73,5643714569.85,5075039934.0
2014-03-06,'002512,达华智能,15.75,16.17,15.35,15.74,15.87,-0.12,-0.7561,1.4945,4761372,74879468.72,5579943783.75,5017694850.0
2014-03-05,'002512,达华智能,15.87,16.55,15.83,16.46,16.2,-0.33,-2.037,1.4518,4625122,74355876.01,5622457641.15,5055924906.0
2014-03-04,'002512,达华智能,16.2,16.51,15.81,16.01,16.31,-0.11,-0.6744,1.7281,5505317,88853127.62,5739370749.0,5161057560.0
2014-03-03,'002512,达华智能,16.31,16.31,15.6,15.6,15.68,0.63,4.0179,2.655,8458298,136317826.28,5778341784.95,5196101778.0
2014-02-28,'002512,达华智能,15.68,15.68,14.59,15.17,15.17,0.51,3.3619,1.7492,5572652,84580432.74,5555144033.6,4995393984.0
2014-02-27,'002512,达华智能,15.17,15.54,14.75,14.75,14.75,0.42,2.8475,1.9641,6257316,95218737.92,5374460139.65,4832916246.0
2014-02-26,'002512,达华智能,14.75,14.89,14.34,14.79,14.92,-0.17,-1.1394,1.5027,4787262,69935250.69,5225661638.75,4699111050.0
2014-02-25,'002512,达华智能,14.92,16.2,14.68,15.5,15.38,-0.46,-2.9909,3.6048,11484383,179936774.74,5285889603.4,4753270296.0
2014-02-24,'002512,达华智能,15.38,15.4,15.02,15.12,15.12,0.26,1.7196,1.6993,5413618,82467565.96,5448859390.1,4899818844.0
2014-02-21,'002512,达华智能,15.12,15.2,14.75,14.8,14.9,0.22,1.4765,1.1931,3800952,57020092.24,5356746032.4,4816987056.0
2014-02-20,'002512,达华智能,14.9,15.51,14.7,15.32,15.34,-0.44,-2.8683,1.862,5932092,88873910.53,5278803960.5,4746898620.0
2014-02-19,'002512,达华智能,15.34,15.79,15.2,15.5,15.62,-0.28,-1.7926,1.9446,6195169,95424551.88,5434688104.3,4887075492.0
2014-02-18,'002512,达华智能,15.62,16.0,15.4,15.65,15.59,0.03,0.1924,2.6219,8352832,131367695.79,5533887104.9,4976278956.0
2014-02-17,'002512,达华智能,15.59,15.63,14.98,15.07,15.08,0.51,3.382,2.6399,8410383,128588412.76,5523258640.55,4966721442.0
2014-02-14,'002512,达华智能,15.08,15.13,14.71,14.81,14.75,0.33,2.2373,1.6668,5310242,79424894.76,5342574746.6,4804243704.0
2014-02-13,'002512,达华智能,14.75,15.6,14.7,15.45,15.58,-0.83,-5.3273,2.4997,7963600,121311639.78,5225661638.75,4699111050.0
2014-02-12,'002512,达华智能,15.58,15.7,15.1,15.29,15.28,0.3,1.9634,2.2606,7201982,111420222.31,5519715819.1,4963535604.0
2014-02-11,'002512,达华智能,15.28,15.59,14.89,15.24,15.26,0.02,0.1311,2.6012,8287058,126517354.48,5413431175.6,4867960464.0
2014-02-10,'002512,达华智能,15.26,15.49,15.0,15.2,15.11,0.15,0.9927,2.7794,8854746,135735942.4,5406345532.7,4861588788.0
2014-02-07,'002512,达华智能,15.11,15.24,14.27,14.38,14.42,0.69,4.785,2.6763,8526228,126304797.49,5353203210.95,4813801218.0
2014-01-30,'002512,达华智能,14.42,14.68,14.28,14.3,14.29,0.13,0.9097,1.694,5396704,78182374.29,5108748530.9,4593978396.0
2014-01-29,'002512,达华智能,14.29,14.43,14.03,14.13,14.15,0.14,0.9894,1.5322,4881493,69362727.57,5062691852.05,4552562502.0
2014-01-28,'002512,达华智能,14.15,14.6,13.98,14.38,14.39,-0.24,-1.6678,1.647,5247012,74529355.42,5013092351.75,4507960770.0
2014-01-27,'002512,达华智能,14.39,14.59,13.9,14.0,14.1,0.29,2.0567,2.6478,8435612,120618664.49,5098120066.55,4584420882.0
2014-01-24,'002512,达华智能,14.1,14.55,14.05,14.25,14.29,-0.19,-1.3296,2.6569,8464298,120487195.63,4995378244.5,4492031580.0
2014-01-23,'002512,达华智能,14.29,14.43,14.08,14.3,14.34,-0.05,-0.3487,2.4745,7883462,112265395.32,5062691852.05,4552562502.0
2014-01-22,'002512,达华智能,14.34,14.49,13.86,13.9,14.06,0.28,1.9915,3.2359,10309194,146842797.67,5080405959.3,4568491692.0
2014-01-21,'002512,达华智能,14.06,14.21,13.62,13.7,13.92,0.14,1.0057,3.194,10175577,141775065.97,4981206958.7,4479288228.0
2014-01-20,'002512,达华智能,13.92,14.15,13.33,13.33,13.46,0.46,3.4175,3.7402,11915738,164548718.82,4931607458.4,4434686496.0
2014-01-17,'002512,达华智能,13.46,13.68,13.12,13.25,13.4,0.06,0.4478,1.8892,6018709,80880447.16,4768637671.7,4288137948.0
2014-01-16,'002512,达华智能,13.4,13.89,13.18,13.33,13.36,0.04,0.2994,3.5019,11156570,151442854.58,4747380743.0,4269022920.0
2014-01-15,'002512,达华智能,13.36,13.56,12.99,13.12,13.01,0.35,2.6902,4.892,15584983,207255003.01,4733209457.2,4256279568.0
2014-01-14,'002512,达华智能,13.01,13.1,12.29,12.3,12.28,0.73,5.9446,2.7814,8861108,112939307.74,4609210706.45,4144775238.0
2014-01-13,'002512,达华智能,12.28,12.7,12.18,12.7,12.72,-0.44,-3.4591,2.2457,7154288,88225830.57,4350584740.6,3912209064.0
2014-01-10,'002512,达华智能,12.72,13.55,12.67,13.14,13.4,-0.68,-5.0746,3.1827,10139656,133062950.52,4506468884.4,4052385936.0
2014-01-09,'002512,达华智能,13.4,13.4,12.76,12.93,13.18,0.22,1.6692,3.8837,12372772,161696889.69,4747380743.0,4269022920.0
2014-01-08,'002512,达华智能,13.18,13.45,12.8,13.05,12.56,0.62,4.9363,5.6593,18029502,237106384.19,4669438671.1,4198934484.0
2014-01-07,'002512,达华智能,12.56,12.65,12.06,12.39,12.45,0.11,0.8835,3.0181,9615117,119181059.89,4449783741.2,4001412528.0
2014-01-06,'002512,达华智能,12.45,12.68,11.81,12.25,12.45,0.0,0.0,3.2656,10403621,127923822.42,4410812705.25,3966368310.0
2014-01-03,'002512,达华智能,12.45,12.75,11.91,12.0,12.06,0.39,3.2338,3.0574,9740445,121007874.29,4410812705.25,3966368310.0
2014-01-02,'002512,达华智能,12.06,12.12,11.79,11.84,11.84,0.22,1.8581,1.5603,4970724,59506687.51,4272642668.7,3842120628.0
2013-12-31,'002512,达华智能,11.84,12.11,11.71,11.89,12.01,-0.17,-1.4155,0.9281,2956738,35332249.82,4194700596.8,3772032192.0
2013-12-30,'002512,达华智能,12.01,12.1,11.68,11.76,11.64,0.37,3.1787,1.2719,4052159,48228800.25,4254928561.45,3826191438.0
2013-12-27,'002512,达华智能,11.64,11.74,11.2,11.2,11.29,0.35,3.1001,1.231,3921821,45433431.41,4123844167.8,3708315432.0
2013-12-26,'002512,达华智能,11.29,11.65,11.26,11.63,11.62,-0.33,-2.8399,0.6011,1915121,21942509.47,3596811102.0,3596811102.0
2013-12-25,'002512,达华智能,11.62,11.66,11.33,11.5,11.44,0.18,1.5734,0.6063,1931438,22194015.54,3701943756.0,3701943756.0
2013-12-24,'002512,达华智能,11.44,11.48,11.15,11.15,11.17,0.27,2.4172,0.6052,1928096,21875500.18,3644598672.0,3644598672.0
2013-12-23,'002512,达华智能,11.17,11.39,10.99,11.27,11.26,-0.09,-0.7993,0.4986,1588359,17685046.84,3558581046.0,3558581046.0
2013-12-20,'002512,达华智能,11.26,11.86,11.26,11.75,11.75,-0.49,-4.1702,0.824,2625239,30047560.16,3587253588.0,3587253588.0
2013-12-19,'002512,达华智能,11.75,12.05,11.73,12.0,11.87,-0.12,-1.011,0.4869,1551115,18466398.14,3743359650.0,3743359650.0
2013-12-18,'002512,达华智能,11.87,12.29,11.81,12.29,12.29,-0.42,-3.4174,1.0817,3446092,41281062.22,3781589706.0,3781589706.0
2013-12-17,'002512,达华智能,12.29,12.39,12.1,12.2,12.13,0.16,1.319,0.9095,2897387,35561266.85,3915394902.0,3915394902.0
2013-12-16,'002512,达华智能,12.13,12.43,12.06,12.36,12.35,-0.22,-1.7814,0.8519,2714082,33161372.97,3864421494.0,3864421494.0
2013-12-13,'002512,达华智能,12.35,12.35,11.95,12.03,11.98,0.37,3.0885,1.5644,4983920,60987243.3,3934509930.0,3934509930.0
2013-12-12,'002512,达华智能,11.98,12.14,11.89,11.92,11.92,0.06,0.5034,0.7295,2323926,27970558.45,3816633924.0,3816633924.0
2013-12-11,'002512,达华智能,11.92,12.04,11.85,12.04,12.05,-0.13,-1.0788,0.5257,1674690,19947853.46,3797518896.0,3797518896.0
2013-12-10,'002512,达华智能,12.05,12.14,11.9,12.08,12.05,0.0,0.0,0.6143,1957167,23468660.77,3838934790.0,3838934790.0
2013-12-09,'002512,达华智能,12.05,12.09,11.88,11.89,11.88,0.17,1.431,0.9633,3069068,36692634.61,3838934790.0,3838934790.0
2013-12-06,'002512,达华智能,11.88,12.18,11.86,12.12,12.14,-0.26,-2.1417,0.9834,3133058,37502677.48,3784775544.0,3784775544.0
2013-12-05,'002512,达华智能,12.14,12.37,12.0,12.28,12.28,-0.14,-1.1401,0.7571,2412106,29353134.86,3867607332.0,3867607332.0
2013-12-04,'002512,达华智能,12.28,12.48,11.97,12.1,12.16,0.12,0.9868,1.6146,5143915,62897514.56,3912209064.0,3912209064.0
2013-12-03,'002512,达华智能,12.16,12.2,11.82,12.0,12.04,0.12,0.9967,3.0408,2463014,29615139.14,3873979008.0,984960000.0
2013-12-02,'002512,达华智能,12.04,13.03,12.04,12.95,13.38,-1.34,-10.0149,7.2202,5848369,72400257.22,3835748952.0,975240000.0
2013-11-29,'002512,达华智能,13.38,13.59,13.17,13.3,13.43,-0.05,-0.3723,5.81,4706090,62707938.31,4262651244.0,1083780000.0
2013-11-28,'002512,达华智能,13.43,13.45,13.0,13.16,13.18,0.25,1.8968,7.8114,6327239,83842991.69,4278580434.0,1087830000.0
2013-11-27,'002512,达华智能,13.18,13.38,12.8,12.99,12.92,0.26,2.0124,6.8836,5575727,73178794.37,4198934484.0,1067580000.0
2013-11-26,'002512,达华智能,12.92,12.98,12.33,12.52,12.52,0.4,3.1949,6.0136,4871022,62030853.12,4116102696.0,1046520000.0
2013-11-25,'002512,达华智能,12.52,12.8,12.24,12.38,12.29,0.23,1.8714,2.9024,2350978,29438134.81,3988669176.0,1014120000.0
2013-11-22,'002512,达华智能,12.29,12.49,12.17,12.4,12.38,-0.09,-0.727,2.8189,2283285,28080113.43,3915394902.0,995490000.0
2013-11-21,'002512,达华智能,12.38,12.66,12.34,12.66,12.69,-0.31,-2.4429,3.5697,2891467,35986401.73,3944067444.0,1002780000.0
2013-11-20,'002512,达华智能,12.69,12.74,12.47,12.59,12.55,0.14,1.1155,2.7762,2248749,28299166.37,4042828422.0,1027890000.0
2013-11-19,'002512,达华智能,12.55,12.69,12.45,12.51,12.53,0.02,0.1596,3.4446,2790134,35043220.56,3998226690.0,1016550000.0
2013-11-18,'002512,达华智能,12.53,12.55,12.21,12.3,12.19,0.34,2.7892,3.5473,2873295,35628459.51,3991855014.0,1014930000.0
2013-11-15,'002512,达华智能,12.19,12.47,11.93,12.0,12.1,0.09,0.7438,5.5342,4482725,54700651.8,3883536522.0,987390000.0
2013-11-14,'002512,达华智能,12.1,12.2,11.87,11.95,11.92,0.18,1.5101,6.5133,5275774,63537603.75,3854863980.0,980100000.0
2013-11-13,'002512,达华智能,11.92,12.55,11.86,12.43,12.59,-0.67,-5.3217,3.0782,2493342,30228403.88,3797518896.0,965520000.0
2013-11-12,'002512,达华智能,12.59,12.72,12.32,12.54,12.7,-0.11,-0.8661,1.6516,1337777,16711772.93,4010970042.0,1019790000.0
2013-11-11,'002512,达华智能,12.7,13.04,12.12,12.98,13.1,-0.4,-3.0534,3.0795,2494388,31411941.59,4046014260.0,1028700000.0
2013-11-08,'002512,达华智能,13.1,13.66,12.81,13.03,13.1,0.0,0.0,3.3927,2748106,36605825.8,4173447780.0,1061100000.0
2013-11-07,'002512,达华智能,13.1,14.1,12.99,13.5,12.9,0.2,1.5504,6.3941,5179248,69575862.14,4173447780.0,1061100000.0
2013-11-06,'002512,达华智能,0.0,0.0,0.0,0.0,12.9,None,None,0.0,0,0.0,4109731020.0,1044900000.0
2013-11-05,'002512,达华智能,0.0,0.0,0.0,0.0,12.9,None,None,0.0,0,0.0,4109731020.0,1044900000.0
2013-11-04,'002512,达华智能,0.0,0.0,0.0,0.0,12.9,None,None,0.0,0,0.0,4109731020.0,1044900000.0
2013-11-01,'002512,达华智能,0.0,0.0,0.0,0.0,12.9,None,None,0.0,0,0.0,4109731020.0,1044900000.0
2013-10-31,'002512,达华智能,0.0,0.0,0.0,0.0,12.9,None,None,0.0,0,0.0,4109731020.0,1044900000.0
2013-10-30,'002512,达华智能,12.9,12.98,12.5,12.62,12.62,0.28,2.2187,2.2817,1848187,23414116.16,4109731020.0,1044900000.0
2013-10-29,'002512,达华智能,12.62,13.53,12.2,13.36,13.35,-0.73,-5.4682,3.3281,2695779,34436918.17,4020527556.0,1022220000.0
2013-10-28,'002512,达华智能,13.35,13.59,13.26,13.33,13.27,0.08,0.6029,1.2081,978558,13132010.26,4253093730.0,1081350000.0
2013-10-25,'002512,达华智能,13.27,13.69,13.0,13.46,13.46,-0.19,-1.4116,2.53,2049329,27429969.41,4227607026.0,1074870000.0
2013-10-24,'002512,达华智能,13.46,13.81,13.43,13.43,13.3,0.16,1.203,2.2942,1858269,25258828.78,4288137948.0,1090260000.0
2013-10-23,'002512,达华智能,13.3,13.78,13.2,13.7,13.78,-0.48,-3.4833,3.5872,2905647,39069875.5,4237164540.0,1077300000.0
2013-10-22,'002512,达华智能,13.78,14.06,13.73,13.86,13.93,-0.15,-1.0768,3.0699,2486620,34503079.07,4390084764.0,1116180000.0
2013-10-21,'002512,达华智能,13.93,13.99,13.16,13.5,13.8,0.13,0.942,3.9393,3190829,43657729.05,4437872334.0,1128330000.0
2013-10-18,'002512,达华智能,13.8,13.93,13.52,13.67,13.67,0.13,0.951,2.2303,1806534,24815219.5,4396456440.0,1117800000.0
2013-10-17,'002512,达华智能,13.67,14.09,13.67,13.99,13.88,-0.21,-1.513,2.8178,2282378,31669099.11,4355040546.0,1107270000.0
2013-10-16,'002512,达华智能,13.88,14.59,13.8,14.46,14.56,-0.68,-4.6703,4.6222,3744022,52743281.42,4421943144.0,1124280000.0
2013-10-15,'002512,达华智能,14.56,14.91,14.45,14.73,14.78,-0.22,-1.4885,3.6738,2975754,43444665.62,4638580128.0,1179360000.0
2013-10-14,'002512,达华智能,14.78,14.9,14.37,14.65,14.72,0.06,0.4076,6.2374,5052283,74047051.44,4708668564.0,1197180000.0
2013-10-11,'002512,达华智能,14.72,14.84,14.38,14.45,14.47,0.25,1.7277,6.1995,5021592,73633635.43,4689553536.0,1192320000.0
2013-10-10,'002512,达华智能,14.47,14.79,14.31,14.4,14.41,0.06,0.4164,5.6079,4542403,66113491.56,4609907586.0,1172070000.0
2013-10-09,'002512,达华智能,14.41,14.54,14.19,14.4,14.35,0.06,0.4181,3.5371,2865080,41145745.41,4590792558.0,1167210000.0
2013-10-08,'002512,达华智能,14.35,14.4,14.0,14.34,14.2,0.15,1.0563,3.2579,2638888,37720107.47,4571677530.0,1162350000.0
2013-09-30,'002512,达华智能,14.2,14.34,13.72,13.72,13.7,0.5,3.6496,2.8858,2337527,32929192.03,4523889960.0,1150200000.0
2013-09-27,'002512,达华智能,13.7,13.98,13.6,13.78,13.66,0.04,0.2928,2.3584,1910325,26347853.4,4364598060.0,1109700000.0
2013-09-26,'002512,达华智能,13.66,14.3,13.65,14.09,14.07,-0.41,-2.914,3.1715,2568951,36060866.37,4351854708.0,1106460000.0
2013-09-25,'002512,达华智能,14.07,14.45,14.01,14.21,14.28,-0.21,-1.4706,3.9127,3169302,45000018.88,4482474066.0,1139670000.0
2013-09-24,'002512,达华智能,14.28,14.41,14.12,14.18,14.29,-0.01,-0.07,4.2211,3419076,48788290.14,4549376664.0,1156680000.0
2013-09-23,'002512,达华智能,14.29,14.41,13.72,13.82,13.72,0.57,4.1545,5.7857,4686407,66216847.55,4552562502.0,1157490000.0
2013-09-18,'002512,达华智能,13.72,13.77,13.45,13.68,13.56,0.16,1.1799,2.1575,1747590,23833112.83,4370969736.0,1111320000.0
2013-09-17,'002512,达华智能,13.56,14.15,13.55,13.89,13.91,-0.35,-2.5162,3.7269,3018793,41846089.29,4319996328.0,1098360000.0
2013-09-16,'002512,达华智能,13.91,13.97,13.61,13.71,13.71,0.2,1.4588,3.5837,2902837,40221062.88,4431500658.0,1126710000.0
2013-09-13,'002512,达华智能,13.71,13.78,13.43,13.43,13.42,0.29,2.161,3.867,3132247,42740255.68,4367783898.0,1110510000.0
2013-09-12,'002512,达华智能,13.42,13.64,13.26,13.3,13.31,0.11,0.8264,4.5087,3652082,49330851.89,4275394596.0,1087020000.0
2013-09-11,'002512,达华智能,13.31,13.96,13.1,13.96,14.0,-0.69,-4.9286,9.0278,7312548,97862677.09,4240350378.0,1078110000.0
2013-09-10,'002512,达华智能,14.0,14.56,13.96,14.45,14.48,-0.48,-3.3149,7.1704,5808017,82358514.09,4460173200.0,1134000000.0
2013-09-09,'002512,达华智能,14.48,14.63,14.26,14.49,14.63,-0.15,-1.0253,6.1794,5005316,72194456.27,4613093424.0,1172880000.0
2013-09-06,'002512,达华智能,14.63,14.69,14.45,14.46,14.62,0.01,0.0684,4.2984,3481691,50712770.91,4660880994.0,1185030000.0
2013-09-05,'002512,达华智能,14.62,14.7,14.3,14.59,14.58,0.04,0.2743,4.3466,3520764,50989344.11,4657695156.0,1184220000.0
2013-09-04,'002512,达华智能,14.58,14.82,14.45,14.82,14.59,-0.01,-0.0685,4.2539,3445621,50264932.92,4644951804.0,1180980000.0
2013-09-03,'002512,达华智能,14.59,14.63,14.4,14.41,14.4,0.19,1.3194,4.7389,3838505,55855243.82,4648137642.0,1181790000.0
2013-09-02,'002512,达华智能,14.4,14.59,14.16,14.41,14.27,0.13,0.911,4.8179,3902467,56082860.95,4587606720.0,1166400000.0
2013-08-30,'002512,达华智能,14.27,15.6,13.91,15.44,15.43,-1.16,-7.5178,12.0655,9773035,142598377.62,4546190826.0,1155870000.0
2013-08-29,'002512,达华智能,15.43,16.02,15.38,15.91,16.09,-0.66,-4.1019,9.1223,7389059,115488411.04,4915748034.0,1249830000.0
2013-08-28,'002512,达华智能,16.09,16.46,15.85,16.05,16.09,0.0,0.0,11.1322,9017081,146692456.34,5126013342.0,1303290000.0
2013-08-27,'002512,达华智能,16.09,16.3,15.88,16.3,16.32,-0.23,-1.4093,7.7162,6250129,100300021.54,5126013342.0,1303290000.0
2013-08-26,'002512,达华智能,16.32,16.49,15.69,15.8,15.77,0.55,3.4876,13.4842,10922213,176947441.83,5199287616.0,1321920000.0
2013-08-23,'002512,达华智能,15.77,15.88,15.2,15.61,15.74,0.03,0.1906,8.0996,6560672,102431677.56,5024066526.0,1277370000.0
2013-08-22,'002512,达华智能,15.74,16.65,15.69,16.33,15.58,0.16,1.027,10.7645,8719225,139714391.01,5014509012.0,1274940000.0
2013-08-21,'002512,达华智能,15.58,15.8,15.36,15.75,15.81,-0.23,-1.4548,7.0886,5741745,89418702.86,4963535604.0,1261980000.0
2013-08-20,'002512,达华智能,15.81,16.07,15.4,15.5,15.52,0.29,1.8686,9.6894,7848429,123989462.3,5036809878.0,1280610000.0
2013-08-19,'002512,达华智能,15.52,15.64,14.81,14.81,15.05,0.47,3.1229,7.2588,5879616,90254515.41,4944420576.0,1257120000.0
2013-08-16,'002512,达华智能,15.05,15.87,14.9,15.37,15.59,-0.54,-3.4638,10.9307,8853873,135899130.5,4794686190.0,1219050000.0
2013-08-15,'002512,达华智能,15.59,16.08,15.57,15.66,15.6,-0.01,-0.0641,9.0523,7332351,116317942.68,4966721442.0,1262790000.0
2013-08-14,'002512,达华智能,15.6,15.92,15.36,15.85,15.93,-0.33,-2.0716,8.3287,6746285,105327261.05,4969907280.0,1263600000.0
2013-08-13,'002512,达华智能,15.93,16.3,15.79,15.9,16.03,-0.1,-0.6238,8.4332,6830877,109525849.44,5075039934.0,1290330000.0
2013-08-12,'002512,达华智能,16.03,16.1,15.21,15.48,15.6,0.43,2.7564,14.8567,12033887,189713107.87,5106898314.0,1298430000.0
2013-08-09,'002512,达华智能,15.6,16.18,15.37,16.05,16.2,-0.6,-3.7037,14.9622,12119418,190762320.38,4969907280.0,1263600000.0
2013-08-08,'002512,达华智能,16.2,16.24,15.63,16.08,16.42,-0.22,-1.3398,19.8389,16069493,256128479.22,5161057560.0,1312200000.0
2013-08-07,'002512,达华智能,16.42,17.17,16.31,16.45,16.45,-0.03,-0.1824,21.3202,17269332,287755493.1,5231145996.0,1330020000.0
2013-08-06,'002512,达华智能,16.45,17.51,16.43,17.05,16.65,-0.2,-1.2012,28.0624,22730557,382595775.32,5240703510.0,1332450000.0
2013-08-05,'002512,达华智能,16.65,16.9,16.04,16.44,15.95,0.7,4.3887,29.5726,23953834,394233632.19,5304420270.0,1348650000.0
2013-08-02,'002512,达华智能,15.95,15.95,14.35,14.65,14.5,1.45,10.0,29.4636,23865526,369881456.52,5081411610.0,1291950000.0
2013-08-01,'002512,达华智能,14.5,14.58,13.67,13.85,13.8,0.7,5.0725,11.5475,9353461,133379732.77,4619465100.0,1174500000.0
2013-07-31,'002512,达华智能,13.8,14.16,13.54,13.77,13.8,0.0,0.0,6.9326,5615436,77740887.79,4396456440.0,1117800000.0
2013-07-30,'002512,达华智能,13.8,14.38,13.39,14.18,14.34,-0.54,-3.7657,10.0938,8175990,113221206.83,4396456440.0,1117800000.0
2013-07-29,'002512,达华智能,14.34,14.8,13.82,13.9,14.12,0.22,1.5581,16.5088,13372114,192439913.73,4568491692.0,1161540000.0
2013-07-26,'002512,达华智能,14.12,14.17,13.24,13.45,13.5,0.62,4.5926,8.9152,7221340,98851000.96,4498403256.0,1143720000.0
2013-07-25,'002512,达华智能,13.5,14.3,13.5,14.24,14.17,-0.67,-4.7283,9.4051,7618120,104675081.67,4300881300.0,1093500000.0
2013-07-24,'002512,达华智能,14.17,14.4,13.88,13.98,14.09,0.08,0.5678,10.792,8741530,123505022.25,4514332446.0,1147770000.0
2013-07-23,'002512,达华智能,14.09,14.15,13.54,13.7,13.7,0.39,2.8467,11.8854,9627179,133574941.98,4488845742.0,1141290000.0
2013-07-22,'002512,达华智能,13.7,13.78,12.97,13.0,13.28,0.42,3.1627,7.296,5909785,79761096.64,4364598060.0,1109700000.0
2013-07-19,'002512,达华智能,13.28,14.02,13.28,13.95,13.95,-0.67,-4.8029,10.4075,8430095,115115154.56,4230792864.0,1075680000.0
2013-07-18,'002512,达华智能,13.95,14.16,13.5,13.67,13.79,0.16,1.1603,10.2313,8287351,115603797.49,4444244010.0,1129950000.0
2013-07-17,'002512,达华智能,13.79,14.26,13.61,14.0,14.12,-0.33,-2.3371,11.6729,9455058,131508622.09,4393270602.0,1116990000.0
2013-07-16,'002512,达华智能,14.12,14.47,13.61,13.66,13.69,0.43,3.141,18.4788,14967791,210774486.74,4498403256.0,1143720000.0
2013-07-15,'002512,达华智能,13.69,13.87,13.31,13.4,13.24,0.45,3.3988,11.2475,9110458,124273297.79,4361412222.0,1108890000.0
2013-07-12,'002512,达华智能,13.24,13.84,12.91,13.0,13.1,0.14,1.0687,14.1486,11460368,154711167.89,4218049512.0,1072440000.0
2013-07-11,'002512,达华智能,13.1,13.32,12.73,12.96,13.04,0.06,0.4601,11.4116,9243375,120458704.8,4173447780.0,1061100000.0
2013-07-10,'002512,达华智能,13.04,13.15,12.56,12.58,12.64,0.4,3.1646,9.0691,7345987,94958524.51,4154332752.0,1056240000.0
2013-07-09,'002512,达华智能,12.64,12.76,12.32,12.33,12.56,0.08,0.6369,6.3218,5120621,64427246.27,4026899232.0,1023840000.0
2013-07-08,'002512,达华智能,12.56,13.11,12.38,12.79,13.26,-0.7,-5.279,12.8379,10398723,132494527.8,4001412528.0,1017360000.0
2013-07-05,'002512,达华智能,13.26,14.0,12.95,12.95,12.88,0.38,2.9503,20.3423,16477244,222667572.71,4224421188.0,1074060000.0
2013-07-04,'002512,达华智能,12.88,13.5,12.88,13.15,13.35,-0.47,-3.5206,12.305,9967069,130817918.54,4103359344.0,1043280000.0
2013-07-03,'002512,达华智能,13.35,13.62,12.85,13.16,13.28,0.07,0.5271,14.7396,11939081,158254578.31,4253093730.0,1081350000.0
2013-07-02,'002512,达华智能,13.28,13.65,13.1,13.3,13.4,-0.12,-0.8955,16.8755,13669170,182145415.77,4230792864.0,1075680000.0
2013-07-01,'002512,达华智能,13.4,13.4,12.26,12.32,12.5,0.9,7.2,16.976,13750558,177994855.22,4269022920.0,1085400000.0
2013-06-28,'002512,达华智能,12.5,13.05,12.2,12.87,13.17,-0.67,-5.0873,16.0148,12972015,164403754.22,3982297500.0,1012500000.0
2013-06-27,'002512,达华智能,13.17,13.37,12.53,12.95,12.89,0.28,2.1722,28.5314,23110452,299914663.04,4195748646.0,1066770000.0
2013-06-26,'002512,达华智能,12.89,12.89,11.45,11.73,11.72,1.17,9.9829,21.7866,17647154,220868324.2,4106545182.0,1044090000.0
2013-06-25,'002512,达华智能,11.72,12.23,11.03,12.23,12.26,-0.54,-4.4046,15.703,12719408,146320088.9,3733802136.0,949320000.0
2013-06-24,'002512,达华智能,12.26,12.88,11.7,11.96,11.94,0.32,2.6801,16.6287,13469245,166546110.63,3905837388.0,993060000.0
2013-06-21,'002512,达华智能,11.94,12.18,11.15,11.58,12.35,-0.41,-3.3198,9.7164,7870286,91830858.72,3803890572.0,967140000.0
2013-06-20,'002512,达华智能,12.35,12.93,11.81,11.91,11.8,0.55,4.661,14.8419,12021966,150843228.65,3934509930.0,1000350000.0
2013-06-19,'002512,达华智能,11.8,12.01,11.55,12.01,12.12,-0.32,-2.6403,5.7424,4651316,54641438.08,3759288840.0,955800000.0
2013-06-18,'002512,达华智能,12.12,12.57,12.0,12.45,12.57,-0.45,-3.58,7.7187,6252157,76326808.75,3861235656.0,981720000.0
2013-06-17,'002512,达华智能,12.57,12.73,12.35,12.57,12.47,0.1,0.8019,8.1991,6641255,83225425.03,4004598366.0,1018170000.0
2013-06-14,'002512,达华智能,12.47,12.64,12.07,12.11,12.27,0.2,1.63,9.4068,7619500,94252739.33,3972739986.0,1010070000.0
2013-06-13,'002512,达华智能,12.27,12.44,11.15,11.48,11.67,0.6,5.1414,10.9463,8866464,106153378.26,3909023226.0,993870000.0
2013-06-07,'002512,达华智能,11.67,11.79,11.19,11.48,11.22,0.45,4.0107,6.5875,5335900,61516973.68,3717872946.0,945270000.0
2013-06-06,'002512,达华智能,11.22,11.66,11.22,11.54,11.7,-0.48,-4.1026,5.6734,4595433,52204809.98,3574510236.0,908820000.0
2013-06-05,'002512,达华智能,11.7,12.25,11.51,12.2,12.21,-0.51,-4.1769,9.2216,7469483,87955599.87,3727430460.0,947700000.0
2013-06-04,'002512,达华智能,12.21,12.84,12.15,12.56,12.55,-0.34,-2.7092,9.9455,8055887,100599407.9,3889908198.0,989010000.0
2013-06-03,'002512,达华智能,12.55,12.74,12.06,12.19,12.28,0.27,2.1987,9.2265,7473484,93029706.47,3998226690.0,1016550000.0
2013-05-31,'002512,达华智能,12.28,12.62,12.26,12.42,12.45,-0.17,-1.3655,7.1108,5759771,71714734.59,3912209064.0,994680000.0
2013-05-30,'002512,达华智能,12.45,12.5,11.99,12.18,12.19,0.26,2.1329,8.388,6794309,83402519.16,3966368310.0,1008450000.0
2013-05-29,'002512,达华智能,12.19,12.38,11.91,12.15,12.11,0.08,0.6606,5.9757,4840350,58864682.07,3883536522.0,987390000.0
2013-05-28,'002512,达华智能,12.11,12.53,12.06,12.53,12.53,-0.42,-3.352,8.76,7095561,86406212.41,3858049818.0,980910000.0
2013-05-27,'002512,达华智能,12.53,12.66,12.08,12.14,12.15,0.38,3.1276,12.1555,9845932,122557023.57,3991855014.0,1014930000.0
2013-05-24,'002512,达华智能,12.15,12.25,11.81,11.81,11.81,0.34,2.8789,8.9467,7246816,87689360.41,3870793170.0,984150000.0
2013-05-23,'002512,达华智能,11.81,12.3,11.68,11.71,11.75,0.06,0.5106,8.2126,6652178,79710627.6,3762474678.0,956610000.0
2013-05-22,'002512,达华智能,11.75,12.35,11.7,12.03,12.13,-0.38,-3.1327,10.9064,8834188,105902069.68,3743359650.0,951750000.0
2013-05-21,'002512,达华智能,12.13,12.38,12.0,12.14,12.01,0.12,0.9992,10.5231,8523673,103906592.12,3864421494.0,982530000.0
2013-05-20,'002512,达华智能,12.01,12.18,11.61,11.68,11.71,0.3,2.5619,11.1194,9006710,107722219.13,3826191438.0,972810000.0
2013-05-17,'002512,达华智能,11.71,11.81,11.51,11.55,11.64,0.07,0.6014,7.6163,6169206,72013019.05,3730616298.0,948510000.0
2013-05-16,'002512,达华智能,11.64,11.83,11.46,11.72,11.71,-0.07,-0.5978,9.8308,7962923,92975548.19,3708315432.0,942840000.0
2013-05-15,'002512,达华智能,11.71,11.71,11.17,11.19,11.24,0.47,4.1815,9.371,7590517,87396553.2,3730616298.0,948510000.0
2013-05-14,'002512,达华智能,11.24,11.65,11.1,11.48,11.48,-0.24,-2.0906,6.9017,5590364,63471573.63,3580881912.0,910440000.0
2013-05-13,'002512,达华智能,11.48,11.52,10.95,11.29,11.31,0.17,1.5031,8.3315,6748478,75609645.08,3657342024.0,929880000.0
2013-05-10,'002512,达华智能,11.31,11.7,11.25,11.53,11.45,-0.14,-1.2227,9.0403,7322657,83753346.05,3603182778.0,916110000.0
2013-05-09,'002512,达华智能,11.45,11.57,11.11,11.2,11.31,0.14,1.2378,11.8333,9584942,108681857.99,3647784510.0,927450000.0
2013-05-08,'002512,达华智能,11.31,11.59,11.0,11.2,11.16,0.15,1.3441,13.6071,11021756,124426912.76,3603182778.0,916110000.0
2013-05-07,'002512,达华智能,11.16,11.27,10.81,10.91,10.95,0.21,1.9178,10.8684,8803426,97361710.73,3555395208.0,903960000.0
2013-05-06,'002512,达华智能,10.95,11.06,10.53,10.55,10.53,0.42,3.9886,8.8863,7197930,78321555.8,3488492610.0,886950000.0
2013-05-03,'002512,达华智能,10.53,10.75,10.43,10.59,10.34,0.19,1.8375,4.4545,3608169,38207864.99,3354687414.0,852930000.0
2013-05-02,'002512,达华智能,10.34,10.35,10.0,10.1,10.11,0.23,2.275,2.1413,1734483,17709978.61,3294156492.0,837540000.0
2013-04-26,'002512,达华智能,10.11,10.48,10.01,10.31,10.5,-0.39,-3.7143,4.6524,3768429,38283164.75,3220882218.0,818910000.0
2013-04-25,'002512,达华智能,10.5,10.95,10.41,10.8,10.8,-0.3,-2.7778,6.0779,4923070,53010055.0,3345129900.0,850500000.0
2013-04-24,'002512,达华智能,10.8,10.92,10.4,10.45,10.4,0.4,3.8462,5.091,4123678,44199887.55,3440705040.0,874800000.0
2013-04-23,'002512,达华智能,10.4,10.98,10.37,10.98,10.86,-0.46,-4.2357,5.074,4109980,43518074.94,3313271520.0,842400000.0
2013-04-22,'002512,达华智能,10.86,10.97,10.46,10.57,10.62,0.24,2.2599,6.6843,5414313,58298532.6,3459820068.0,879660000.0
2013-04-19,'002512,达华智能,10.62,10.69,10.43,10.48,10.48,0.14,1.3359,5.193,4206337,44629870.17,3383359956.0,860220000.0
2013-04-18,'002512,达华智能,10.48,10.5,10.15,10.23,10.29,0.19,1.8465,3.6316,2941602,30578159.88,3338758224.0,848880000.0
2013-04-17,'002512,达华智能,10.29,10.39,10.11,10.3,10.34,-0.05,-0.4836,2.6972,2184738,22421939.2,3278227302.0,833490000.0
2013-04-16,'002512,达华智能,10.34,10.35,9.87,9.93,10.05,0.29,2.8856,2.4441,1979699,20079594.55,3294156492.0,837540000.0
2013-04-15,'002512,达华智能,10.05,10.09,9.9,9.91,9.92,0.13,1.3105,2.3289,1886398,18883755.78,3201767190.0,814050000.0
2013-04-12,'002512,达华智能,9.92,10.39,9.92,10.25,10.3,-0.38,-3.6893,3.5747,2895506,29276369.57,3160351296.0,803520000.0
2013-04-11,'002512,达华智能,10.3,10.64,10.3,10.4,10.39,-0.09,-0.8662,3.619,2931409,30810532.98,3281413140.0,834300000.0
2013-04-10,'002512,达华智能,10.39,10.63,10.26,10.44,10.55,-0.16,-1.5166,2.8884,2339613,24382843.11,3310085682.0,841590000.0
2013-04-09,'002512,达华智能,10.55,10.67,10.04,10.16,10.07,0.48,4.7666,4.432,3589921,37391489.78,3361059090.0,854550000.0
2013-04-08,'002512,达华智能,10.07,10.07,9.72,10.06,10.18,-0.11,-1.0806,2.3901,1935996,19159282.82,3208138866.0,815670000.0
2013-04-03,'002512,达华智能,10.18,10.32,10.07,10.18,10.11,0.07,0.6924,2.3476,1901523,19363814.6,3243183084.0,824580000.0
2013-04-02,'002512,达华智能,10.11,10.36,10.06,10.3,10.3,-0.19,-1.8447,2.5089,2032247,20726081.54,3220882218.0,818910000.0
2013-04-01,'002512,达华智能,10.3,10.34,9.98,9.98,10.0,0.3,3.0,2.7732,2246272,22924657.79,3281413140.0,834300000.0
2013-03-29,'002512,达华智能,10.0,10.33,10.0,10.17,10.16,-0.16,-1.5748,2.4179,1958505,19917803.04,3185838000.0,810000000.0
2013-03-28,'002512,达华智能,10.16,10.62,10.08,10.62,10.68,-0.52,-4.8689,4.5469,3682953,37836148.52,3236811408.0,822960000.0
2013-03-27,'002512,达华智能,10.68,10.98,10.62,10.84,10.83,-0.15,-1.385,3.8883,3149557,34005291.12,3402474984.0,865080000.0
2013-03-26,'002512,达华智能,10.83,10.94,10.58,10.86,10.97,-0.14,-1.2762,4.4332,3590901,38673062.77,3450262554.0,877230000.0
2013-03-25,'002512,达华智能,10.97,11.24,10.49,10.6,10.75,0.22,2.0465,7.7724,6295655,68894415.89,3494864286.0,888570000.0
2013-03-22,'002512,达华智能,10.75,11.3,10.71,10.93,10.68,0.07,0.6554,12.4643,10096057,110528379.68,3424775850.0,870750000.0
2013-03-21,'002512,达华智能,10.68,10.7,10.18,10.25,10.25,0.43,4.1951,6.156,4986377,51968020.99,3402474984.0,865080000.0
2013-03-20,'002512,达华智能,10.25,10.28,9.88,9.93,9.93,0.32,3.2226,3.3796,2737487,27738458.55,3265483950.0,830250000.0
2013-03-19,'002512,达华智能,9.93,9.99,9.65,9.9,9.87,0.06,0.6079,2.8899,2340784,22983582.55,3163537134.0,804330000.0
2013-03-18,'002512,达华智能,9.87,10.35,9.82,10.18,10.19,-0.32,-3.1403,4.9511,4010361,40435505.76,3144422106.0,799470000.0
2013-03-15,'002512,达华智能,10.19,10.46,10.08,10.08,10.29,-0.1,-0.9718,3.6963,2993995,30804212.38,3246368922.0,825390000.0
2013-03-14,'002512,达华智能,10.29,10.46,10.22,10.26,10.26,0.03,0.2924,3.233,2618769,27049229.33,3278227302.0,833490000.0
2013-03-13,'002512,达华智能,10.26,10.5,10.05,10.5,10.53,-0.27,-2.5641,4.5009,3645695,37474829.96,3268669788.0,831060000.0
2013-03-12,'002512,达华智能,10.53,11.14,10.21,10.9,11.14,-0.61,-5.4758,10.8693,8804120,94460510.89,3354687414.0,852930000.0
2013-03-11,'002512,达华智能,11.14,12.49,11.13,12.49,11.63,-0.49,-4.2132,18.6608,15115250,176684564.33,3549023532.0,902340000.0
2013-03-08,'002512,达华智能,11.63,11.63,11.63,11.63,10.57,1.06,10.0284,1.5788,1278861,14873153.43,3705129594.0,942030000.0
2013-03-07,'002512,达华智能,0.0,0.0,0.0,0.0,10.57,None,None,0.0,0,0.0,3367430766.0,856170000.0
2013-03-06,'002512,达华智能,0.0,0.0,0.0,0.0,10.57,None,None,0.0,0,0.0,3367430766.0,856170000.0
2013-03-05,'002512,达华智能,0.0,0.0,0.0,0.0,10.57,None,None,0.0,0,0.0,3367430766.0,856170000.0
2013-03-04,'002512,达华智能,0.0,0.0,0.0,0.0,10.57,None,None,0.0,0,0.0,3367430766.0,856170000.0
2013-03-01,'002512,达华智能,0.0,0.0,0.0,0.0,10.57,None,None,0.0,0,0.0,3367430766.0,856170000.0
2013-02-28,'002512,达华智能,0.0,0.0,0.0,0.0,10.57,None,None,0.0,0,0.0,3367430766.0,856170000.0
2013-02-27,'002512,达华智能,0.0,0.0,0.0,0.0,10.57,None,None,0.0,0,0.0,3367430766.0,856170000.0
2013-02-26,'002512,达华智能,0.0,0.0,0.0,0.0,10.57,None,None,0.0,0,0.0,3367430766.0,856170000.0
2013-02-25,'002512,达华智能,0.0,0.0,0.0,0.0,10.57,None,None,0.0,0,0.0,3367430766.0,856170000.0
2013-02-22,'002512,达华智能,0.0,0.0,0.0,0.0,10.57,None,None,0.0,0,0.0,3367430766.0,856170000.0
2013-02-21,'002512,达华智能,0.0,0.0,0.0,0.0,10.57,None,None,0.0,0,0.0,3367430766.0,856170000.0
2013-02-20,'002512,达华智能,0.0,0.0,0.0,0.0,10.57,None,None,0.0,0,0.0,3367430766.0,856170000.0
2013-02-19,'002512,达华智能,0.0,0.0,0.0,0.0,10.57,None,None,0.0,0,0.0,3367430766.0,856170000.0
2013-02-18,'002512,达华智能,0.0,0.0,0.0,0.0,10.57,None,None,0.0,0,0.0,3367430766.0,856170000.0
2013-02-08,'002512,达华智能,0.0,0.0,0.0,0.0,10.57,None,None,0.0,0,0.0,3367430766.0,856170000.0
2013-02-07,'002512,达华智能,0.0,0.0,0.0,0.0,10.57,None,None,0.0,0,0.0,3367430766.0,856170000.0
2013-02-06,'002512,达华智能,10.57,10.59,10.13,10.22,10.21,0.36,3.526,6.9031,5591551,58357686.15,3367430766.0,856170000.0
2013-02-05,'002512,达华智能,10.21,10.31,9.93,10.0,10.1,0.11,1.0891,4.1487,3360422,34175226.72,3252740598.0,827010000.0
2013-02-04,'002512,达华智能,10.1,10.5,10.08,10.5,10.5,-0.4,-3.8095,6.344,5138661,52558560.72,3217696380.0,818100000.0
2013-02-01,'002512,达华智能,10.5,10.62,10.31,10.5,10.42,0.08,0.7678,6.2135,5032935,52812315.31,3345129900.0,850500000.0
2013-01-31,'002512,达华智能,10.42,10.61,10.3,10.5,10.67,-0.25,-2.343,6.5357,5293937,55093096.54,3319643196.0,844020000.0
2013-01-30,'002512,达华智能,10.67,10.9,10.33,10.48,10.33,0.34,3.2914,14.119,11436358,120956332.41,3399289146.0,864270000.0
2013-01-29,'002512,达华智能,10.33,10.33,10.11,10.11,10.15,0.18,1.7734,5.4665,4427903,45325215.01,3290970654.0,836730000.0
2013-01-28,'002512,达华智能,10.15,10.2,9.91,9.99,9.91,0.24,2.4218,4.3015,3484222,35156307.13,3233625570.0,822150000.0
2013-01-25,'002512,达华智能,9.91,10.09,9.77,9.93,9.84,0.07,0.7114,3.8314,3103441,30857478.62,3157165458.0,802710000.0
2013-01-24,'002512,达华智能,9.84,10.44,9.84,10.3,10.3,-0.46,-4.466,6.8246,5527899,56184043.14,3134864592.0,797040000.0
2013-01-23,'002512,达华智能,10.3,10.34,9.72,10.1,10.13,0.17,1.6782,7.8818,6384225,64111377.95,3281413140.0,834300000.0
2013-01-22,'002512,达华智能,10.13,10.57,10.01,10.57,10.57,-0.44,-4.1627,6.7259,5447955,55874016.78,3227253894.0,820530000.0
2013-01-21,'002512,达华智能,10.57,10.59,10.36,10.41,10.44,0.13,1.2452,5.9687,4834643,50673760.79,3367430766.0,856170000.0
2013-01-18,'002512,达华智能,10.44,10.55,10.24,10.38,10.4,0.04,0.3846,7.8239,6337379,66001671.18,3326014872.0,845640000.0
2013-01-17,'002512,达华智能,10.4,10.97,10.38,10.88,11.34,-0.94,-8.2892,14.6462,11863452,126570262.77,3313271520.0,842400000.0
2013-01-16,'002512,达华智能,11.34,11.35,9.93,10.3,10.33,1.01,9.7773,19.4661,15767563,166626807.83,3612740292.0,918540000.0
2013-01-15,'002512,达华智能,10.33,10.52,10.03,10.08,10.02,0.31,3.0938,13.3333,10799941,110928528.05,3290970654.0,836730000.0
2013-01-14,'002512,达华智能,10.02,10.1,9.61,9.63,9.78,0.24,2.454,8.0561,6525424,64731702.49,3192209676.0,811620000.0
2013-01-11,'002512,达华智能,9.78,10.34,9.75,10.1,10.2,-0.42,-4.1176,11.705,9481069,95610625.04,3115749564.0,792180000.0
2013-01-10,'002512,达华智能,10.2,10.2,9.76,9.85,9.9,0.3,3.0303,12.0073,9725908,96633796.03,3249554760.0,826200000.0
2013-01-09,'002512,达华智能,9.9,10.06,9.7,10.06,10.06,-0.16,-1.5905,9.6862,7845794,77567202.93,3153979620.0,801900000.0
2013-01-08,'002512,达华智能,10.06,10.21,9.58,9.67,9.68,0.38,3.9256,13.8004,11178316,110728394.36,3204953028.0,814860000.0
2013-01-07,'002512,达华智能,9.68,9.73,9.25,9.3,9.34,0.34,3.6403,8.7154,7059466,67681225.37,3083891184.0,784080000.0
2013-01-04,'002512,达华智能,9.34,9.48,9.27,9.42,9.39,-0.05,-0.5325,3.0986,2509890,23452073.8,2975572692.0,756540000.0
2012-12-31,'002512,达华智能,9.39,9.52,9.33,9.48,9.45,-0.06,-0.6349,3.6095,2923665,27511631.59,2991501882.0,760590000.0
2012-12-28,'002512,达华智能,9.45,9.48,9.24,9.36,9.4,0.05,0.5319,4.3049,3486996,32703292.88,3010616910.0,765450000.0
2012-12-27,'002512,达华智能,9.4,9.86,9.39,9.86,9.74,-0.34,-3.4908,7.2478,5870690,56243333.93,2994687720.0,761400000.0
2012-12-26,'002512,达华智能,9.74,9.75,9.5,9.57,9.57,0.17,1.7764,7.3567,5958944,57302379.81,3103006212.0,788940000.0
2012-12-25,'002512,达华智能,9.57,9.65,9.34,9.34,9.35,0.22,2.3529,8.1904,6634217,63332027.07,3048846966.0,775170000.0
2012-12-24,'002512,达华智能,9.35,9.4,9.23,9.27,9.28,0.07,0.7543,5.0239,4069386,37911853.61,2978758530.0,757350000.0
2012-12-21,'002512,达华智能,9.28,9.86,9.25,9.51,9.25,0.03,0.3243,9.4634,7665388,73246316.13,2956457664.0,751680000.0
2012-12-20,'002512,达华智能,9.25,9.26,8.9,9.23,9.3,-0.05,-0.5376,6.6063,5351130,48661658.15,2946900150.0,749250000.0
2012-12-19,'002512,达华智能,9.3,9.55,9.01,9.01,9.25,0.05,0.5405,6.2533,5065202,47225120.0,2962829340.0,753300000.0
2012-12-18,'002512,达华智能,9.25,9.75,9.16,9.65,9.55,-0.3,-3.1414,9.1292,7394631,69629459.44,2946900150.0,749250000.0
2012-12-17,'002512,达华智能,9.55,9.57,9.04,9.16,9.13,0.42,4.6002,10.3272,8365020,77463788.32,3042475290.0,773550000.0
2012-12-14,'002512,达华智能,9.13,9.3,8.7,8.7,8.73,0.4,4.5819,7.5562,6120506,55599666.83,2908670094.0,739530000.0
2012-12-13,'002512,达华智能,8.73,9.18,8.7,8.98,8.88,-0.15,-1.6892,4.0496,3280136,29403230.76,2781236574.0,707130000.0
2012-12-12,'002512,达华智能,8.88,8.95,8.66,8.93,9.03,-0.15,-1.6611,5.8988,4778068,42073561.74,2829024144.0,719280000.0
2012-12-11,'002512,达华智能,9.03,9.38,9.01,9.15,9.15,-0.12,-1.3115,8.2776,6704822,61583800.67,2876811714.0,731430000.0
2012-12-10,'002512,达华智能,9.15,9.28,8.68,8.75,8.8,0.35,3.9773,9.0872,7360653,66553802.53,2915041770.0,741150000.0
2012-12-07,'002512,达华智能,8.8,8.87,8.56,8.61,8.7,0.1,1.1494,7.7556,6282014,54844734.02,2803537440.0,712800000.0
2012-12-06,'002512,达华智能,8.7,9.13,8.65,9.13,8.3,0.4,4.8193,10.8049,8751949,77798817.77,2771679060.0,704700000.0
2012-12-05,'002512,达华智能,8.3,8.52,7.85,7.95,7.94,0.36,4.534,5.7593,4665024,38400835.18,2644245540.0,672300000.0
2012-12-04,'002512,达华智能,7.94,7.95,7.4,7.55,7.58,0.36,4.7493,4.0707,3297239,25629191.82,2529555372.0,643140000.0
2012-12-03,'002512,达华智能,7.58,7.84,7.51,7.7,7.8,-0.22,-2.8205,2.7114,2196213,16852072.61,2414865204.0,613980000.0
2012-11-30,'002512,达华智能,7.8,8.0,7.53,7.64,7.64,0.16,2.0942,3.4147,2765898,21433294.55,2484953640.0,631800000.0
2012-11-29,'002512,达华智能,7.64,8.03,7.56,7.92,7.93,-0.29,-3.657,2.3593,1911067,14884867.94,2433980232.0,618840000.0
2012-11-28,'002512,达华智能,7.93,8.27,7.88,8.1,8.2,-0.27,-3.2927,2.3344,1890839,15214985.93,2526369534.0,642330000.0
2012-11-27,'002512,达华智能,8.2,8.8,8.18,8.75,8.74,-0.54,-6.1785,2.3178,1877405,15734356.13,2612387160.0,664200000.0
2012-11-26,'002512,达华智能,8.74,8.88,8.7,8.76,8.9,-0.16,-1.7978,1.7007,1377530,12077391.21,2784422412.0,707940000.0
2012-11-23,'002512,达华智能,8.9,9.14,8.85,8.92,9.03,-0.13,-1.4396,2.4524,1986479,17842706.31,2835395820.0,720900000.0
2012-11-22,'002512,达华智能,9.03,9.06,8.75,8.79,8.92,0.11,1.2332,3.9988,3239042,29046117.17,2876811714.0,731430000.0
2012-11-21,'002512,达华智能,8.92,8.95,8.61,8.65,8.66,0.26,3.0023,3.3499,2713434,23978118.28,2841767496.0,722520000.0
2012-11-20,'002512,达华智能,8.66,8.85,8.61,8.7,8.63,0.03,0.3476,2.1317,1726690,15081769.41,2758935708.0,701460000.0
2012-11-19,'002512,达华智能,8.63,8.64,8.44,8.54,8.48,0.15,1.7689,1.4604,1182964,10119731.45,2749378194.0,699030000.0
2012-11-16,'002512,达华智能,8.48,8.68,8.34,8.68,8.64,-0.16,-1.8519,2.5989,2105103,17791999.63,2701590624.0,686880000.0
2012-11-15,'002512,达华智能,8.64,9.0,8.63,8.9,8.95,-0.31,-3.4637,2.3055,1867491,16505835.06,2752564032.0,699840000.0
2012-11-14,'002512,达华智能,8.95,8.96,8.8,8.86,8.86,0.09,1.0158,1.7182,1391777,12371026.47,2851325010.0,724950000.0
2012-11-13,'002512,达华智能,8.86,9.14,8.85,9.12,9.15,-0.29,-3.1694,2.5243,2044647,18363199.89,2822652468.0,717660000.0
2012-11-12,'002512,达华智能,9.15,9.18,8.9,8.98,9.24,-0.09,-0.974,2.5166,2038431,18514058.27,2915041770.0,741150000.0
2012-11-09,'002512,达华智能,9.24,9.79,9.23,9.36,9.15,0.09,0.9836,5.1348,4159161,39557618.92,2943714312.0,748440000.0
2012-11-08,'002512,达华智能,9.15,9.65,9.14,9.53,9.62,-0.47,-4.8857,5.2439,4247592,39929288.3,2915041770.0,741150000.0
2012-11-07,'002512,达华智能,9.62,9.73,9.53,9.61,9.62,0.0,0.0,4.1716,3379009,32605170.5,3064776156.0,779220000.0
2012-11-06,'002512,达华智能,9.62,9.64,9.3,9.59,9.58,0.04,0.4175,4.9841,4037129,38300691.19,3064776156.0,779220000.0
2012-11-05,'002512,达华智能,9.58,9.73,9.53,9.53,9.5,0.08,0.8421,6.0786,4923706,47349475.31,3052032804.0,775980000.0
2012-11-02,'002512,达华智能,9.5,9.72,9.37,9.71,9.7,-0.2,-2.0619,6.717,5440809,51787217.56,3026546100.0,769500000.0
2012-11-01,'002512,达华智能,9.7,9.84,9.07,9.08,9.08,0.62,6.8282,10.787,8737485,83474106.28,3090262860.0,785700000.0
2012-10-31,'002512,达华智能,9.08,9.14,8.8,8.85,8.87,0.21,2.3675,3.4681,2809147,25158063.68,2892740904.0,735480000.0
2012-10-30,'002512,达华智能,8.87,9.09,8.78,9.09,9.04,-0.17,-1.8805,3.1684,2566392,22980381.99,2825838306.0,718470000.0
2012-10-29,'002512,达华智能,9.04,9.1,8.92,9.09,9.0,0.04,0.4444,2.4958,2021586,18273254.66,2879997552.0,732240000.0
2012-10-26,'002512,达华智能,9.0,9.27,8.92,9.18,9.19,-0.19,-2.0675,3.9005,3159415,28685656.59,2867254200.0,729000000.0
2012-10-25,'002512,达华智能,9.19,9.86,9.18,9.83,9.82,-0.63,-6.4155,7.6375,6186352,58441923.5,2927785122.0,744390000.0
2012-10-24,'002512,达华智能,9.82,9.91,9.63,9.72,9.86,-0.04,-0.4057,3.1087,2518077,24704221.37,3128492916.0,795420000.0
2012-10-23,'002512,达华智能,9.86,10.29,9.84,10.19,10.16,-0.3,-2.9528,6.4259,5204982,52474464.57,3141236268.0,798660000.0
2012-10-22,'002512,达华智能,10.16,10.18,9.75,9.85,10.0,0.16,1.6,5.3509,4334229,43112343.62,3236811408.0,822960000.0
2012-10-19,'002512,达华智能,10.0,10.35,10.0,10.21,10.19,-0.19,-1.8646,5.4456,4410929,44804445.14,3185838000.0,810000000.0
2012-10-18,'002512,达华智能,10.19,10.3,10.02,10.07,10.09,0.1,0.9911,6.359,5150759,52379256.02,3246368922.0,825390000.0
2012-10-17,'002512,达华智能,10.09,10.1,9.81,9.9,9.89,0.2,2.0222,5.1183,4145846,41406064.81,3214510542.0,817290000.0
2012-10-16,'002512,达华智能,9.89,10.0,9.7,9.8,9.81,0.08,0.8155,4.6085,3732894,36849140.99,3150793782.0,801090000.0
2012-10-15,'002512,达华智能,9.81,10.1,9.6,10.0,9.99,-0.18,-1.8018,5.3772,4355533,42910930.57,3125307078.0,794610000.0
2012-10-12,'002512,达华智能,9.99,10.38,9.84,10.15,10.24,-0.25,-2.4414,10.5286,8528159,85909300.83,3182652162.0,809190000.0
2012-10-11,'002512,达华智能,10.24,11.09,10.17,11.09,11.3,-1.06,-9.3805,21.0516,17051793,182070315.57,3262298112.0,829440000.0
2012-10-10,'002512,达华智能,11.3,11.78,10.52,10.59,10.78,0.52,4.8237,27.9608,22648224,251216974.78,3599996940.0,915300000.0
2012-10-09,'002512,达华智能,10.78,10.95,10.22,10.23,10.28,0.5,4.8638,21.6204,17512489,186876194.84,3434333364.0,873180000.0
2012-10-08,'002512,达华智能,10.28,10.3,10.01,10.14,10.14,0.14,1.3807,8.8334,7155023,72952614.79,3275041464.0,832680000.0
2012-09-28,'002512,达华智能,10.14,10.15,9.86,9.96,10.08,0.06,0.5952,8.5967,6963298,69840523.56,3230439732.0,821340000.0
2012-09-27,'002512,达华智能,10.08,10.28,9.75,9.81,9.87,0.21,2.1277,9.6955,7853331,78643139.48,3211324704.0,816480000.0
2012-09-26,'002512,达华智能,9.87,10.63,9.84,10.26,10.27,-0.4,-3.8948,14.3863,11652926,119201393.34,3144422106.0,799470000.0
2012-09-25,'002512,达华智能,10.27,10.46,10.1,10.36,10.43,-0.16,-1.534,9.2311,7477167,76949294.0,3271855626.0,831870000.0
2012-09-24,'002512,达华智能,10.43,10.55,10.05,10.1,10.21,0.22,2.1548,12.6841,10274097,106418307.1,3322829034.0,844830000.0
2012-09-21,'002512,达华智能,10.21,10.9,10.12,10.8,10.91,-0.7,-6.4161,16.3341,13230660,138595093.82,3252740598.0,827010000.0
2012-09-20,'002512,达华智能,10.91,11.08,10.73,11.0,11.15,-0.24,-2.1525,14.7882,11978471,130289373.95,3475749258.0,883710000.0
2012-09-19,'002512,达华智能,11.15,11.78,11.06,11.5,11.46,-0.31,-2.7051,17.9828,14566042,165689655.58,3552209370.0,903150000.0
2012-09-18,'002512,达华智能,11.46,11.82,11.21,11.47,11.47,-0.01,-0.0872,12.9961,10526810,121596133.18,3650970348.0,928260000.0
2012-09-17,'002512,达华智能,11.47,12.0,11.2,12.0,11.93,-0.46,-3.8558,17.2972,14010744,161077117.94,3654156186.0,929070000.0
2012-09-14,'002512,达华智能,11.93,12.48,11.37,11.61,11.74,0.19,1.6184,28.7494,23287033,278135518.18,3800704734.0,966330000.0
2012-09-13,'002512,达华智能,11.74,12.7,11.74,12.36,12.4,-0.66,-5.3226,26.4578,21430852,261606048.44,3740173812.0,950940000.0
2012-09-12,'002512,达华智能,12.4,12.46,12.06,12.36,12.29,0.11,0.895,23.9815,19425015,238080794.34,3950439120.0,1004400000.0
2012-09-11,'002512,达华智能,12.29,12.92,12.16,12.51,12.54,-0.25,-1.9936,35.3,28592987,357828910.02,3915394902.0,995490000.0
2012-09-10,'002512,达华智能,12.54,13.43,11.92,11.95,12.21,0.33,2.7027,45.7526,37059568,470915544.44,3995040852.0,1015740000.0
2012-09-07,'002512,达华智能,12.21,12.8,11.86,12.25,11.9,0.31,2.605,42.6884,34577617,424133227.11,3889908198.0,989010000.0
2012-09-06,'002512,达华智能,11.9,12.27,11.66,11.93,11.15,0.75,6.7265,53.7048,43500897,518493396.54,3791147220.0,963900000.0
2012-09-05,'002512,达华智能,11.15,11.15,11.15,11.15,10.14,1.01,9.9606,7.4623,6044494,67396108.1,3552209370.0,903150000.0
2012-09-04,'002512,达华智能,10.14,10.14,9.8,9.87,9.22,0.92,9.9783,10.4815,8490052,85026421.32,3230439732.0,821340000.0
2012-09-03,'002512,达华智能,9.22,9.22,8.31,8.31,8.38,0.84,10.0239,9.8242,7957632,71631020.14,2937342636.0,746820000.0
2012-08-31,'002512,达华智能,8.38,8.49,7.98,8.1,8.12,0.26,3.202,4.0536,3283412,27203914.27,2669732244.0,678780000.0
2012-08-30,'002512,达华智能,8.12,8.84,8.0,8.71,8.85,-0.73,-8.2486,9.05,7330511,61970929.09,2586900456.0,657720000.0
2012-08-29,'002512,达华智能,8.85,9.15,8.26,8.3,8.32,0.53,6.3702,12.3573,10009405,90577962.12,2819466630.0,716850000.0
2012-08-28,'002512,达华智能,8.32,8.41,8.2,8.28,8.21,0.11,1.3398,0.624,505441,4203339.87,2650617216.0,673920000.0
2012-08-27,'002512,达华智能,8.21,8.5,8.2,8.48,8.47,-0.26,-3.0697,1.1593,939070,7784762.83,2615572998.0,665010000.0
2012-08-24,'002512,达华智能,8.47,8.8,8.46,8.77,8.81,-0.34,-3.8593,1.712,1386723,11916933.17,2698404786.0,686070000.0
2012-08-23,'002512,达华智能,8.81,8.85,8.57,8.66,8.66,0.15,1.7321,2.3199,1879104,16404962.09,2806723278.0,713610000.0
2012-08-22,'002512,达华智能,8.66,8.88,8.61,8.87,8.8,-0.14,-1.5909,1.8072,1463801,12778428.84,2758935708.0,701460000.0
2012-08-21,'002512,达华智能,8.8,8.82,8.41,8.45,8.46,0.34,4.0189,2.6956,2183413,18948025.93,2803537440.0,712800000.0
2012-08-20,'002512,达华智能,8.46,8.5,8.24,8.3,8.39,0.07,0.8343,1.1042,894402,7479229.0,2695218948.0,685260000.0
2012-08-17,'002512,达华智能,8.39,8.42,8.25,8.25,8.37,0.02,0.2389,1.2533,1015204,8473905.01,2672918082.0,679590000.0
2012-08-16,'002512,达华智能,8.37,8.75,8.33,8.62,8.68,-0.31,-3.5714,1.5971,1293653,11031739.58,2666546406.0,677970000.0
2012-08-15,'002512,达华智能,8.68,8.89,8.61,8.75,8.75,-0.07,-0.8,2.103,1703403,14978846.85,2765307384.0,703080000.0
2012-08-14,'002512,达华智能,8.75,8.82,8.4,8.68,8.63,0.12,1.3905,2.1103,1709371,14720119.34,2787608250.0,708750000.0
2012-08-13,'002512,达华智能,8.63,8.84,8.63,8.8,8.84,-0.21,-2.3756,1.9715,1596921,13904776.37,2749378194.0,699030000.0
2012-08-10,'002512,达华智能,8.84,9.05,8.72,9.05,8.91,-0.07,-0.7856,2.6878,2177118,19286377.19,2816280792.0,716040000.0
2012-08-09,'002512,达华智能,8.91,8.97,8.71,8.8,8.87,0.04,0.451,2.5733,2084356,18484515.61,2838581658.0,721710000.0
2012-08-08,'002512,达华智能,8.87,9.05,8.73,8.82,8.82,0.05,0.5669,3.1899,2583816,23044684.53,2825838306.0,718470000.0
2012-08-07,'002512,达华智能,8.82,8.94,8.7,8.78,8.83,-0.01,-0.1133,3.5847,2903570,25594866.53,2809909116.0,714420000.0
2012-08-06,'002512,达华智能,8.83,8.9,8.52,8.52,8.66,0.17,1.963,3.5139,2846241,24896969.54,2813094954.0,715230000.0
2012-08-03,'002512,达华智能,8.66,8.67,8.35,8.35,8.46,0.2,2.3641,3.534,2862565,24449380.02,2758935708.0,701460000.0
2012-08-02,'002512,达华智能,8.46,8.55,8.05,8.27,8.28,0.18,2.1739,3.8657,3131243,26237477.93,2695218948.0,685260000.0
2012-08-01,'002512,达华智能,8.28,8.44,8.03,8.1,8.18,0.1,1.2225,2.3418,1896849,15684839.55,2637873864.0,670680000.0
2012-07-31,'002512,达华智能,8.18,8.18,7.85,8.08,8.14,0.04,0.4914,2.1542,1744871,14003177.37,2606015484.0,662580000.0
2012-07-30,'002512,达华智能,8.14,8.34,8.03,8.3,8.34,-0.2,-2.3981,3.3165,2686357,21967550.02,2593272132.0,659340000.0
2012-07-27,'002512,达华智能,8.34,9.13,8.21,8.94,8.85,-0.51,-5.7627,6.1968,5019435,43242380.46,2656988892.0,675540000.0
2012-07-26,'002512,达华智能,8.85,9.1,8.7,8.77,8.9,-0.05,-0.5618,3.1251,2531316,22617349.95,2819466630.0,716850000.0
2012-07-25,'002512,达华智能,8.9,9.24,8.84,8.88,8.62,0.28,3.2483,12.2348,9910149,89345183.86,2835395820.0,720900000.0
2012-07-24,'002512,达华智能,8.62,8.62,7.6,7.71,7.84,0.78,9.949,3.0662,2483594,20890715.97,2746192356.0,698220000.0
2012-07-23,'002512,达华智能,7.84,7.93,7.7,7.93,7.91,-0.07,-0.885,0.962,779242,6072814.95,2497696992.0,635040000.0
2012-07-20,'002512,达华智能,7.91,8.14,7.88,7.97,7.93,-0.02,-0.2522,1.2175,986202,7900010.16,2519997858.0,640710000.0
2012-07-19,'002512,达华智能,7.93,8.08,7.75,7.8,7.84,0.09,1.148,1.4478,1172753,9308917.68,2526369534.0,642330000.0
2012-07-18,'002512,达华智能,7.84,7.9,7.5,7.9,7.9,-0.06,-0.7595,1.6085,1302848,10016814.57,2497696992.0,635040000.0
2012-07-17,'002512,达华智能,7.9,7.94,7.76,7.82,7.82,0.08,1.023,0.8341,675647,5312388.79,2516812020.0,639900000.0
2012-07-16,'002512,达华智能,7.82,8.75,7.82,8.69,8.69,-0.87,-10.0115,2.7893,2259343,18281552.96,2491325316.0,633420000.0
2012-07-13,'002512,达华智能,8.69,8.92,8.65,8.87,8.89,-0.2,-2.2497,0.9135,739967,6503298.03,2768493222.0,703890000.0
2012-07-12,'002512,达华智能,8.89,8.92,8.6,8.73,8.69,0.2,2.3015,1.4497,1174291,10289598.66,2832209982.0,720090000.0
2012-07-11,'002512,达华智能,8.69,8.9,8.6,8.8,8.78,-0.09,-1.0251,0.5622,455354,3973066.37,2768493222.0,703890000.0
2012-07-10,'002512,达华智能,8.78,8.92,8.78,8.82,8.83,-0.05,-0.5663,0.6715,543910,4813089.92,2797165764.0,711180000.0
2012-07-09,'002512,达华智能,8.83,9.23,8.8,9.23,9.24,-0.41,-4.4372,1.3526,1095643,9914628.13,2813094954.0,715230000.0
2012-07-06,'002512,达华智能,9.24,9.3,9.02,9.1,9.05,0.19,2.0994,1.1817,957158,8751895.58,2943714312.0,748440000.0
2012-07-05,'002512,达华智能,9.05,9.19,9.02,9.19,9.25,-0.2,-2.1622,1.2763,1033837,9392243.19,2883183390.0,733050000.0
2012-07-04,'002512,达华智能,9.25,9.46,9.2,9.4,9.37,-0.12,-1.2807,0.8731,707195,6573897.74,2946900150.0,749250000.0
2012-07-03,'002512,达华智能,9.37,9.43,9.21,9.26,9.26,0.11,1.1879,1.4556,1179003,11020227.22,2985130206.0,758970000.0
2012-07-02,'002512,达华智能,9.26,9.35,9.2,9.25,9.17,0.09,0.9815,1.0056,814497,7549970.68,2950085988.0,750060000.0
2012-06-29,'002512,达华智能,9.17,9.23,9.02,9.05,9.02,0.15,1.663,1.2202,988322,9039568.1,2921413446.0,742770000.0
2012-06-28,'002512,达华智能,9.02,9.25,9.01,9.18,9.16,-0.14,-1.5284,1.1576,937670,8563634.16,2873625876.0,730620000.0
2012-06-27,'002512,达华智能,9.16,9.45,9.15,9.22,9.22,-0.06,-0.6508,1.1324,917232,8540553.45,2918227608.0,741960000.0
2012-06-26,'002512,达华智能,9.22,9.34,9.09,9.1,9.21,0.01,0.1086,1.0804,875123,8083533.25,2937342636.0,746820000.0
2012-06-25,'002512,达华智能,9.21,9.51,9.21,9.5,9.54,-0.33,-3.4591,1.3373,1083214,10128065.45,2934156798.0,746010000.0
2012-06-21,'002512,达华智能,9.54,9.85,9.4,9.85,9.88,-0.34,-3.4413,2.105,1705082,16365628.02,3039289452.0,772740000.0
2012-06-20,'002512,达华智能,9.88,9.95,9.66,9.78,9.72,0.16,1.6461,2.955,2393586,23612110.46,3147607944.0,800280000.0
2012-06-19,'002512,达华智能,9.72,9.85,9.65,9.7,9.76,-0.04,-0.4098,1.8298,1482117,14411229.26,3096634536.0,787320000.0
2012-06-18,'002512,达华智能,9.76,9.91,9.49,9.58,9.53,0.23,2.4134,3.0401,2462519,23947869.79,3109377888.0,790560000.0
2012-06-15,'002512,达华智能,9.53,9.59,9.32,9.46,9.36,0.17,1.8162,1.8655,1511055,14324185.23,3036103614.0,771930000.0
2012-06-14,'002512,达华智能,9.36,9.65,9.31,9.5,9.55,-0.19,-1.9895,1.6079,1302421,12351462.77,2981944368.0,758160000.0
2012-06-13,'002512,达华智能,14.42,14.5,14.25,14.25,14.21,0.21,1.4778,1.9028,1027518,14795606.48,3062652264.0,778680000.0
2012-06-12,'002512,达华智能,14.21,14.34,14.0,14.25,14.36,-0.15,-1.0446,2.0689,1117212,15817118.01,3018050532.0,767340000.0
2012-06-11,'002512,达华智能,14.36,14.4,14.07,14.16,14.16,0.2,1.4124,2.5503,1377167,19664057.05,3049908912.0,775440000.0
2012-06-08,'002512,达华智能,14.16,14.65,14.15,14.65,14.41,-0.25,-1.7349,1.806,975250,14025807.32,3007431072.0,764640000.0
2012-06-07,'002512,达华智能,14.41,14.91,14.33,14.85,14.69,-0.28,-1.9061,2.5222,1361986,19940526.25,3060528372.0,778140000.0
2012-06-06,'002512,达华智能,14.69,15.12,14.56,15.0,15.21,-0.52,-3.4188,4.6018,2484946,36778542.38,3119997348.0,793260000.0
2012-06-05,'002512,达华智能,15.21,15.89,14.83,15.35,14.82,0.39,2.6316,6.2975,3400645,52833363.81,3230439732.0,821340000.0
2012-06-04,'002512,达华智能,14.82,15.42,14.8,15.41,15.62,-0.8,-5.1216,2.7365,1477736,22357334.39,3147607944.0,800280000.0
2012-06-01,'002512,达华智能,15.62,15.62,15.3,15.3,15.39,0.23,1.4945,3.5737,1929807,29841772.66,3317519304.0,843480000.0
2012-05-31,'002512,达华智能,15.39,15.52,15.15,15.18,15.23,0.16,1.0506,2.8295,1527945,23489656.73,3268669788.0,831060000.0
2012-05-30,'002512,达华智能,15.23,15.42,15.18,15.29,15.33,-0.1,-0.6523,2.0999,1133949,17365447.88,3234687516.0,822420000.0
2012-05-29,'002512,达华智能,15.33,15.4,15.15,15.15,15.24,0.09,0.5906,3.4338,1854257,28354193.41,3255926436.0,827820000.0
2012-05-28,'002512,达华智能,15.24,15.33,14.83,15.32,15.35,-0.11,-0.7166,2.4948,1347172,20320164.91,3236811408.0,822960000.0
2012-05-25,'002512,达华智能,15.35,15.48,15.0,15.05,15.15,0.2,1.3201,3.9074,2109995,32278396.88,3260174220.0,828900000.0
2012-05-24,'002512,达华智能,15.15,15.15,14.71,14.9,14.91,0.24,1.6097,2.099,1133449,16960388.8,3217696380.0,818100000.0
2012-05-23,'002512,达华智能,14.91,15.25,14.6,15.1,15.18,-0.27,-1.7787,3.6919,1993614,29501769.72,3166722972.0,805140000.0
2012-05-22,'002512,达华智能,15.18,15.22,14.6,14.6,14.66,0.52,3.5471,2.5179,1359659,20388679.75,3224068056.0,819720000.0
2012-05-21,'002512,达华智能,14.66,15.14,14.5,15.08,15.08,-0.42,-2.7851,2.8319,1529199,22594969.42,3113625672.0,791640000.0
2012-05-18,'002512,达华智能,15.08,15.56,15.08,15.55,15.62,-0.54,-3.4571,1.9999,1079961,16496468.84,3202829136.0,814320000.0
2012-05-17,'002512,达华智能,15.62,15.75,15.28,15.39,15.42,0.2,1.297,1.697,916386,14219914.83,3317519304.0,843480000.0
2012-05-16,'002512,达华智能,15.42,15.76,15.42,15.62,15.63,-0.21,-1.3436,1.8733,1011568,15773888.03,3275041464.0,832680000.0
2012-05-15,'002512,达华智能,15.63,15.71,15.15,15.48,15.7,-0.07,-0.4459,2.8517,1539944,23697603.39,3319643196.0,844020000.0
2012-05-14,'002512,达华智能,15.7,15.96,15.62,15.87,15.7,0.0,0.0,2.9556,1596016,25210345.4,3334510440.0,847800000.0
2012-05-11,'002512,达华智能,15.7,16.13,15.7,16.12,16.12,-0.42,-2.6055,2.8818,1556170,24698675.54,3334510440.0,847800000.0
2012-05-10,'002512,达华智能,16.12,16.44,16.03,16.14,16.18,-0.06,-0.3708,2.7454,1482508,24076906.67,3423713904.0,870480000.0
2012-05-09,'002512,达华智能,16.18,16.28,15.8,16.28,16.41,-0.23,-1.4016,4.7361,2557519,40912117.72,3436457256.0,873720000.0
2012-05-08,'002512,达华智能,16.41,16.95,16.4,16.95,16.79,-0.38,-2.2633,5.2397,2829417,47132171.85,3485306772.0,886140000.0
2012-05-07,'002512,达华智能,16.79,16.8,16.05,16.33,16.5,0.29,1.7576,5.307,2865757,46597539.42,3566014668.0,906660000.0
2012-05-04,'002512,达华智能,16.5,17.07,16.38,16.65,16.43,0.07,0.426,8.3875,4529264,75638633.81,3504421800.0,891000000.0
2012-05-03,'002512,达华智能,16.43,16.6,16.0,16.27,16.3,0.13,0.7975,5.6344,3042571,49559670.26,3489554556.0,887220000.0
2012-05-02,'002512,达华智能,16.3,16.3,15.85,15.93,15.83,0.47,2.969,4.5969,2482305,39886325.06,3461943960.0,880200000.0
2012-04-27,'002512,达华智能,15.83,15.94,15.64,15.71,15.73,0.1,0.6357,2.1194,1144457,18081456.94,3362121036.0,854820000.0
2012-04-26,'002512,达华智能,15.73,16.14,15.67,16.08,16.02,-0.29,-1.8102,4.1516,2241872,35516998.58,3340882116.0,849420000.0
2012-04-25,'002512,达华智能,16.02,16.15,15.74,16.1,16.27,-0.25,-1.5366,6.6983,3617093,57719003.28,3402474984.0,865080000.0
2012-04-24,'002512,达华智能,16.27,16.48,15.3,15.5,15.7,0.57,3.6306,11.3692,6139345,98751136.44,3455572284.0,878580000.0
2012-04-23,'002512,达华智能,15.7,15.95,15.1,15.42,15.5,0.2,1.2903,8.7733,4737562,73879637.63,3334510440.0,847800000.0
2012-04-20,'002512,达华智能,15.5,15.58,15.05,15.11,15.1,0.4,2.649,6.2841,3393395,52043965.65,3292032600.0,837000000.0
2012-04-19,'002512,达华智能,0.0,0.0,0.0,0.0,15.1,None,None,0.0,0,0.0,3207076920.0,815400000.0
2012-04-18,'002512,达华智能,15.1,15.19,14.75,14.87,14.79,0.31,2.096,3.7633,2032159,30480290.09,3207076920.0,815400000.0
2012-04-17,'002512,达华智能,14.79,15.24,14.7,14.78,14.75,0.04,0.2712,4.1898,2262497,33887615.53,3141236268.0,798660000.0
2012-04-16,'002512,达华智能,14.75,14.87,14.65,14.87,14.92,-0.17,-1.1394,2.8473,1537542,22666989.82,3132740700.0,796500000.0
2012-04-13,'002512,达华智能,14.92,15.2,14.8,15.15,14.92,0.0,0.0,3.2266,1742342,26054502.69,3168846864.0,805680000.0
2012-04-12,'002512,达华智能,14.92,14.93,14.47,14.47,14.47,0.45,3.1099,4.0737,2199771,32495934.2,3168846864.0,805680000.0
2012-04-11,'002512,达华智能,14.47,14.58,14.09,14.3,14.47,0.0,0.0,2.4629,1329992,19127754.15,3073271724.0,781380000.0
2012-04-10,'002512,达华智能,14.47,14.5,13.78,14.21,14.4,0.07,0.4861,3.5967,1942198,27480676.64,3073271724.0,781380000.0
2012-04-09,'002512,达华智能,14.4,15.1,14.36,14.91,15.09,-0.69,-4.5726,2.4683,1332855,19619649.78,3058404480.0,777600000.0
2012-04-06,'002512,达华智能,15.09,15.33,14.8,15.2,14.99,0.1,0.6671,3.2952,1779386,26843030.81,3204953028.0,814860000.0
2012-04-05,'002512,达华智能,14.99,15.08,14.4,14.6,14.48,0.51,3.5221,2.4513,1323700,19592189.28,3183714108.0,809460000.0
2012-03-30,'002512,达华智能,14.48,15.59,14.22,15.3,15.3,-0.82,-5.3595,3.7961,2049910,30347679.61,3075395616.0,781920000.0
2012-03-29,'002512,达华智能,15.3,15.84,15.05,15.82,15.95,-0.65,-4.0752,3.2141,1735601,26811047.98,3249554760.0,826200000.0
2012-03-28,'002512,达华智能,15.95,16.95,15.59,16.95,16.92,-0.97,-5.7329,6.0693,3277417,52679755.85,3387607740.0,861300000.0
2012-03-27,'002512,达华智能,16.92,17.18,16.6,16.75,16.54,0.38,2.2975,4.7809,2581699,43675911.75,3593625264.0,913680000.0
2012-03-26,'002512,达华智能,16.54,16.63,16.4,16.63,16.45,0.09,0.5471,2.3723,1281061,21135009.87,3512917368.0,893160000.0
2012-03-23,'002512,达华智能,16.45,16.88,16.3,16.71,16.86,-0.41,-2.4318,4.0519,2188034,36176687.72,3493802340.0,888300000.0
2012-03-22,'002512,达华智能,16.86,17.48,16.7,16.8,16.88,-0.02,-0.1185,9.9486,5372245,92138478.98,3580881912.0,910440000.0
2012-03-21,'002512,达华智能,16.88,16.96,16.01,16.22,16.2,0.68,4.1975,8.5506,4617318,76516599.14,3585129696.0,911520000.0
2012-03-20,'002512,达华智能,16.2,16.74,16.14,16.7,16.8,-0.6,-3.5714,5.0322,2717380,44496126.86,3440705040.0,874800000.0
2012-03-19,'002512,达华智能,16.8,16.87,16.41,16.72,16.76,0.04,0.2387,5.007,2703769,44984219.16,3568138560.0,907200000.0
2012-03-16,'002512,达华智能,16.76,16.8,16.03,16.25,16.21,0.55,3.393,6.4356,3475240,57246833.34,3559642992.0,905040000.0
2012-03-15,'002512,达华智能,16.21,16.9,15.85,16.69,16.7,-0.49,-2.9341,7.3681,3978795,65041756.03,3442828932.0,875340000.0
2012-03-14,'002512,达华智能,16.7,18.09,16.2,17.98,17.95,-1.25,-6.9638,13.9565,7536490,129937894.16,3546899640.0,901800000.0
2012-03-13,'002512,达华智能,17.95,18.15,17.72,18.05,18.25,-0.3,-1.6438,9.5819,5174223,92595441.89,3812386140.0,969300000.0
2012-03-12,'002512,达华智能,18.25,18.51,17.3,17.4,17.25,1.0,5.7971,21.0028,11341515,204385610.76,3876102900.0,985500000.0
2012-03-09,'002512,达华智能,17.25,17.35,17.01,17.1,17.0,0.25,1.4706,9.7731,5277495,90853247.48,3663713700.0,931500000.0
2012-03-08,'002512,达华智能,17.0,17.2,16.8,16.93,16.88,0.12,0.7109,7.2946,3939074,66881236.61,3610616400.0,918000000.0
2012-03-07,'002512,达华智能,16.88,17.39,16.61,16.84,17.0,-0.12,-0.7059,12.2964,6640060,113385342.77,3585129696.0,911520000.0
2012-03-06,'002512,达华智能,17.0,17.14,16.6,16.79,16.75,0.25,1.4925,10.2609,5540859,93660549.96,3610616400.0,918000000.0
2012-03-05,'002512,达华智能,16.75,17.15,16.59,17.07,17.05,-0.3,-1.7595,11.024,5952985,100357170.09,3557519100.0,904500000.0
2012-03-02,'002512,达华智能,17.05,17.65,16.66,16.9,17.0,0.05,0.2941,14.7022,7939184,135470876.65,3621235860.0,920700000.0
2012-03-01,'002512,达华智能,17.0,17.9,16.16,16.16,16.35,0.65,3.9755,19.4466,10501180,178746331.46,3610616400.0,918000000.0
2012-02-29,'002512,达华智能,16.35,16.7,15.52,16.7,17.05,-0.7,-4.1056,17.1764,9275230,149845191.91,3472563420.0,882900000.0
2012-02-28,'002512,达华智能,17.05,17.75,16.85,16.88,16.92,0.13,0.7683,21.67,11701814,202017052.67,3621235860.0,920700000.0
2012-02-27,'002512,达华智能,16.92,17.19,16.21,16.36,16.43,0.49,2.9823,19.4059,10479187,175863011.35,3593625264.0,913680000.0
2012-02-24,'002512,达华智能,16.43,16.65,16.19,16.4,16.57,-0.14,-0.8449,12.0984,6533131,107104133.58,3489554556.0,887220000.0
2012-02-23,'002512,达华智能,16.57,17.39,16.35,17.0,16.54,0.03,0.1814,27.1853,14680067,247644518.15,3519289044.0,894780000.0
2012-02-22,'002512,达华智能,16.54,16.54,14.9,14.95,15.04,1.5,9.9734,16.0345,8658656,139281789.09,3512917368.0,893160000.0
2012-02-21,'002512,达华智能,15.04,15.1,14.28,14.62,14.62,0.42,2.8728,7.9399,4287536,63056681.4,3194333568.0,812160000.0
2012-02-20,'002512,达华智能,14.62,15.1,14.58,14.89,14.6,0.02,0.137,6.7926,3667984,54380967.99,3105130104.0,789480000.0
2012-02-17,'002512,达华智能,14.6,15.15,14.38,15.0,15.02,-0.42,-2.7963,8.2079,4432277,65087207.19,3100882320.0,788400000.0
2012-02-16,'002512,达华智能,15.02,15.42,14.66,14.71,14.91,0.11,0.7378,12.3312,6658849,100591568.72,3190085784.0,811080000.0
2012-02-15,'002512,达华智能,14.91,15.29,14.61,14.69,14.5,0.41,2.8276,13.976,7547015,113199834.84,3166722972.0,805140000.0
2012-02-14,'002512,达华智能,14.5,14.7,14.35,14.7,14.72,-0.22,-1.4946,7.4153,4004239,58114499.79,3079643400.0,783000000.0
2012-02-13,'002512,达华智能,14.72,14.88,13.94,14.0,14.13,0.59,4.1755,11.9412,6448271,93531633.67,3126369024.0,794880000.0
2012-02-10,'002512,达华智能,14.13,14.34,13.93,14.01,14.15,-0.02,-0.1413,6.419,3466279,48947123.57,3001059396.0,763020000.0
2012-02-09,'002512,达华智能,14.15,14.59,14.01,14.09,14.18,-0.03,-0.2116,11.0369,5959921,85043036.42,3005307180.0,764100000.0
2012-02-08,'002512,达华智能,14.18,14.35,13.48,13.55,13.62,0.56,4.1116,9.9176,5355502,74705455.78,3011678856.0,765720000.0
2012-02-07,'002512,达华智能,13.62,14.15,13.53,13.71,13.89,-0.27,-1.9438,8.4411,4558214,63240803.45,2892740904.0,735480000.0
2012-02-06,'002512,达华智能,13.89,14.03,13.66,13.98,13.98,-0.09,-0.6438,6.5068,3513679,48565558.34,2950085988.0,750060000.0
2012-02-03,'002512,达华智能,13.98,14.09,13.62,13.7,13.78,0.2,1.4514,8.981,4849752,67244402.04,2969201016.0,754920000.0
2012-02-02,'002512,达华智能,13.78,13.8,13.28,13.38,13.33,0.45,3.3758,7.8326,4229592,57557470.84,2926723176.0,744120000.0
2012-02-01,'002512,达华智能,13.33,13.65,12.85,13.04,13.12,0.21,1.6006,7.2912,3937253,52704896.39,2831148036.0,719820000.0
2012-01-31,'002512,达华智能,13.12,13.12,12.58,13.0,13.06,0.06,0.4594,2.8093,1517025,19513687.18,2786546304.0,708480000.0
2012-01-30,'002512,达华智能,13.06,13.49,12.88,13.27,13.27,-0.21,-1.5825,3.2263,1742214,22914072.6,2773802952.0,705240000.0
2012-01-20,'002512,达华智能,13.27,13.62,13.06,13.06,13.07,0.2,1.5302,4.6618,2517372,33662871.47,2818404684.0,716580000.0
2012-01-19,'002512,达华智能,13.07,13.16,12.63,12.82,13.01,0.06,0.4612,4.8549,2621642,33946572.07,2775926844.0,705780000.0
2012-01-18,'002512,达华智能,13.01,13.71,13.01,13.5,13.61,-0.6,-4.4085,7.2909,3937087,52753602.94,2763183492.0,702540000.0
2012-01-17,'002512,达华智能,13.61,13.8,12.5,12.56,12.7,0.91,7.1654,8.4842,4581492,61132197.49,2890617012.0,734940000.0
2012-01-16,'002512,达华智能,12.7,12.9,12.22,12.31,12.62,0.08,0.6339,4.623,2496437,31478530.64,2697342840.0,685800000.0
2012-01-13,'002512,达华智能,12.62,13.92,12.6,13.85,13.87,-1.25,-9.0123,8.8702,4789897,63147228.14,2680351704.0,681480000.0
2012-01-12,'002512,达华智能,13.87,14.07,13.64,13.8,14.1,-0.23,-1.6312,10.0062,5403328,74881869.45,2945838204.0,748980000.0
2012-01-11,'002512,达华智能,14.1,14.87,13.3,13.5,13.52,0.58,4.2899,16.5495,8936745,128609707.02,2994687720.0,761400000.0
2012-01-10,'002512,达华智能,13.52,13.77,12.81,12.81,12.95,0.57,4.4015,7.9558,4296136,57633059.13,2871501984.0,730080000.0
2012-01-09,'002512,达华智能,12.95,12.99,12.16,12.37,12.46,0.49,3.9326,5.5589,3001798,38188407.93,2750440140.0,699300000.0
2012-01-06,'002512,达华智能,12.46,12.6,11.75,12.03,11.99,0.47,3.9199,4.5833,2474971,30042831.17,2646369432.0,672840000.0
2012-01-05,'002512,达华智能,11.99,12.65,11.87,12.5,12.81,-0.82,-6.4012,6.422,3467889,42684986.95,2546546508.0,647460000.0
2012-01-04,'002512,达华智能,12.81,13.97,12.76,13.91,13.78,-0.97,-7.0392,4.5822,2474414,33541671.29,2720705652.0,691740000.0
2011-12-30,'002512,达华智能,13.78,13.97,13.68,13.72,13.6,0.18,1.3235,3.6211,1955380,27007480.01,2926723176.0,744120000.0
2011-12-29,'002512,达华智能,13.6,13.98,13.5,13.78,13.91,-0.31,-2.2286,4.2216,2279672,31447891.41,2888493120.0,734400000.0
2011-12-28,'002512,达华智能,13.91,13.92,13.35,13.4,13.58,0.33,2.43,4.1789,2256629,30898464.29,2954333772.0,751140000.0
2011-12-27,'002512,达华智能,13.58,14.31,13.58,14.31,14.47,-0.89,-6.1507,5.7849,3123827,43234912.63,2884245336.0,733320000.0
2011-12-26,'002512,达华智能,14.47,15.08,14.46,14.88,14.7,-0.23,-1.5646,4.8736,2631765,38957339.58,3073271724.0,781380000.0
2011-12-23,'002512,达华智能,14.7,15.1,14.4,14.4,14.7,0.0,0.0,5.5932,3020315,44720112.38,3122121240.0,793800000.0
2011-12-22,'002512,达华智能,14.7,15.21,14.03,15.1,15.54,-0.84,-5.4054,10.2942,5558881,81445154.73,3122121240.0,793800000.0
2011-12-21,'002512,达华智能,15.54,16.66,15.5,16.49,16.28,-0.74,-4.5455,8.2229,4440343,71989671.95,3300528168.0,839160000.0
2011-12-20,'002512,达华智能,16.28,16.85,16.16,16.5,16.74,-0.46,-2.7479,9.3203,5032938,82797938.27,3457696176.0,879120000.0
2011-12-19,'002512,达华智能,16.74,16.8,15.85,16.1,16.38,0.36,2.1978,10.2965,5560127,90328724.23,3555395208.0,903960000.0
2011-12-16,'002512,达华智能,16.38,16.38,15.32,15.32,15.44,0.94,6.0881,8.7501,4725041,75036431.28,3478935096.0,884520000.0
2011-12-15,'002512,达华智能,15.44,16.17,15.3,15.4,15.62,-0.18,-1.1524,7.5155,4058364,63950598.73,3279289248.0,833760000.0
2011-12-14,'002512,达华智能,15.62,16.08,15.46,15.68,15.6,0.02,0.1282,6.6745,3604242,56886128.23,3317519304.0,843480000.0
2011-12-13,'002512,达华智能,15.6,16.3,15.4,16.17,16.48,-0.88,-5.3398,8.0607,4352790,68445247.42,3313271520.0,842400000.0
2011-12-12,'002512,达华智能,16.48,17.39,16.35,17.22,17.46,-0.98,-5.6128,6.7123,3624663,61539110.0,3500174016.0,889920000.0
2011-12-09,'002512,达华智能,17.46,18.16,17.42,17.51,17.73,-0.27,-1.5228,8.8151,4760151,84329673.69,3708315432.0,942840000.0
2011-12-08,'002512,达华智能,17.73,18.19,16.95,17.37,17.65,0.08,0.4533,11.3237,6114816,108187731.49,3765660516.0,957420000.0
2011-12-07,'002512,达华智能,17.65,17.78,16.84,17.15,17.26,0.39,2.2596,9.7446,5262081,91215140.88,3748669380.0,953100000.0
2011-12-06,'002512,达华智能,17.26,17.4,16.51,16.6,16.71,0.55,3.2914,7.5041,4052214,68974174.88,3665837592.0,932040000.0
2011-12-05,'002512,达华智能,16.71,17.36,16.57,17.36,17.4,-0.69,-3.9655,4.5562,2460340,41403844.22,3549023532.0,902340000.0
2011-12-02,'002512,达华智能,17.4,17.65,16.6,17.0,17.18,0.22,1.2806,8.7783,4740265,81486685.26,3695572080.0,939600000.0
2011-12-01,'002512,达华智能,17.18,17.98,17.14,17.8,17.25,-0.07,-0.4058,10.8988,5885342,103621612.59,3648846456.0,927720000.0
2011-11-30,'002512,达华智能,17.25,19.08,17.25,19.0,19.17,-1.92,-10.0156,11.4594,6188097,110621967.17,3663713700.0,931500000.0
2011-11-29,'002512,达华智能,19.17,19.2,18.68,19.1,18.77,0.4,2.1311,8.0161,4328690,82198725.9,4071500964.0,1035180000.0
2011-11-28,'002512,达华智能,18.77,18.99,18.35,18.99,18.63,0.14,0.7515,6.0261,3254081,60668342.86,3986545284.0,1013580000.0
2011-11-25,'002512,达华智能,18.63,19.48,18.5,19.36,19.57,-0.94,-4.8033,9.3053,5024851,95513240.45,3956810796.0,1006020000.0
2011-11-24,'002512,达华智能,19.57,19.87,18.68,18.8,19.14,0.43,2.2466,11.2295,6063905,117473014.5,4156456644.0,1056780000.0
2011-11-23,'002512,达华智能,19.14,19.7,18.6,19.1,19.1,0.04,0.2094,11.6298,6280074,119954016.63,4065129288.0,1033560000.0
2011-11-22,'002512,达华智能,0.0,0.0,0.0,0.0,19.1,None,None,0.0,0,0.0,4056633720.0,1031400000.0
2011-11-21,'002512,达华智能,19.1,19.65,18.65,19.29,19.33,-0.23,-1.1899,9.6468,5209268,99663705.65,4056633720.0,1031400000.0
2011-11-18,'002512,达华智能,19.33,20.3,19.15,20.3,20.57,-1.24,-6.0282,13.914,7513551,147072156.11,4105483236.0,1043820000.0
2011-11-17,'002512,达华智能,20.57,21.05,19.85,20.18,20.02,0.55,2.7473,17.0037,9181988,188231983.54,4368845844.0,1110780000.0
2011-11-16,'002512,达华智能,20.02,21.19,19.8,21.18,21.2,-1.18,-5.566,16.3064,8805431,180668177.12,4252031784.0,1081080000.0
2011-11-15,'002512,达华智能,21.2,21.6,20.54,20.81,20.98,0.22,1.0486,16.7074,9022002,190372910.21,4502651040.0,1144800000.0
2011-11-14,'002512,达华智能,20.98,21.15,20.33,20.7,20.48,0.5,2.4414,20.1424,10876879,226266638.65,4455925416.0,1132920000.0
2011-11-11,'002512,达华智能,20.48,21.17,19.96,20.84,20.9,-0.42,-2.0096,24.5694,13267481,273170023.47,4349730816.0,1105920000.0
2011-11-10,'002512,达华智能,20.9,22.57,20.9,21.88,21.84,-0.94,-4.304,42.5897,22998416,501625999.04,4438934280.0,1128600000.0
2011-11-09,'002512,达华智能,21.84,21.84,19.66,19.95,19.85,1.99,10.0252,40.0382,21620621,449168489.62,4638580128.0,1179360000.0
2011-11-08,'002512,达华智能,19.85,20.79,19.73,20.73,20.45,-0.6,-2.934,18.1005,9774266,196808297.9,4215925620.0,1071900000.0
2011-11-07,'002512,达华智能,20.45,20.98,20.3,20.88,21.0,-0.55,-2.619,22.138,11954496,245935918.57,4343359140.0,1104300000.0
2011-11-04,'002512,达华智能,21.0,21.35,19.84,20.14,19.49,1.51,7.7476,53.233,28745814,590048844.14,4460173200.0,1134000000.0
2011-11-03,'002512,达华智能,19.49,19.49,19.49,19.49,17.72,1.77,9.9887,6.2855,3394162,66152217.38,4139465508.0,1052460000.0
2011-11-02,'002512,达华智能,17.72,17.72,15.52,15.7,16.11,1.61,9.9938,15.4889,8364007,144087134.16,3763536624.0,956880000.0
2011-11-01,'002512,达华智能,16.11,16.43,15.81,16.1,16.3,-0.19,-1.1656,7.1107,3839758,61825549.97,3421590012.0,869940000.0
2011-10-31,'002512,达华智能,16.3,16.4,15.96,16.3,16.19,0.11,0.6794,7.3694,3979477,64369409.28,3461943960.0,880200000.0
2011-10-28,'002512,达华智能,16.19,16.4,15.85,16.38,16.05,0.14,0.8723,8.7327,4715642,76014654.82,3438581148.0,874260000.0
2011-10-27,'002512,达华智能,16.05,16.46,15.52,15.74,15.68,0.37,2.3597,11.2359,6067410,97416158.84,3408846660.0,866700000.0
2011-10-26,'002512,达华智能,15.68,15.92,15.32,15.48,15.58,0.1,0.6418,6.8225,3684168,57669876.2,3330262656.0,846720000.0
2011-10-25,'002512,达华智能,15.58,15.94,15.09,15.09,15.09,0.49,3.2472,6.4843,3501504,54386288.35,3309023736.0,841320000.0
2011-10-24,'002512,达华智能,15.09,15.2,13.51,13.99,13.91,1.18,8.4831,3.8023,2053261,29462117.65,3204953028.0,814860000.0
2011-10-21,'002512,达华智能,13.91,14.69,13.9,14.31,14.31,-0.4,-2.7952,2.3168,1251049,17917219.72,2954333772.0,751140000.0
2011-10-20,'002512,达华智能,14.31,14.9,14.14,14.9,14.9,-0.59,-3.9597,3.1705,1712062,24573946.29,3039289452.0,772740000.0
2011-10-19,'002512,达华智能,14.9,16.1,14.73,15.51,15.45,-0.55,-3.5599,5.7293,3093804,47740107.64,3164599080.0,804600000.0
2011-10-18,'002512,达华智能,15.45,16.17,15.28,15.69,15.86,-0.41,-2.5851,8.9938,4856652,77264876.98,3281413140.0,834300000.0
2011-10-17,'002512,达华智能,15.86,15.89,15.19,15.37,15.3,0.56,3.6601,5.7727,3117238,48531741.67,3368492712.0,856440000.0
2011-10-14,'002512,达华智能,15.3,15.58,15.08,15.33,15.45,-0.15,-0.9709,3.6963,1996022,30446542.08,3249554760.0,826200000.0
2011-10-13,'002512,达华智能,15.45,15.48,14.4,14.53,14.56,0.89,6.1126,6.0163,3248795,48932309.45,3281413140.0,834300000.0
2011-10-12,'002512,达华智能,14.56,14.59,13.4,13.7,13.72,0.84,6.1224,3.6033,1945777,27694706.34,3092386752.0,786240000.0
2011-10-11,'002512,达华智能,13.72,14.2,13.43,13.99,13.58,0.14,1.0309,2.706,1461228,20219342.83,2913979824.0,740880000.0
2011-10-10,'002512,达华智能,13.58,13.96,13.37,13.96,13.79,-0.21,-1.5228,2.219,1198263,16258962.02,2884245336.0,733320000.0
2011-09-30,'002512,达华智能,0.0,0.0,0.0,0.0,13.79,None,None,0.0,0,0.0,2928847068.0,744660000.0
2011-09-29,'002512,达华智能,13.79,15.0,13.78,15.0,15.3,-1.51,-9.8693,5.8062,3135355,44545147.66,2928847068.0,744660000.0
2011-09-28,'002512,达华智能,15.3,16.37,15.3,15.66,15.62,-0.32,-2.0487,7.3451,3966354,63088871.87,3249554760.0,826200000.0
2011-09-27,'002512,达华智能,15.62,15.62,15.11,15.33,15.29,0.33,2.1583,3.8511,2079576,32094328.29,3317519304.0,843480000.0
2011-09-26,'002512,达华智能,15.29,15.77,15.1,15.51,15.77,-0.48,-3.0438,4.2055,2270952,35028153.03,3247430868.0,825660000.0
2011-09-23,'002512,达华智能,15.77,15.77,14.9,15.35,15.65,0.12,0.7668,5.9005,3186294,48673974.15,3349377684.0,851580000.0
2011-09-22,'002512,达华智能,15.65,16.14,15.62,15.99,16.22,-0.57,-3.5142,6.2444,3371959,53639898.55,3323890980.0,845100000.0
2011-09-21,'002512,达华智能,16.22,16.28,15.4,15.52,15.79,0.43,2.7232,11.0222,5951989,94750259.14,3444952824.0,875880000.0
2011-09-20,'002512,达华智能,15.79,16.2,14.65,14.65,14.88,0.91,6.1156,10.8652,5867221,91204546.45,3353625468.0,852660000.0
2011-09-19,'002512,达华智能,14.88,15.82,14.88,15.35,15.51,-0.63,-4.0619,8.5783,4632301,71501493.15,3160351296.0,803520000.0
2011-09-16,'002512,达华智能,15.51,15.64,15.12,15.37,15.4,0.11,0.7143,7.3972,3994496,61355826.43,3294156492.0,837540000.0
2011-09-15,'002512,达华智能,15.4,15.45,15.03,15.29,15.32,0.08,0.5222,9.8206,5303148,80855280.99,3270793680.0,831600000.0
2011-09-14,'002512,达华智能,15.32,15.39,14.7,14.96,14.58,0.74,5.0754,12.7192,6868361,103721426.6,3253802544.0,827280000.0
2011-09-13,'002512,达华智能,14.58,14.58,13.13,13.28,13.25,1.33,10.0377,4.1327,2231682,31599957.5,3096634536.0,787320000.0
2011-09-09,'002512,达华智能,13.25,13.73,13.23,13.54,13.52,-0.27,-1.997,0.8139,439520,5900701.46,2814156900.0,715500000.0
2011-09-08,'002512,达华智能,13.52,13.98,13.52,13.97,13.79,-0.27,-1.9579,0.6416,346480,4765860.0,2871501984.0,730080000.0
2011-09-07,'002512,达华智能,13.79,13.85,13.48,13.5,13.47,0.32,2.3756,0.8542,461294,6318780.46,2928847068.0,744660000.0
2011-09-06,'002512,达华智能,13.47,13.75,13.41,13.44,13.68,-0.21,-1.5351,0.6245,337218,4569757.58,2860882524.0,727380000.0
2011-09-05,'002512,达华智能,13.68,14.1,13.66,14.08,14.08,-0.4,-2.8409,0.8514,459732,6321056.72,2905484256.0,738720000.0
2011-09-02,'002512,达华智能,14.08,14.61,14.01,14.44,14.49,-0.41,-2.8295,1.2385,668789,9532021.77,2990439936.0,760320000.0
2011-09-01,'002512,达华智能,14.49,14.75,14.42,14.58,14.58,-0.09,-0.6173,0.5778,312020,4557540.42,3077519508.0,782460000.0
2011-08-31,'002512,达华智能,14.58,14.85,14.28,14.65,14.79,-0.21,-1.4199,1.1613,627099,9126144.58,3096634536.0,787320000.0
2011-08-30,'002512,达华智能,14.79,15.15,14.69,14.98,14.91,-0.12,-0.8048,1.7141,925604,13794682.4,3141236268.0,798660000.0
2011-08-29,'002512,达华智能,14.91,15.3,14.9,15.15,15.14,-0.23,-1.5192,1.4452,780386,11726055.02,3166722972.0,805140000.0
2011-08-26,'002512,达华智能,15.14,15.36,15.08,15.24,15.26,-0.12,-0.7864,1.6071,867832,13166302.4,3215572488.0,817560000.0
2011-08-25,'002512,达华智能,15.26,15.27,14.99,15.21,15.25,0.01,0.0656,2.6117,1410321,21355382.09,3241059192.0,824040000.0
2011-08-24,'002512,达华智能,15.25,15.3,14.96,15.11,15.04,0.21,1.3963,3.1036,1675926,25357907.28,3238935300.0,823500000.0
2011-08-23,'002512,达华智能,15.04,15.37,14.8,14.8,14.71,0.33,2.2434,2.404,1298152,19540616.07,3194333568.0,812160000.0
2011-08-22,'002512,达华智能,14.71,15.08,14.65,14.8,14.84,-0.13,-0.876,2.5011,1350612,20050005.29,3124245132.0,794340000.0
2011-08-19,'002512,达华智能,14.84,14.91,14.1,14.25,14.35,0.49,3.4146,4.2009,2268473,33334263.78,3151855728.0,801360000.0
2011-08-18,'002512,达华智能,14.35,14.73,14.33,14.66,14.6,-0.25,-1.7123,0.9376,506299,7352147.41,3047785020.0,774900000.0
2011-08-17,'002512,达华智能,14.6,14.69,14.46,14.59,14.5,0.1,0.6897,1.026,554050,8081028.16,3100882320.0,788400000.0
2011-08-16,'002512,达华智能,14.5,14.79,14.41,14.75,14.63,-0.13,-0.8886,1.1936,644565,9378576.8,3079643400.0,783000000.0
2011-08-15,'002512,达华智能,14.63,14.7,14.4,14.65,14.4,0.23,1.5972,1.5381,830560,12098103.42,3107253996.0,790020000.0
2011-08-12,'002512,达华智能,14.4,14.46,14.09,14.09,14.07,0.33,2.3454,1.6491,890496,12767924.97,3058404480.0,777600000.0
2011-08-11,'002512,达华智能,14.07,14.15,13.4,13.58,13.93,0.14,1.005,1.6389,884994,12245665.95,2988316044.0,759780000.0
2011-08-10,'002512,达华智能,13.93,14.29,13.87,13.96,13.65,0.28,2.0513,1.4928,806115,11300600.12,2958581556.0,752220000.0
2011-08-09,'002512,达华智能,13.65,13.86,13.11,13.6,14.1,-0.45,-3.1915,2.0828,1124696,15258881.75,2899112580.0,737100000.0
2011-08-08,'002512,达华智能,14.1,15.18,13.73,15.01,15.26,-1.16,-7.6016,2.639,1425077,20509208.85,2994687720.0,761400000.0
2011-08-05,'002512,达华智能,15.26,15.49,15.08,15.2,15.77,-0.51,-3.234,1.3508,729429,11151592.93,3241059192.0,824040000.0
2011-08-04,'002512,达华智能,15.77,15.95,15.68,15.78,15.87,-0.1,-0.6301,1.5275,824863,13023484.33,3349377684.0,851580000.0
2011-08-03,'002512,达华智能,15.87,16.33,15.15,15.15,15.38,0.49,3.186,2.6099,1409354,22288220.63,3370616604.0,856980000.0
2011-08-02,'002512,达华智能,15.38,15.59,15.02,15.47,15.6,-0.22,-1.4103,1.5392,831192,12608856.35,3266545896.0,830520000.0
2011-08-01,'002512,达华智能,15.6,15.7,15.5,15.5,15.55,0.05,0.3215,1.3699,739736,11555788.03,3313271520.0,842400000.0
2011-07-29,'002512,达华智能,15.55,15.78,15.34,15.4,15.4,0.15,0.974,1.4417,778506,12092187.52,3302652060.0,839700000.0
2011-07-28,'002512,达华智能,15.4,15.47,15.28,15.43,15.6,-0.2,-1.2821,1.2018,648989,9973546.76,3270793680.0,831600000.0
2011-07-27,'002512,达华智能,15.6,15.68,15.34,15.4,15.5,0.1,0.6452,1.3019,703020,10909725.87,3313271520.0,842400000.0
2011-07-26,'002512,达华智能,15.5,15.58,15.1,15.25,15.25,0.25,1.6393,1.4882,803654,12345005.6,3292032600.0,837000000.0
2011-07-25,'002512,达华智能,15.25,16.14,15.21,16.14,16.14,-0.89,-5.5143,2.952,1594100,24720849.29,3238935300.0,823500000.0
2011-07-22,'002512,达华智能,16.14,16.39,16.08,16.13,16.09,0.05,0.3108,1.2641,682598,11046756.44,3427961688.0,871560000.0
2011-07-21,'002512,达华智能,16.09,16.5,16.06,16.5,16.52,-0.43,-2.6029,2.7029,1459542,23597622.52,3417342228.0,868860000.0
2011-07-20,'002512,达华智能,16.52,17.2,16.3,17.08,16.93,-0.41,-2.4217,4.5447,2454111,40790154.16,3508669584.0,892080000.0
2011-07-19,'002512,达华智能,16.93,17.3,16.61,16.71,16.77,0.16,0.9541,7.8969,4264302,72401426.91,3595749156.0,914220000.0
2011-07-18,'002512,达华智能,16.77,17.0,16.4,16.5,16.34,0.43,2.6316,7.9285,4281414,71752623.68,3561766884.0,905580000.0
2011-07-15,'002512,达华智能,16.34,16.55,16.02,16.08,16.15,0.19,1.1765,4.2567,2298595,37543988.17,3470439528.0,882360000.0
2011-07-14,'002512,达华智能,16.15,16.17,15.75,15.95,15.89,0.26,1.6362,2.6264,1418263,22607671.71,3430085580.0,872100000.0
2011-07-13,'002512,达华智能,15.89,15.91,15.54,15.54,15.54,0.35,2.2523,1.9946,1077097,16996492.83,3374864388.0,858060000.0
2011-07-12,'002512,达华智能,15.54,16.05,15.51,16.05,16.11,-0.57,-3.5382,2.6964,1456058,22863164.43,3300528168.0,839160000.0
2011-07-11,'002512,达华智能,16.11,16.17,15.79,15.9,15.89,0.22,1.3845,2.3142,1249676,19989175.96,3421590012.0,869940000.0
2011-07-08,'002512,达华智能,15.89,16.29,15.78,16.01,16.16,-0.27,-1.6708,3.1535,1702879,27151109.85,3374864388.0,858060000.0
2011-07-07,'002512,达华智能,16.16,16.59,16.02,16.23,16.33,-0.17,-1.041,4.2139,2275530,37135964.77,3432209472.0,872640000.0
2011-07-06,'002512,达华智能,16.33,16.65,16.2,16.44,16.44,-0.11,-0.6691,5.2243,2821143,46162612.03,3468315636.0,881820000.0
2011-07-05,'002512,达华智能,16.44,16.48,15.65,15.77,15.6,0.84,5.3846,7.3468,3967279,63765635.26,3491678448.0,887760000.0
2011-07-04,'002512,达华智能,15.6,15.7,15.35,15.35,15.5,0.1,0.6452,3.55,1916981,29781981.18,3313271520.0,842400000.0
2011-07-01,'002512,达华智能,15.5,15.97,15.21,15.56,15.55,-0.05,-0.3215,4.1743,2254132,35005376.53,3292032600.0,837000000.0
2011-06-30,'002512,达华智能,15.55,15.8,15.3,15.61,15.55,0.0,0.0,3.5999,1943956,30096931.46,3302652060.0,839700000.0
2011-06-29,'002512,达华智能,15.55,15.65,15.1,15.1,15.26,0.29,1.9004,4.4438,2399633,37062619.27,3302652060.0,839700000.0
2011-06-28,'002512,达华智能,27.75,27.75,26.91,27.27,27.27,0.48,1.7602,3.2365,970940,26616070.43,3274333500.0,832500000.0
2011-06-27,'002512,达华智能,27.27,27.45,26.65,27.1,26.92,0.35,1.3001,2.0447,613418,16675344.72,3217696380.0,818100000.0
2011-06-24,'002512,达华智能,26.92,27.28,26.08,26.3,26.67,0.25,0.9374,2.7685,830537,22168485.02,3176398480.0,807600000.0
2011-06-23,'002512,达华智能,26.67,27.21,25.0,25.08,24.91,1.76,7.0654,4.0711,1221335,32147960.41,3146899980.0,800100000.0
2011-06-22,'002512,达华智能,24.91,24.96,24.49,24.89,24.95,-0.04,-0.1603,0.62,185991,4599755.69,2939230540.0,747300000.0
2011-06-21,'002512,达华智能,24.95,25.0,24.28,24.28,24.39,0.56,2.296,0.7376,221293,5446728.38,2943950300.0,748500000.0
2011-06-20,'002512,达华智能,24.39,25.0,24.2,25.0,25.0,-0.61,-2.44,0.9921,297629,7255856.23,2877873660.0,731700000.0
2011-06-17,'002512,达华智能,25.0,25.19,24.86,24.91,25.04,-0.04,-0.1597,0.6889,206655,5167800.53,2949850000.0,750000000.0
2011-06-16,'002512,达华智能,25.04,25.58,24.94,25.37,25.62,-0.58,-2.2639,0.9439,283178,7139402.53,2954569760.0,751200000.0
2011-06-15,'002512,达华智能,25.62,26.06,25.5,25.95,25.95,-0.33,-1.2717,0.6506,195166,5044790.23,3023006280.0,768600000.0
2011-06-14,'002512,达华智能,25.95,26.03,25.28,25.28,25.38,0.57,2.2459,0.7915,237446,6129558.01,3061944300.0,778500000.0
2011-06-13,'002512,达华智能,25.38,25.55,25.15,25.55,25.6,-0.22,-0.8594,0.7164,214920,5430128.52,2994687720.0,761400000.0
2011-06-10,'002512,达华智能,25.6,26.07,25.4,25.89,25.89,-0.29,-1.1201,0.847,254089,6499999.33,3020646400.0,768000000.0
2011-06-09,'002512,达华智能,25.89,26.36,25.81,26.36,26.29,-0.4,-1.5215,0.6077,182314,4740614.36,3054864660.0,776700000.0
2011-06-08,'002512,达华智能,26.29,26.31,25.85,26.3,26.23,0.06,0.2287,0.7829,234883,6125583.94,3102062260.0,788700000.0
2011-06-07,'002512,达华智能,26.23,26.37,26.13,26.13,26.12,0.11,0.4211,0.5218,156531,4107438.0,3094982620.0,786900000.0
2011-06-03,'002512,达华智能,26.12,26.22,25.68,25.74,25.68,0.44,1.7134,0.6731,201942,5254096.66,3082003280.0,783600000.0
2011-06-02,'002512,达华智能,25.68,26.14,25.41,26.01,26.52,-0.84,-3.1674,1.1152,334549,8610969.56,3030085920.0,770400000.0
2011-06-01,'002512,达华智能,26.52,26.56,26.11,26.4,26.3,0.22,0.8365,0.7258,217733,5750866.05,3129200880.0,795600000.0
2011-05-31,'002512,达华智能,26.3,26.45,25.88,26.0,26.02,0.28,1.0761,0.6231,186917,4883414.44,3103242200.0,789000000.0
2011-05-30,'002512,达华智能,26.02,27.28,26.0,27.28,27.16,-1.14,-4.1973,1.1681,350436,9301328.9,3070203880.0,780600000.0
2011-05-27,'002512,达华智能,27.16,27.5,27.06,27.18,27.19,-0.03,-0.1103,0.5166,154976,4220233.19,3204717040.0,814800000.0
2011-05-26,'002512,达华智能,27.19,27.89,27.18,27.3,27.18,0.01,0.0368,0.6467,193999,5312290.87,3208256860.0,815700000.0
2011-05-25,'002512,达华智能,27.18,27.97,27.13,27.9,27.8,-0.62,-2.2302,0.6581,197422,5421084.05,3207076920.0,815400000.0
2011-05-24,'002512,达华智能,27.8,28.02,27.02,27.32,27.32,0.48,1.757,0.9031,270926,7454222.77,3280233200.0,834000000.0
2011-05-23,'002512,达华智能,27.32,28.79,27.29,28.4,28.61,-1.29,-4.5089,1.9242,577246,16067475.51,3223596080.0,819600000.0
2011-05-20,'002512,达华智能,28.61,29.31,28.36,29.3,29.34,-0.73,-2.4881,1.4839,445165,12796829.21,3375808340.0,858300000.0
2011-05-19,'002512,达华智能,0.0,0.0,0.0,0.0,29.34,None,None,0.0,0,0.0,3461943960.0,880200000.0
2011-05-18,'002512,达华智能,29.34,29.4,28.79,28.85,29.03,0.31,1.0679,1.0109,303278,8865440.38,3461943960.0,880200000.0
2011-05-17,'002512,达华智能,29.03,29.47,28.62,29.0,29.05,-0.02,-0.0688,1.3481,404421,11765986.5,3425365820.0,870900000.0
2011-05-16,'002512,达华智能,29.05,29.67,29.05,29.15,29.05,0.0,0.0,1.4971,449122,13202833.73,3427725700.0,871500000.0
2011-05-13,'002512,达华智能,29.05,29.25,28.65,29.2,29.25,-0.2,-0.6838,1.388,416408,12024329.62,3427725700.0,871500000.0
2011-05-12,'002512,达华智能,29.25,29.7,29.08,29.13,29.28,-0.03,-0.1025,1.4259,427770,12573619.48,3451324500.0,877500000.0
2011-05-11,'002512,达华智能,29.28,29.8,28.8,29.8,29.8,-0.52,-1.745,1.8847,565404,16506135.8,3454864320.0,878400000.0
2011-05-10,'002512,达华智能,29.8,29.98,29.4,29.96,29.86,-0.06,-0.2009,1.36,408014,12096338.73,3516221200.0,894000000.0
2011-05-09,'002512,达华智能,29.86,30.22,29.11,29.28,29.3,0.56,1.9113,2.3041,691226,20686816.64,3523300840.0,895800000.0
2011-05-06,'002512,达华智能,29.3,29.37,28.2,28.58,28.59,0.71,2.4834,1.5065,451960,13134433.01,3457224200.0,879000000.0
2011-05-05,'002512,达华智能,28.59,28.79,28.24,28.4,28.4,0.19,0.669,0.7572,227162,6496478.78,3373448460.0,857700000.0
2011-05-04,'002512,达华智能,28.4,29.17,28.2,29.11,29.26,-0.86,-2.9392,1.03,309001,8853826.81,3351029600.0,852000000.0
2011-05-03,'002512,达华智能,29.26,29.26,28.32,28.39,28.94,0.32,1.1057,1.0806,324186,9366238.08,3452504440.0,877800000.0
2011-04-29,'002512,达华智能,28.94,29.28,28.28,29.28,28.16,0.78,2.7699,1.0632,318952,9202176.69,3414746360.0,868200000.0
2011-04-28,'002512,达华智能,28.16,28.93,28.01,28.55,28.55,-0.39,-1.366,1.5036,451072,12874028.91,3322711040.0,844800000.0
2011-04-27,'002512,达华智能,28.55,29.48,28.02,29.48,29.24,-0.69,-2.3598,2.2449,673475,19364458.6,3368728700.0,856500000.0
2011-04-26,'002512,达华智能,29.24,30.13,28.65,29.81,29.81,-0.57,-1.9121,2.8592,857767,25057583.55,3450144560.0,877200000.0
2011-04-25,'002512,达华智能,29.81,30.99,29.5,30.68,30.7,-0.89,-2.899,2.7837,835104,25272824.63,3517401140.0,894300000.0
2011-04-22,'002512,达华智能,30.7,31.42,30.4,31.4,31.33,-0.63,-2.0109,3.6256,1087688,33373686.8,3622415800.0,921000000.0
2011-04-21,'002512,达华智能,31.33,31.7,30.29,30.32,29.88,1.45,4.8527,6.2387,1871622,58269911.19,3696752020.0,939900000.0
2011-04-20,'002512,达华智能,29.88,30.2,29.62,29.62,29.76,0.12,0.4032,2.7989,839657,25144125.55,3525660720.0,896400000.0
2011-04-19,'002512,达华智能,29.76,30.75,29.38,30.55,30.95,-1.19,-3.8449,8.2885,2486557,74077103.33,3511501440.0,892800000.0
2011-04-18,'002512,达华智能,30.95,33.19,30.8,31.9,31.97,-1.02,-3.1905,12.0371,3611128,115905552.53,3651914300.0,928500000.0
2011-04-15,'002512,达华智能,31.97,32.39,31.41,32.26,32.25,-0.28,-0.8682,9.9678,2990350,95390324.4,3772268180.0,959100000.0
2011-04-14,'002512,达华智能,32.25,32.3,30.78,30.78,30.77,1.48,4.8099,15.3742,4612261,146937597.02,3805306500.0,967500000.0
2011-04-13,'002512,达华智能,30.77,31.05,29.06,29.32,29.3,1.47,5.0171,8.0956,2428692,73855530.53,3630675380.0,923100000.0
2011-04-12,'002512,达华智能,29.3,30.11,29.29,29.78,29.7,-0.4,-1.3468,3.3937,1018121,30119957.06,3457224200.0,879000000.0
2011-04-11,'002512,达华智能,29.7,29.81,28.84,29.26,29.24,0.46,1.5732,4.285,1285512,37704619.25,3504421800.0,891000000.0
2011-04-08,'002512,达华智能,29.24,29.52,29.0,29.02,29.1,0.14,0.4811,1.8712,561374,16451899.66,3450144560.0,877200000.0
2011-04-07,'002512,达华智能,29.1,29.68,28.9,29.5,29.31,-0.21,-0.7165,2.819,845708,24688562.15,3433625400.0,873000000.0
2011-04-06,'002512,达华智能,29.31,30.08,29.22,29.58,29.58,-0.27,-0.9128,6.1499,1844969,54715458.05,3458404140.0,879300000.0
2011-04-01,'002512,达华智能,29.58,29.58,28.32,28.6,28.6,0.98,3.4266,7.0773,2123187,61832708.31,3490262520.0,887400000.0
2011-03-31,'002512,达华智能,28.6,28.78,27.88,27.99,27.98,0.62,2.2159,4.1118,1233544,35105756.15,3374628400.0,858000000.0
2011-03-30,'002512,达华智能,27.98,28.29,27.58,27.86,27.82,0.16,0.5751,2.1835,655046,18349843.26,3301472120.0,839400000.0
2011-03-29,'002512,达华智能,27.82,28.9,27.58,28.85,28.58,-0.76,-2.6592,3.1434,943016,26478141.18,3282593080.0,834600000.0
2011-03-28,'002512,达华智能,28.58,29.1,28.5,28.97,28.97,-0.39,-1.3462,2.0998,629939,18108736.02,3372268520.0,857400000.0
2011-03-25,'002512,达华智能,28.97,29.13,28.78,29.0,28.91,0.06,0.2075,1.2071,362129,10493076.81,3418286180.0,869100000.0
2011-03-24,'002512,达华智能,28.91,29.25,28.88,28.88,28.88,0.03,0.1039,1.7921,537630,15615483.23,3411206540.0,867300000.0
2011-03-23,'002512,达华智能,28.88,29.18,28.52,28.67,28.63,0.25,0.8732,1.9135,574043,16576240.44,3407666720.0,866400000.0
2011-03-22,'002512,达华智能,28.63,29.0,28.24,28.83,28.83,-0.2,-0.6937,2.3978,719341,20498078.42,3378168220.0,858900000.0
2011-03-21,'002512,达华智能,28.83,29.49,28.68,29.47,29.46,-0.63,-2.1385,2.8188,845632,24575301.94,3401767020.0,864900000.0
2011-03-18,'002512,达华智能,29.46,29.61,28.99,29.3,29.19,0.27,0.925,2.0103,603086,17694672.56,3476103240.0,883800000.0
2011-03-17,'002512,达华智能,29.19,29.9,29.11,29.81,29.97,-0.78,-2.6026,2.9517,885520,26074530.66,3444244860.0,875700000.0
2011-03-16,'002512,达华智能,29.97,30.1,29.52,29.88,29.6,0.37,1.25,2.8013,840387,25163206.47,3536280180.0,899100000.0
2011-03-15,'002512,达华智能,29.6,30.15,29.4,30.13,30.09,-0.49,-1.6284,3.7277,1118318,33169679.44,3492622400.0,888000000.0
2011-03-14,'002512,达华智能,30.09,30.25,29.7,29.78,29.78,0.31,1.041,3.3489,1004672,30139679.99,3550439460.0,902700000.0
2011-03-11,'002512,达华智能,29.78,30.25,29.7,29.88,29.79,-0.01,-0.0336,4.0835,1225048,36711608.29,3513861320.0,893400000.0
2011-03-10,'002512,达华智能,29.79,30.12,29.61,29.88,29.9,-0.11,-0.3679,3.9984,1199526,35811398.19,3515041260.0,893700000.0
2011-03-09,'002512,达华智能,29.9,29.94,29.51,29.68,29.66,0.24,0.8092,3.9887,1196618,35588301.94,3528020600.0,897000000.0
2011-03-08,'002512,达华智能,29.66,29.75,29.2,29.75,29.66,0.0,0.0,3.4155,1024656,30181166.11,3499702040.0,889800000.0
2011-03-07,'002512,达华智能,29.66,29.7,29.25,29.4,29.45,0.21,0.7131,5.2618,1578542,46588441.71,3499702040.0,889800000.0
2011-03-04,'002512,达华智能,29.45,29.85,29.16,29.55,29.51,-0.06,-0.2033,3.7147,1114411,32781216.33,3474923300.0,883500000.0
2011-03-03,'002512,达华智能,29.51,31.55,29.51,31.55,31.71,-2.2,-6.9379,7.8391,2351719,71504887.04,3482002940.0,885300000.0
2011-03-02,'002512,达华智能,31.71,32.1,31.45,32.1,32.19,-0.48,-1.4911,2.8866,692776,21941540.45,3741589740.0,761040000.0
2011-03-01,'002512,达华智能,32.19,32.39,31.8,32.0,32.1,0.09,0.2804,3.9051,937226,30100801.57,3798226860.0,772560000.0
2011-02-28,'002512,达华智能,32.1,32.16,31.4,31.95,32.05,0.05,0.156,4.5808,1099393,34853474.66,3787607400.0,770400000.0
2011-02-25,'002512,达华智能,32.05,32.46,30.9,31.7,31.23,0.82,2.6257,5.2011,1248271,39778844.37,3781707700.0,769200000.0
2011-02-24,'002512,达华智能,31.23,31.27,30.72,30.96,31.1,0.13,0.418,2.2716,545192,16882254.51,3684952620.0,749520000.0
2011-02-23,'002512,达华智能,31.1,31.3,30.58,30.58,30.97,0.13,0.4198,1.9352,464438,14374232.84,3669613400.0,746400000.0
2011-02-22,'002512,达华智能,30.97,32.48,30.9,31.93,31.94,-0.97,-3.0369,3.845,922792,29023063.98,3654274180.0,743280000.0
2011-02-21,'002512,达华智能,31.94,32.1,31.13,31.6,31.65,0.29,0.9163,3.362,806879,25482042.47,3768728360.0,766560000.0
2011-02-18,'002512,达华智能,31.65,32.12,30.85,30.85,31.16,0.49,1.5725,4.8449,1162784,36797614.24,3734510100.0,759600000.0
2011-02-17,'002512,达华智能,31.16,31.28,30.78,30.93,30.9,0.26,0.8414,3.187,764885,23726033.8,3676693040.0,747840000.0
2011-02-16,'002512,达华智能,30.9,30.91,30.16,30.16,30.4,0.5,1.6447,2.5461,611066,18732363.42,3646014600.0,741600000.0
2011-02-15,'002512,达华智能,30.4,31.1,30.4,30.9,30.89,-0.49,-1.5863,3.2838,788120,24240209.45,3587017600.0,729600000.0
2011-02-14,'002512,达华智能,30.89,31.0,30.25,30.3,30.2,0.69,2.2848,3.2693,784624,24107698.0,3644834660.0,741360000.0
2011-02-11,'002512,达华智能,30.2,30.5,29.9,29.97,29.94,0.26,0.8684,2.8535,684844,20638551.39,3563418800.0,724800000.0
2011-02-10,'002512,达华智能,29.94,29.98,28.45,28.51,28.88,1.06,3.6704,2.6047,625136,18437541.1,3532740360.0,718560000.0
2011-02-09,'002512,达华智能,28.88,29.54,28.4,29.02,29.42,-0.54,-1.8355,1.7672,424117,12243849.54,3407666720.0,693120000.0
2011-02-01,'002512,达华智能,29.42,29.59,29.2,29.48,29.57,-0.15,-0.5073,1.4793,355021,10427717.93,3471383480.0,706080000.0
2011-01-31,'002512,达华智能,29.57,29.75,29.08,29.71,29.83,-0.26,-0.8716,2.3354,560493,16464088.14,3489082580.0,709680000.0
2011-01-28,'002512,达华智能,29.83,29.86,29.5,29.8,29.8,0.03,0.1007,1.5734,377609,11200586.98,3519761020.0,715920000.0
2011-01-27,'002512,达华智能,29.8,30.05,29.13,29.44,29.64,0.16,0.5398,1.8802,451238,13402999.99,3516221200.0,715200000.0
2011-01-26,'002512,达华智能,29.64,30.3,29.0,29.1,29.1,0.54,1.8557,2.4029,576685,17177951.32,3497342160.0,711360000.0
2011-01-25,'002512,达华智能,29.1,29.1,28.11,28.47,28.59,0.51,1.7838,1.8435,442434,12656571.48,3433625400.0,698400000.0
2011-01-24,'002512,达华智能,28.59,28.98,27.89,28.61,28.55,0.04,0.1401,1.8811,451475,12889364.4,3373448460.0,686160000.0
2011-01-21,'002512,达华智能,28.55,29.07,28.08,28.3,28.38,0.17,0.599,1.9783,474789,13593595.79,3368728700.0,685200000.0
2011-01-20,'002512,达华智能,28.38,30.19,28.38,30.19,30.2,-1.82,-6.0265,3.4096,818309,23838833.09,3348669720.0,681120000.0
2011-01-19,'002512,达华智能,30.2,30.21,29.7,29.95,29.85,0.35,1.1725,1.692,406086,12194420.16,3563418800.0,724800000.0
2011-01-18,'002512,达华智能,29.85,29.99,29.25,29.36,29.6,0.25,0.8446,1.9867,476818,14196349.54,3522120900.0,716400000.0
2011-01-17,'002512,达华智能,29.6,31.2,29.24,30.85,31.0,-1.4,-4.5161,4.1862,1004691,30168074.5,3492622400.0,710400000.0
2011-01-14,'002512,达华智能,31.0,33.3,30.79,33.3,33.3,-2.3,-6.9069,6.4849,1556384,49279540.01,3657814000.0,744000000.0
2011-01-13,'002512,达华智能,33.3,34.19,33.2,34.02,34.02,-0.72,-2.1164,2.4705,592928,19894331.35,3929200200.0,799200000.0
2011-01-12,'002512,达华智能,34.02,34.29,33.61,34.15,34.02,0.0,0.0,1.6368,392835,13317417.85,4014155880.0,816480000.0
2011-01-11,'002512,达华智能,34.02,34.02,33.18,33.18,33.55,0.47,1.4009,2.59,621591,20906437.35,4014155880.0,816480000.0
2011-01-10,'002512,达华智能,33.55,34.28,33.33,34.0,34.21,-0.66,-1.9293,4.0051,961225,32373223.64,3958698700.0,805200000.0
2011-01-07,'002512,达华智能,34.21,35.28,34.0,34.49,34.6,-0.39,-1.1272,4.0526,972620,33647651.23,4036574740.0,821040000.0
2011-01-06,'002512,达华智能,34.6,35.64,34.48,35.5,35.58,-0.98,-2.7544,5.2462,1259088,43752240.53,4082592400.0,830400000.0
2011-01-05,'002512,达华智能,35.58,36.45,35.5,36.0,36.25,-0.67,-1.8483,4.9038,1176917,42350972.53,4198226520.0,853920000.0
2011-01-04,'002512,达华智能,36.25,36.35,35.19,35.8,35.5,0.75,2.1127,5.5043,1321038,47182938.98,4277282500.0,870000000.0
2010-12-31,'002512,达华智能,35.5,35.57,35.0,35.02,35.14,0.36,1.0245,3.763,903119,31989059.03,4188787000.0,852000000.0
2010-12-30,'002512,达华智能,35.14,35.76,35.01,35.4,35.46,-0.32,-0.9024,4.1658,999790,35348586.13,4146309160.0,843360000.0
2010-12-29,'002512,达华智能,35.46,35.5,34.08,34.08,34.05,1.41,4.141,4.9566,1189590,41572623.32,4184067240.0,851040000.0
2010-12-28,'002512,达华智能,34.05,34.59,33.4,33.5,33.85,0.2,0.5908,3.6138,867306,29642310.71,4017695700.0,817200000.0
2010-12-27,'002512,达华智能,33.85,35.48,33.14,34.8,34.98,-1.13,-3.2304,4.9115,1178754,40837634.96,3994096900.0,812400000.0
2010-12-24,'002512,达华智能,34.98,35.1,33.55,34.96,35.3,-0.32,-0.9065,6.79,1629611,55823853.39,4127430120.0,839520000.0
2010-12-23,'002512,达华智能,35.3,37.1,35.23,36.51,36.63,-1.33,-3.6309,7.2473,1739350,63152774.26,4165188200.0,847200000.0
2010-12-22,'002512,达华智能,36.63,37.85,36.61,37.8,37.7,-1.07,-2.8382,8.5653,2055677,76126421.53,4322120220.0,879120000.0
2010-12-21,'002512,达华智能,37.7,38.38,37.41,37.96,38.04,-0.34,-0.8938,8.2527,1980637,74844292.38,4448373800.0,904800000.0
2010-12-20,'002512,达华智能,38.04,38.5,36.62,37.31,37.18,0.86,2.3131,15.9885,3837229,144494212.55,4488491760.0,912960000.0
2010-12-17,'002512,达华智能,37.18,37.25,36.6,36.8,36.86,0.32,0.8681,8.9102,2138455,78944598.56,4387016920.0,892320000.0
2010-12-16,'002512,达华智能,36.86,37.29,35.8,35.88,35.86,1.0,2.7886,11.4854,2756489,101096275.75,4349258840.0,884640000.0
2010-12-15,'002512,达华智能,35.86,37.18,35.85,36.58,36.98,-1.12,-3.0287,12.035,2888393,105542347.33,4231264840.0,860640000.0
2010-12-14,'002512,达华智能,36.98,37.78,35.6,35.82,35.58,1.4,3.9348,19.5254,4686091,172890185.41,4363418120.0,887520000.0
2010-12-13,'002512,达华智能,35.58,36.14,34.31,34.31,34.55,1.03,2.9812,17.9758,4314188,152611506.46,4198226520.0,853920000.0
2010-12-10,'002512,达华智能,34.55,34.88,32.83,33.07,33.51,1.04,3.1036,14.9973,3599342,122353846.69,4076692700.0,829200000.0
2010-12-09,'002512,达华智能,33.51,35.19,33.5,35.11,35.88,-2.37,-6.6054,18.5735,4457629,152606333.11,3953978940.0,804240000.0
2010-12-08,'002512,达华智能,35.88,37.5,35.61,35.95,36.38,-0.5,-1.3744,19.0311,4567468,165988750.17,4233624720.0,861120000.0
2010-12-07,'002512,达华智能,36.38,36.93,35.07,36.18,38.72,-2.34,-6.0434,30.1986,7247653,260276588.72,4292621720.0,873120000.0
2010-12-06,'002512,达华智能,38.72,40.88,38.72,40.88,43.02,-4.3,-9.9954,30.3477,7283458,284544644.85,4568727680.0,929280000.0
2010-12-03,'002512,N达华,43.02,48.5,43.01,46.0,26.0,17.02,65.4615,80.9027,19416658,886163495.45,5076101880.0,1032480000.0
2010-11-22,'002512,达华智能,0.0,0.0,0.0,0.0,26.0,None,None,0.0,0,0.0,2287844000.0,0.0
